MO1
250 1305.95141
1
0 6393.061269999999 8490.781341400001 733885.4721295129 0.006551980972290039
1 2375.79614 7857.474138400001 1105024.1428979083 0.011950016021728516
2 1688.19079 6524.946816499999 4192464.2283764393 0.016762971878051758
3 1403.1997299999994 5069.759740400001 5096484.954464655 0.021160125732421875
4 1385.378 4008.9951530999997 5168414.456887223 0.025454998016357422
5 1385.378 3329.2849118999998 4101302.5270151403 0.029649019241333008
6 1379.65443 2561.0822287 2448619.5371117815 0.03373408317565918
7 1379.65443 2314.0704907 2105314.5876194336 0.037757158279418945
8 1348.3229000000001 2077.4778582 1722392.9745425964 0.04179120063781738
9 1348.3229000000001 1895.0879762 1328139.1972853635 0.04604005813598633
10 1348.3229000000001 1779.5493423 1073584.6063216901 0.05008196830749512
11 1339.5009799999998 1667.1170297999997 836085.3742823967 0.054003238677978516
12 1339.5009799999998 1557.0449838000004 533574.0776038573 0.057862043380737305
13 1339.5009799999998 1484.4292703 388948.94205964415 0.06223893165588379
14 1324.7927800000002 1404.9737172 35677.80619324758 0.06621408462524414
15 1324.7927800000002 1380.4787372 17114.82676415121 0.07023191452026367
16 1324.7927800000002 1358.4049749 7292.82928967455 0.07439303398132324
17 1324.7927800000002 1360.5155907999997 6810.033483740907 0.07857704162597656
18 1324.7927800000002 1356.7591882999998 7036.724314436434 0.08263587951660156
19 1324.7927800000002 1358.2507831999997 8065.595520502974 0.08646798133850098
20 1305.9514100000001 1357.446898 7191.087426520076 0.09051299095153809
21 1305.9514100000001 1355.6607459 8864.216735649665 0.0948629379272461
22 1305.9514100000001 1342.2253042999998 2916.5111901522346 0.09891796112060547
23 1305.9514100000001 1341.5320611999996 3663.8114705014755 0.10281705856323242
24 1305.9514100000001 1336.2022877999998 2491.2597323107566 0.10677123069763184
25 1305.9514100000001 1336.4773108999998 2571.090000591537 0.11072993278503418
26 1305.9514100000001 1335.5547241 2515.9608005244595 0.1146690845489502
27 1305.9514100000001 1334.7553662999999 2276.7929197499807 0.11864900588989258
28 1305.9514100000001 1331.0814787999998 2086.8186831544404 0.1228032112121582
29 1305.9514100000001 1329.3679405999999 2181.7314295704964 0.12668108940124512
30 1305.9514100000001 1324.9177611999999 1859.6666035478418 0.130601167678833
31 1305.9514100000001 1323.6323885999998 1488.3080703855717 0.13455700874328613
32 1305.9514100000001 1323.2985174999997 1363.3345023729948 0.13837790489196777
33 1305.9514100000001 1321.1257316999995 1444.4565619977504 0.14218997955322266
34 1305.9514100000001 1319.1054551999996 1272.1220028409202 0.14609289169311523
35 1305.9514100000001 1315.9301433999997 827.7887058898544 0.1501610279083252
36 1305.9514100000001 1318.1230342999997 1062.12992509478 0.15413212776184082
37 1305.9514100000001 1318.7278382999998 993.4386726683879 0.15808606147766113
38 1305.9514100000001 1324.5837501999997 1710.6614044641278 0.16205310821533203
39 1305.9514100000001 1327.0752520999997 1677.2521105058208 0.16601204872131348
40 1305.9514100000001 1320.8214865999998 2002.3040880915341 0.1698760986328125
41 1305.9514100000001 1322.5091325999997 2014.5593945071657 0.17376303672790527
42 1305.9514100000001 1329.8262905 2468.3898514900147 0.1777050495147705
43 1305.9514100000001 1328.2448181 2045.6129209248363 0.18160295486450195
44 1305.9514100000001 1324.7959018999995 1705.2033297291346 0.18544912338256836
45 1305.9514100000001 1321.0543244999997 1303.1218152956465 0.18937206268310547
46 1305.9514100000001 1322.2161450999995 1465.9689180993018 0.19324517250061035
47 1305.9514100000001 1321.8297687999998 1381.2114948418136 0.19727802276611328
48 1305.9514100000001 1320.6604691999999 1641.80517944628 0.20150399208068848
49 1305.9514100000001 1320.3107194 1630.0639320668156 0.2057960033416748
50 1305.9514100000001 1319.3943086999998 1164.2094714649936 0.20975208282470703
51 1305.9514100000001 1320.5222233999998 1219.6076573143112 0.2136380672454834
52 1305.9514100000001 1320.2482295999998 1671.0319569369385 0.21748900413513184
53 1305.9514100000001 1323.8123670999996 1769.9374777669896 0.22136807441711426
54 1305.9514100000001 1325.5619205999997 2439.6096895187634 0.2251889705657959
55 1305.9514100000001 1322.8533716999998 2281.944618915022 0.2290050983428955
56 1305.9514100000001 1324.2828296999996 1657.741527696695 0.2330160140991211
57 1305.9514100000001 1321.9102082999996 1490.0017208924712 0.23696613311767578
58 1305.9514100000001 1321.9457422999997 1349.1367279052613 0.24088406562805176
59 1305.9514100000001 1327.6038744 1987.1509219564423 0.24466395378112793
60 1305.9514100000001 1325.0119628 1801.3508930660253 0.24849510192871094
61 1305.9514100000001 1321.8952501999997 1317.4915382139393 0.25241804122924805
62 1305.9514100000001 1322.1703167 1426.5420945745345 0.25637388229370117
63 1305.9514100000001 1322.0051191999999 1475.1104233798824 0.26023221015930176
64 1305.9514100000001 1324.4661621999999 1585.1205359531389 0.26402902603149414
65 1305.9514100000001 1332.0023766000002 2214.1818253623264 0.2679421901702881
66 1305.9514100000001 1324.8948874999999 2057.048089351291 0.2720201015472412
67 1305.9514100000001 1323.6971785999997 2034.887005196903 0.2759511470794678
68 1305.9514100000001 1322.0458913999996 1809.3825536557156 0.2797980308532715
69 1305.9514100000001 1320.0614203999999 1699.1836019229447 0.2836780548095703
70 1305.9514100000001 1325.5376664999997 1988.4938048789816 0.28748297691345215
71 1305.9514100000001 1326.0714433999997 1971.1367612883612 0.29134202003479004
72 1305.9514100000001 1325.5999981999996 2244.901823101473 0.2951619625091553
73 1305.9514100000001 1325.5333643999998 1482.1631708137968 0.2990000247955322
74 1305.9514100000001 1325.0068395 1682.4469236574864 0.30278491973876953
75 1305.9514100000001 1320.9762937999997 1643.6025478574343 0.3066730499267578
76 1305.9514100000001 1318.7995967999998 1574.421436815254 0.3106729984283447
77 1305.9514100000001 1320.1910841999998 1603.0744708949244 0.3144841194152832
78 1305.9514100000001 1316.1770447999997 854.9826895534311 0.31832408905029297
79 1305.9514100000001 1324.5364952999998 2269.0882634560135 0.3221008777618408
80 1305.9514100000001 1325.1532231999997 2147.9480549871 0.32592201232910156
81 1305.9514100000001 1324.7260314999999 2207.8019055192804 0.32985901832580566
82 1305.9514100000001 1323.610908 2180.760329822151 0.33382487297058105
83 1305.9514100000001 1323.3661024999997 1520.497130226715 0.33782100677490234
84 1305.9514100000001 1322.8313231 1344.9732352839035 0.3418548107147217
85 1305.9514100000001 1319.7307363999996 1111.3748480911083 0.3459029197692871
86 1305.9514100000001 1323.1041248999995 1630.440333353703 0.3501110076904297
87 1305.9514100000001 1317.8959394999995 1026.158157460745 0.3540041446685791
88 1305.9514100000001 1319.2419822999998 1152.278759500078 0.3578500747680664
89 1305.9514100000001 1324.7252935 1964.494815207681 0.3618590831756592
90 1305.9514100000001 1319.8345719 1521.4356153619105 0.3659088611602783
91 1305.9514100000001 1321.4801295999998 1616.2339153189791 0.3699181079864502
92 1305.9514100000001 1322.9574858999997 1651.4764552366853 0.3737449645996094
93 1305.9514100000001 1320.9192902999996 1532.6552443137855 0.37760400772094727
94 1305.9514100000001 1318.2785933999996 1368.998761895678 0.3814690113067627
95 1305.9514100000001 1317.6507741999997 1272.4429986818786 0.38567590713500977
96 1305.9514100000001 1323.3794126999999 1950.0908835728117 0.3895909786224365
97 1305.9514100000001 1326.9865774999998 2206.504750345651 0.3934051990509033
98 1305.9514100000001 1322.7033055 1479.4694003573957 0.39730095863342285
99 1305.9514100000001 1323.7107764999998 1538.729796534664 0.4012598991394043
100 1305.9514100000001 1320.3903581999996 1392.9753099980765 0.40513086318969727
101 1305.9514100000001 1319.0729989999995 1339.7361640454665 0.408984899520874
102 1305.9514100000001 1320.6054378 1571.5070873170637 0.41286206245422363
103 1305.9514100000001 1321.9916304999997 1622.4222840759728 0.41685009002685547
104 1305.9514100000001 1319.9434577999998 1404.4393814665652 0.4207777976989746
105 1305.9514100000001 1320.5865623999996 1425.3028588843588 0.42481398582458496
106 1305.9514100000001 1321.1636281999997 1951.6948074642007 0.42881298065185547
107 1305.9514100000001 1315.8518104999996 931.9966804124919 0.43272900581359863
108 1305.9514100000001 1311.9199680999996 563.331852279426 0.4365379810333252
109 1305.9514100000001 1316.6626767999996 983.9147793145592 0.44036293029785156
110 1305.9514100000001 1319.2429109999998 1258.8154101403159 0.44425415992736816
111 1305.9514100000001 1320.4005117999998 1449.0833978438263 0.44827795028686523
112 1305.9514100000001 1317.2363139 852.4194071951196 0.452146053314209
113 1305.9514100000001 1317.9142507 892.8545504982785 0.4561340808868408
114 1305.9514100000001 1320.3602892 1189.444400013108 0.4602370262145996
115 1305.9514100000001 1325.4701974000002 2003.343518996201 0.46419405937194824
116 1305.9514100000001 1323.7848532 2004.4561223238297 0.4680328369140625
117 1305.9514100000001 1325.4539940999998 2036.072289669249 0.47193408012390137
118 1305.9514100000001 1328.4743484 2680.965380012452 0.47578001022338867
119 1305.9514100000001 1328.148199 2447.800664123634 0.4795827865600586
120 1305.9514100000001 1324.5318412 2233.7288350378376 0.48346805572509766
121 1305.9514100000001 1322.9811965999997 1831.3385117525042 0.4873161315917969
122 1305.9514100000001 1320.9601775999995 1586.3322878767951 0.4910922050476074
123 1305.9514100000001 1320.4941559999997 1429.0707656619954 0.49502086639404297
124 1305.9514100000001 1324.4155817 1727.0018685308594 0.49892711639404297
125 1305.9514100000001 1324.4957858 1616.6755705549467 0.5027182102203369
126 1305.9514100000001 1324.2567875999998 1808.7957695588045 0.5065360069274902
127 1305.9514100000001 1322.1642685999998 1617.6810246537043 0.5103929042816162
128 1305.9514100000001 1322.2327035999997 1247.1540478507866 0.514240026473999
129 1305.9514100000001 1325.0487114 2012.5172121668386 0.5180690288543701
130 1305.9514100000001 1324.2147513999998 1888.8084606725886 0.5219600200653076
131 1305.9514100000001 1324.1942966 1877.090475690288 0.5257279872894287
132 1305.9514100000001 1328.5509133 2383.1021506173474 0.5295798778533936
133 1305.9514100000001 1322.8411083999995 1600.4258121755981 0.5337769985198975
134 1305.9514100000001 1322.7834132999997 1816.9772554073738 0.537653923034668
135 1305.9514100000001 1319.7722580999998 1531.3704725809466 0.5415651798248291
136 1305.9514100000001 1322.3109119999997 1807.7424966338806 0.5454330444335938
137 1305.9514100000001 1320.7927381999998 1621.0577170221875 0.5493559837341309
138 1305.9514100000001 1322.0988145999997 1749.1690788110084 0.5532240867614746
139 1305.9514100000001 1325.9144132 2155.4859129185875 0.5570690631866455
140 1305.9514100000001 1320.4804798999996 1553.6125788806048 0.5608842372894287
141 1305.9514100000001 1319.9093344999999 1429.7837387736706 0.5646779537200928
142 1305.9514100000001 1313.6219481999997 753.9996129354456 0.5685479640960693
143 1305.9514100000001 1317.7036672999998 1076.8898327563222 0.5727059841156006
144 1305.9514100000001 1316.1039248999996 994.6255369568676 0.5766592025756836
145 1305.9514100000001 1324.1976268999997 1820.2638569667006 0.5805799961090088
146 1305.9514100000001 1318.519903 1482.3453082931435 0.5845010280609131
147 1305.9514100000001 1325.6048409999996 2143.5748245993905 0.5883710384368896
148 1305.9514100000001 1325.2007843999997 2521.4982245823103 0.5922620296478271
149 1305.9514100000001 1317.9129715999995 1261.600491284866 0.5962018966674805
150 1305.9514100000001 1323.8551248 1732.442754978057 0.5999951362609863
151 1305.9514100000001 1318.8662833999997 1048.5171444533746 0.6037890911102295
152 1305.9514100000001 1324.5101556 1645.0723004817235 0.6077191829681396
153 1305.9514100000001 1325.0005626000002 2084.3350861812314 0.611687183380127
154 1305.9514100000001 1322.7290449999998 1586.6543962779833 0.6156351566314697
155 1305.9514100000001 1327.9140324999998 2556.4963329411203 0.6194961071014404
156 1305.9514100000001 1328.119344 3444.7042734745646 0.6233160495758057
157 1305.9514100000001 1326.3505853000001 3679.7365931981967 0.6271970272064209
158 1305.9514100000001 1319.7330109999998 1721.1069400894737 0.6310520172119141
159 1305.9514100000001 1325.0454444999998 2169.5064743374664 0.6348950862884521
160 1305.9514100000001 1323.2712155 1862.6823386925182 0.6387660503387451
161 1305.9514100000001 1320.2299841999995 1245.943808673811 0.6426301002502441
162 1305.9514100000001 1324.7604322999998 2132.255990705081 0.646651029586792
163 1305.9514100000001 1320.2799215999996 1719.078531970973 0.6505839824676514
164 1305.9514100000001 1323.4045519 2098.8022875051056 0.6545231342315674
165 1305.9514100000001 1319.1828954999996 1435.5213792903278 0.6584739685058594
166 1305.9514100000001 1320.1325017999998 1580.3827890879575 0.6623930931091309
167 1305.9514100000001 1323.7771811999999 1527.3741436526768 0.6662261486053467
168 1305.9514100000001 1324.0229873 1472.8878572603762 0.6700949668884277
169 1305.9514100000001 1323.0443853 1244.0154988415745 0.6740078926086426
170 1305.9514100000001 1320.6131905999998 1124.7650142853727 0.6778700351715088
171 1305.9514100000001 1322.2674118999996 1597.1565045541065 0.6817288398742676
172 1305.9514100000001 1324.3677001999997 2021.6134003058569 0.6856911182403564
173 1305.9514100000001 1326.2009428 2317.607050783184 0.6895689964294434
174 1305.9514100000001 1320.3716774999996 1650.6514346644017 0.6934561729431152
175 1305.9514100000001 1319.3059521999996 1447.1540077102172 0.6972110271453857
176 1305.9514100000001 1317.2783203999995 1558.4778325489374 0.7009780406951904
177 1305.9514100000001 1320.0481269999998 2273.7264650811794 0.704848051071167
178 1305.9514100000001 1319.6427530999997 2178.7524674904575 0.7086019515991211
179 1305.9514100000001 1322.3024245999998 2198.5640024753257 0.7124011516571045
180 1305.9514100000001 1321.4327793999996 1477.9694915700013 0.7162489891052246
181 1305.9514100000001 1325.8839841 1973.0108212301848 0.7201981544494629
182 1305.9514100000001 1321.7162997999997 1819.412612987148 0.7242279052734375
183 1305.9514100000001 1321.6261279999997 1935.7231219355506 0.7280440330505371
184 1305.9514100000001 1314.2337034999996 646.6877908814355 0.7319130897521973
185 1305.9514100000001 1316.4327529 964.181069936424 0.7357180118560791
186 1305.9514100000001 1317.7790521999998 1253.5106159913785 0.7395281791687012
187 1305.9514100000001 1316.6554048999997 745.2822294183576 0.7433929443359375
188 1305.9514100000001 1315.7320023999998 720.1966653452381 0.7472858428955078
189 1305.9514100000001 1317.2239283999995 1098.3303041473318 0.7510850429534912
190 1305.9514100000001 1325.6143101 2003.6080205872845 0.754925012588501
191 1305.9514100000001 1328.5535897999998 2208.119711524436 0.7589311599731445
192 1305.9514100000001 1327.4944954 2405.1884039935517 0.7628440856933594
193 1305.9514100000001 1322.4658767999997 1804.3241937927332 0.7666909694671631
194 1305.9514100000001 1320.8584284999995 1477.2854986019001 0.7705650329589844
195 1305.9514100000001 1322.5544604999998 2309.033415627855 0.7744259834289551
196 1305.9514100000001 1330.8403389999999 4713.221934800994 0.7783160209655762
197 1305.9514100000001 1323.3483742999995 1452.24794929892 0.7821857929229736
198 1305.9514100000001 1321.8668466999995 1234.459407554668 0.7860209941864014
199 1305.9514100000001 1322.5244603999997 1402.6206041814087 0.7898299694061279
200 1305.9514100000001 1326.9320282999997 1640.5967602251214 0.7936789989471436
201 1305.9514100000001 1326.6677124999999 2000.6099148544288 0.7977561950683594
202 1305.9514100000001 1321.0583399999998 1286.6893004192968 0.8018028736114502
203 1305.9514100000001 1324.9499841 2128.7515823251015 0.8057420253753662
204 1305.9514100000001 1316.3179112999997 975.3526047645208 0.8097271919250488
205 1305.9514100000001 1315.3445072999996 802.7957976267129 0.8137481212615967
206 1305.9514100000001 1323.1391565999998 2089.284994090065 0.8178768157958984
207 1305.9514100000001 1319.2694986999998 1974.2709641938723 0.8219828605651855
208 1305.9514100000001 1316.6574168999996 1537.311795968967 0.825904130935669
209 1305.9514100000001 1317.8631848999999 1203.99200176056 0.8299129009246826
210 1305.9514100000001 1321.8193728999997 1337.662465931916 0.8340380191802979
211 1305.9514100000001 1328.2678689 2018.7247081176677 0.8379590511322021
212 1305.9514100000001 1330.3531262 2486.217626368337 0.8417069911956787
213 1305.9514100000001 1325.9668279 1875.46241032946 0.8456370830535889
214 1305.9514100000001 1322.0117074999998 1570.8623466381846 0.8496308326721191
215 1305.9514100000001 1318.1378792999997 1316.0175818879513 0.8537068367004395
216 1305.9514100000001 1322.3465021999996 1518.5091342429907 0.8575870990753174
217 1305.9514100000001 1320.8872898999998 1408.1843606483599 0.8613998889923096
218 1305.9514100000001 1320.1429071999996 1272.6306356086297 0.8652441501617432
219 1305.9514100000001 1320.0700541999997 1704.5690317964368 0.8690578937530518
220 1305.9514100000001 1318.5206147999997 1233.2754750077045 0.8728759288787842
221 1305.9514100000001 1320.7656561999997 1717.3680189161287 0.8766839504241943
222 1305.9514100000001 1325.0366084 2189.964238840891 0.8805480003356934
223 1305.9514100000001 1316.0449209999997 1006.7596493353653 0.8843340873718262
224 1305.9514100000001 1316.5048035999996 991.4192688821938 0.8882150650024414
225 1305.9514100000001 1317.4269991999995 1125.7941506228278 0.8920271396636963
226 1305.9514100000001 1317.4475703999997 1256.3805998899693 0.8958649635314941
227 1305.9514100000001 1320.0613708999997 1401.537202708425 0.8996431827545166
228 1305.9514100000001 1319.4050587999996 1330.8261058189032 0.9037201404571533
229 1305.9514100000001 1327.6495224999996 2473.1339040549838 0.9076199531555176
230 1305.9514100000001 1322.0169064999998 1686.9610390562466 0.9116792678833008
231 1305.9514100000001 1325.2193213 2143.147386833685 0.9159550666809082
232 1305.9514100000001 1325.9567053 1918.2171010979064 0.9201769828796387
233 1305.9514100000001 1323.9050369 1798.102914124804 0.9243249893188477
234 1305.9514100000001 1319.9403166999996 1439.2695018959753 0.928386926651001
235 1305.9514100000001 1322.8656667999999 1808.8154312407733 0.9323320388793945
236 1305.9514100000001 1323.5628080999998 1997.7308206735574 0.936439037322998
237 1305.9514100000001 1324.5297957 2304.589707906668 0.94051194190979
238 1305.9514100000001 1323.2426372999998 1938.435246315687 0.944911003112793
239 1305.9514100000001 1328.0335503999997 2741.3804999091685 0.9490258693695068
240 1305.9514100000001 1330.6919159 2893.3166326876594 0.9528391361236572
241 1305.9514100000001 1331.5126172999999 2390.7083021770386 0.9572041034698486
242 1305.9514100000001 1334.3374943 2904.105476778308 0.9611759185791016
243 1305.9514100000001 1327.0248791999998 2241.728351550884 0.9654099941253662
244 1305.9514100000001 1322.8149580999996 1816.841303670576 0.9697890281677246
245 1305.9514100000001 1325.8845104999998 2307.636852428923 0.9742300510406494
246 1305.9514100000001 1322.1391528999998 1750.2584818783685 0.978532075881958
247 1305.9514100000001 1319.8460282999995 1527.3402200237708 0.982935905456543
248 1305.9514100000001 1317.0003504999997 919.3752397746572 0.9875738620758057
249 1305.9514100000001 1319.4609567999996 1015.9888727502351 0.9918949604034424
1305.9514100000001 0.9959778785705566
2
0 6263.00755 8669.6772685 626645.4237919408 0.0035631656646728516
1 2432.96336 8118.981140399999 1117800.5732592242 0.00861811637878418
2 1679.65121 6789.9496432999995 4613042.279133045 0.013220787048339844
3 1585.1224900000002 5503.470075300002 6725236.136016198 0.01752495765686035
4 1497.23472 4554.972788 6855983.5900880145 0.021688222885131836
5 1497.23472 3821.7179552999996 5587659.118115241 0.025775909423828125
6 1459.5545200000001 3108.492900399999 4278386.827554184 0.029796123504638672
7 1425.22827 2735.8851051 3075945.747198713 0.03379678726196289
8 1405.6081900000001 2389.30131 2610544.5979404235 0.037728071212768555
9 1405.6081900000001 2186.0840759999996 1941342.0666491531 0.041832923889160156
10 1389.6406 1884.1716864000002 837088.3170237143 0.04581093788146973
11 1371.07683 1734.4701081000003 385196.4924095194 0.049716949462890625
12 1371.07683 1665.1089559000002 346403.07597811497 0.05352616310119629
13 1371.07683 1537.8573043 178484.8627282795 0.05736207962036133
14 1349.11749 1501.514107 125778.28279956705 0.0611729621887207
15 1349.11749 1457.0213400000002 73720.80282299525 0.06497788429260254
16 1349.11749 1436.9645524 67606.83246374209 0.06890201568603516
17 1349.11749 1403.5729834 19082.472795487185 0.07277297973632812
18 1349.11749 1384.943311 6208.249189731195 0.07677602767944336
19 1349.11749 1381.7648140000006 5452.971288246283 0.0807030200958252
20 1349.11749 1375.3815907000003 2803.2095923942875 0.08470702171325684
21 1349.11749 1368.6271951000006 1749.8899829146915 0.08858799934387207
22 1334.44236 1368.8946358000003 2184.193721796527 0.09238886833190918
23 1334.44236 1371.9101085000002 2662.6577705587847 0.09621095657348633
24 1334.44236 1370.4026561 3039.1868980644967 0.10005784034729004
25 1334.44236 1372.1622888000002 3619.80320223587 0.10392093658447266
26 1310.63147 1362.0012705000001 4511.140619640257 0.10781121253967285
27 1310.63147 1352.4156464999999 3869.2538286896597 0.1116950511932373
28 1310.63147 1348.1630036999998 3199.1425017897527 0.11568808555603027
29 1305.9514100000001 1347.4290489999998 2503.0358410471854 0.11959505081176758
30 1305.9514100000001 1339.8736058000002 1510.7484777226791 0.1234428882598877
31 1305.9514100000001 1333.6023324999999 1405.3682410357087 0.12741398811340332
32 1305.9514100000001 1328.5294967 1151.4278393951945 0.13131284713745117
33 1305.9514100000001 1330.6882835 1463.509540530373 0.13522791862487793
34 1305.9514100000001 1329.2680890000001 1611.6048242044164 0.1391010284423828
35 1305.9514100000001 1328.6602728999999 1754.0655142280737 0.14293718338012695
36 1305.9514100000001 1328.2940872000001 1743.5784727809007 0.14682602882385254
37 1305.9514100000001 1326.8154121 1705.7017401224934 0.15069913864135742
38 1305.9514100000001 1327.4659838999996 1917.7094261265456 0.1546921730041504
39 1305.9514100000001 1322.1474795 1182.4016987257291 0.1585369110107422
40 1305.9514100000001 1318.9600116 897.8887370966478 0.1624300479888916
41 1305.9514100000001 1325.3878183 1506.2599094653851 0.16625595092773438
42 1305.9514100000001 1326.2660692 2000.5901666470402 0.1701200008392334
43 1305.9514100000001 1322.6073931999997 1639.1009485385134 0.17405223846435547
44 1305.9514100000001 1320.4204268999997 1124.4022799914605 0.17790484428405762
45 1305.9514100000001 1321.9997597999995 1600.185271178972 0.18177413940429688
46 1305.9514100000001 1323.2235546999996 1767.2936728288669 0.18570494651794434
47 1305.9514100000001 1322.8375679999997 1532.0116348859863 0.18977785110473633
48 1305.9514100000001 1325.6570278 1723.2285519503814 0.19365787506103516
49 1305.9514100000001 1324.6734917 1753.6661578570172 0.19745898246765137
50 1305.9514100000001 1325.098374 1720.4282040044718 0.20131397247314453
51 1305.9514100000001 1324.9747214 1848.694777809781 0.20520401000976562
52 1305.9514100000001 1323.6559728999998 1618.2161777405543 0.2089700698852539
53 1305.9514100000001 1322.9831399 1394.5104690751227 0.21281695365905762
54 1305.9514100000001 1321.2296586999998 1393.0338390500845 0.21677207946777344
55 1305.9514100000001 1321.0642732999995 1491.1884459701923 0.22071290016174316
56 1305.9514100000001 1318.3796692999997 1126.6300666621992 0.22460198402404785
57 1305.9514100000001 1321.4877479999996 1496.7283655065962 0.22868108749389648
58 1305.9514100000001 1320.2825864999995 1252.2505135569634 0.23262906074523926
59 1305.9514100000001 1320.5752069999996 1153.9933786486938 0.23652195930480957
60 1305.9514100000001 1320.3359062999996 1167.6079572233402 0.2403731346130371
61 1305.9514100000001 1317.1367107999997 1102.361586884447 0.24443697929382324
62 1305.9514100000001 1313.9738904999997 555.9721647214512 0.2486100196838379
63 1305.9514100000001 1310.3414841999995 413.1800833489472 0.25258898735046387
64 1305.9514100000001 1310.9814467999997 595.8341927878447 0.2565901279449463
65 1305.9514100000001 1318.4707333 1217.3713824323868 0.260638952255249
66 1305.9514100000001 1321.1396068999998 1614.085715269164 0.26480603218078613
67 1305.9514100000001 1322.4586277999997 1919.4909226303419 0.2689821720123291
68 1305.9514100000001 1327.3872268999999 2070.501315452634 0.273082971572876
69 1305.9514100000001 1325.5469213 1858.2447240721904 0.27692103385925293
70 1305.9514100000001 1321.3971882999997 1535.6980071869575 0.2808198928833008
71 1305.9514100000001 1314.8356202999996 720.6812151899239 0.2847309112548828
72 1305.9514100000001 1314.4958681999997 635.7098903993599 0.2886011600494385
73 1305.9514100000001 1315.6497127999996 801.2852477617843 0.29253292083740234
74 1305.9514100000001 1314.3282540999996 677.0134697428155 0.29648590087890625
75 1305.9514100000001 1322.7649436999998 1589.7467136674727 0.3004758358001709
76 1305.9514100000001 1324.4236009999995 1638.2816010178158 0.30434107780456543
77 1305.9514100000001 1325.754092 2381.129873866153 0.3082890510559082
78 1305.9514100000001 1327.7632543 2598.7344801854906 0.31226491928100586
79 1305.9514100000001 1320.918624 1693.1411356973958 0.3165011405944824
80 1305.9514100000001 1320.2430488999996 2394.055349787992 0.32045698165893555
81 1305.9514100000001 1318.6513181999994 2198.341558820566 0.3246128559112549
82 1305.9514100000001 1319.5264016999997 1035.770653889204 0.3288140296936035
83 1305.9514100000001 1319.2733200999996 1155.6323950897304 0.3326389789581299
84 1305.9514100000001 1318.4276554999994 1105.8095485432505 0.3366580009460449
85 1305.9514100000001 1330.6166299999998 2655.2370702109383 0.340533971786499
86 1305.9514100000001 1331.3180894999998 2503.6120314500536 0.3443620204925537
87 1305.9514100000001 1327.9828530999998 1995.7168701972666 0.3487071990966797
88 1305.9514100000001 1323.0585714999997 1721.799927595639 0.35271310806274414
89 1305.9514100000001 1321.8462074 1466.7460165599828 0.35677003860473633
90 1305.9514100000001 1322.5551838999997 2258.8256740630172 0.3610100746154785
91 1305.9514100000001 1319.5374359999996 2037.2449077826627 0.36502885818481445
92 1305.9514100000001 1317.6398867999994 1254.5155653663344 0.36905908584594727
93 1305.9514100000001 1316.7248763999999 864.3341841265476 0.3731999397277832
94 1305.9514100000001 1312.6060325999997 502.88480951164803 0.377453088760376
95 1305.9514100000001 1311.5629450999998 384.4312468728551 0.381497859954834
96 1305.9514100000001 1316.1464497999998 876.5591653980655 0.3854711055755615
97 1305.9514100000001 1313.4195390999998 620.4955532388063 0.3893241882324219
98 1305.9514100000001 1314.5351404999997 942.9342597776422 0.3933439254760742
99 1305.9514100000001 1313.1735097999997 658.3980362893382 0.39744997024536133
100 1305.9514100000001 1320.2523671999995 1601.4119783521187 0.4013550281524658
101 1305.9514100000001 1319.8421233 1369.692374934776 0.4056060314178467
102 1305.9514100000001 1322.9617583 1666.5591097263768 0.40940117835998535
103 1305.9514100000001 1323.259046 1915.319822304421 0.41340017318725586
104 1305.9514100000001 1318.8249729 1405.0255514342605 0.4176478385925293
105 1305.9514100000001 1320.5534676999998 1341.5951023583111 0.4217112064361572
106 1305.9514100000001 1316.8623762999998 900.1282202585679 0.4257988929748535
107 1305.9514100000001 1316.8492878999998 866.591627860719 0.42983102798461914
108 1305.9514100000001 1320.7106446999999 1450.3817970561495 0.43385815620422363
109 1305.9514100000001 1324.8786985 2161.5655318662707 0.4379611015319824
110 1305.9514100000001 1324.0262946999999 2309.7789891556263 0.4417870044708252
111 1305.9514100000001 1323.0509358999998 1888.0252134063312 0.44576001167297363
112 1305.9514100000001 1324.8238178999998 1928.5787439888716 0.449660062789917
113 1305.9514100000001 1322.0538200999997 1777.4663356371736 0.45378994941711426
114 1305.9514100000001 1317.6607892999998 890.5112510871805 0.4578239917755127
115 1305.9514100000001 1317.7716197999998 1070.6988610965013 0.46175694465637207
116 1305.9514100000001 1315.8971386999995 845.9887554302934 0.4655780792236328
117 1305.9514100000001 1315.7722019999999 788.4109544251764 0.46944117546081543
118 1305.9514100000001 1322.7204764999997 1560.0617766850921 0.47353196144104004
119 1305.9514100000001 1318.1657698999998 1155.8051804756722 0.47759103775024414
120 1305.9514100000001 1325.249858 2405.5429437717335 0.4815208911895752
121 1305.9514100000001 1320.6019252999997 1275.045908327951 0.4853949546813965
122 1305.9514100000001 1324.2543539999997 1470.4328600486892 0.4894599914550781
123 1305.9514100000001 1326.4098651999998 1931.2540716406709 0.4934821128845215
124 1305.9514100000001 1321.2176131999995 1333.1666370071941 0.49745702743530273
125 1305.9514100000001 1324.4623537999996 1577.9333001530667 0.5013320446014404
126 1305.9514100000001 1327.0118407999998 1774.342106638234 0.5054888725280762
127 1305.9514100000001 1323.4731556 1510.6625138747395 0.5093839168548584
128 1305.9514100000001 1320.4834431 1204.688439052037 0.5132119655609131
129 1305.9514100000001 1320.2295822999995 1202.2219274543493 0.5171430110931396
130 1305.9514100000001 1318.4748688999998 1078.6390345950551 0.5211219787597656
131 1305.9514100000001 1316.1111530999997 821.6211738875774 0.5251951217651367
132 1305.9514100000001 1319.3322346999996 1241.6534976856344 0.5294110774993896
133 1305.9514100000001 1320.7459102999999 1697.8243955971225 0.5332870483398438
134 1305.9514100000001 1321.6449298999996 1679.9968200816813 0.5375189781188965
135 1305.9514100000001 1324.4432562 1599.7198413590584 0.5415439605712891
136 1305.9514100000001 1322.9491669 1605.0077836991227 0.5457780361175537
137 1305.9514100000001 1325.7211569 1940.9389372215953 0.5497751235961914
138 1305.9514100000001 1322.6305019 1707.224041476777 0.5535619258880615
139 1305.9514100000001 1329.4816531000001 2969.652455577967 0.5577590465545654
140 1305.9514100000001 1329.5315546000002 2870.953346030321 0.5617899894714355
141 1305.9514100000001 1324.8503438999999 1811.0656331177504 0.5657989978790283
142 1305.9514100000001 1323.6555484 1549.2710946992704 0.5699470043182373
143 1305.9514100000001 1321.7798968 1511.2338082510278 0.5740489959716797
144 1305.9514100000001 1323.7063845999999 1698.6694617026433 0.5780680179595947
145 1305.9514100000001 1324.3316676999998 1896.6045153794507 0.5821378231048584
146 1305.9514100000001 1321.6012704 1638.5648257093094 0.5860810279846191
147 1305.9514100000001 1323.2113062999997 1804.7462156383685 0.5899679660797119
148 1305.9514100000001 1317.3477495999998 1108.286555983964 0.5939710140228271
149 1305.9514100000001 1316.4302786999997 1190.509630747566 0.5979268550872803
150 1305.9514100000001 1316.6149238999997 1065.811369698291 0.6018900871276855
151 1305.9514100000001 1315.4858869999996 940.8091763972418 0.6060848236083984
152 1305.9514100000001 1318.6823509999997 1361.480665428665 0.6100192070007324
153 1305.9514100000001 1324.7073533 1635.0595224876906 0.6138608455657959
154 1305.9514100000001 1321.6566309999998 1399.7459996237628 0.6177260875701904
155 1305.9514100000001 1323.6675899999996 1573.8936058581564 0.621567964553833
156 1305.9514100000001 1321.5825849999997 1509.4357697603095 0.6254050731658936
157 1305.9514100000001 1319.5168289999995 1488.457227413002 0.6292500495910645
158 1305.9514100000001 1317.4911380999997 1369.9181885631115 0.633080005645752
159 1305.9514100000001 1321.2653374 1506.3190943022894 0.6369128227233887
160 1305.9514100000001 1320.5454788999996 1402.8733369862464 0.6407070159912109
161 1305.9514100000001 1325.6170080999996 1961.749474092533 0.6447579860687256
162 1305.9514100000001 1321.4321586999995 1527.5057633433428 0.6487500667572021
163 1305.9514100000001 1326.7096685 1832.3781456900272 0.6526210308074951
164 1305.9514100000001 1321.6002556999997 1392.122525800924 0.6563930511474609
165 1305.9514100000001 1330.4900713000002 2274.2240698465625 0.6601381301879883
166 1305.9514100000001 1322.6935389999999 1912.896748445712 0.6640479564666748
167 1305.9514100000001 1328.2800387999998 2409.2615572769632 0.6679081916809082
168 1305.9514100000001 1325.8292081999998 1866.9652082419666 0.6717150211334229
169 1305.9514100000001 1321.7565838999997 1558.6258869086037 0.675523042678833
170 1305.9514100000001 1320.5902516999997 1335.1404807567535 0.6796159744262695
171 1305.9514100000001 1316.7480074999996 904.4166016764236 0.6835060119628906
172 1305.9514100000001 1316.3085302999998 854.7963663238552 0.6874680519104004
173 1305.9514100000001 1315.6801556999997 1214.6572987503478 0.6914119720458984
174 1305.9514100000001 1319.6051798999997 1863.4708665462092 0.695328950881958
175 1305.9514100000001 1324.1385497999997 2111.8622348881167 0.699164867401123
176 1305.9514100000001 1323.7517956999998 2270.8922403732486 0.7029480934143066
177 1305.9514100000001 1319.5544763999997 1219.9373293281951 0.7068369388580322
178 1305.9514100000001 1319.5814640999995 1125.3736494376133 0.7106320858001709
179 1305.9514100000001 1320.8501628999998 1457.3263995269115 0.7144629955291748
180 1305.9514100000001 1321.1224452999998 1485.9672586096306 0.718472957611084
181 1305.9514100000001 1320.4340211999997 1340.934435733778 0.7224080562591553
182 1305.9514100000001 1316.8759357999995 959.1621878052215 0.7262289524078369
183 1305.9514100000001 1316.5649097999997 926.1299427657005 0.7300009727478027
184 1305.9514100000001 1315.2181421999996 729.5477264155196 0.7338008880615234
185 1305.9514100000001 1322.1242714999998 1495.813636286783 0.7375710010528564
186 1305.9514100000001 1323.0897957999996 1947.9444437528684 0.7413589954376221
187 1305.9514100000001 1324.6388503 1850.4044318435822 0.7451720237731934
188 1305.9514100000001 1320.3547726999998 1311.4026055754161 0.7491579055786133
189 1305.9514100000001 1321.7788942999998 1295.3374909205227 0.7533349990844727
190 1305.9514100000001 1320.2539491999999 1206.9111844931783 0.7571961879730225
191 1305.9514100000001 1322.1860687999997 1433.647917499534 0.7609579563140869
192 1305.9514100000001 1319.8993738 1318.101339501543 0.7651751041412354
193 1305.9514100000001 1318.6864879999996 1376.465317486564 0.769446849822998
194 1305.9514100000001 1321.4702367999998 1446.2043316387142 0.7734279632568359
195 1305.9514100000001 1326.5277753999999 1937.6567799363122 0.7773990631103516
196 1305.9514100000001 1327.4984620999999 1825.653054592391 0.7814128398895264
197 1305.9514100000001 1323.3845235999997 1408.9428421070825 0.7854149341583252
198 1305.9514100000001 1323.0254108999995 1272.078714781448 0.7893362045288086
199 1305.9514100000001 1320.3360691999997 1388.7798256646045 0.793464183807373
200 1305.9514100000001 1319.9786603999996 1584.5315317764696 0.7973260879516602
201 1305.9514100000001 1321.3158611999997 1691.0621878709396 0.8011598587036133
202 1305.9514100000001 1319.9895899999997 1337.782570881197 0.804980993270874
203 1305.9514100000001 1321.7096718999996 1560.7254676641658 0.8088040351867676
204 1305.9514100000001 1322.7450306999997 1434.9097211025553 0.8126630783081055
205 1305.9514100000001 1318.9386855999996 1033.4836751616997 0.8163762092590332
206 1305.9514100000001 1319.9608436999997 1368.1243068177455 0.820195198059082
207 1305.9514100000001 1317.8285894999997 915.6408850798098 0.824059009552002
208 1305.9514100000001 1320.7290796999996 1385.457905480158 0.8279781341552734
209 1305.9514100000001 1322.8297754 1927.9876610432461 0.8318920135498047
210 1305.9514100000001 1322.6955863999997 1472.0481488399864 0.8359119892120361
211 1305.9514100000001 1324.8403004999998 1881.6785207044961 0.8398101329803467
212 1305.9514100000001 1322.3695252999999 1601.78881835405 0.84368896484375
213 1305.9514100000001 1320.3802378999994 1141.148006356816 0.8477489948272705
214 1305.9514100000001 1320.9388460999994 1684.5225182612014 0.8517398834228516
215 1305.9514100000001 1319.8219410999995 1691.9529204561136 0.8557419776916504
216 1305.9514100000001 1318.2714094999997 1365.525039946811 0.8606820106506348
217 1305.9514100000001 1320.3123646 1536.2783750058966 0.8653440475463867
218 1305.9514100000001 1321.4906866 1825.3391076941855 0.8697600364685059
219 1305.9514100000001 1321.3073352999997 1429.523136577262 0.8740940093994141
220 1305.9514100000001 1323.7399110999997 1656.2220287024859 0.8792259693145752
221 1305.9514100000001 1322.6902558999998 1583.5742581143568 0.885657787322998
222 1305.9514100000001 1320.5260173 1391.3497142612187 0.8899240493774414
223 1305.9514100000001 1318.9661411999996 1116.0181537295102 0.8950390815734863
224 1305.9514100000001 1318.5356459999996 992.5462492435373 0.9019780158996582
225 1305.9514100000001 1320.0600319999999 1328.9149121684488 0.9066219329833984
226 1305.9514100000001 1316.5376928999997 892.2882335114267 0.9112598896026611
227 1305.9514100000001 1316.4629781999997 794.782409199735 0.9156711101531982
228 1305.9514100000001 1318.1981092999997 956.459457264349 0.9196739196777344
229 1305.9514100000001 1318.2660314999998 1043.1900998478202 0.9239590167999268
230 1305.9514100000001 1320.4778957999995 1556.0497096392935 0.9278919696807861
231 1305.9514100000001 1321.9104673999996 1953.670527778702 0.9320740699768066
232 1305.9514100000001 1320.3613107999997 1344.897032393075 0.9369180202484131
233 1305.9514100000001 1322.8117560999995 1605.8151327602588 0.9411909580230713
234 1305.9514100000001 1326.1960491999998 1706.7041773689625 0.9456279277801514
235 1305.9514100000001 1326.0717757 1763.1103872531576 0.9499249458312988
236 1305.9514100000001 1320.1385874999996 1359.0294504467768 0.9542641639709473
237 1305.9514100000001 1320.4286278999996 1575.4913604871713 0.9581990242004395
238 1305.9514100000001 1321.0121881999999 1654.7429841123935 0.9622337818145752
239 1305.9514100000001 1318.3805595999997 1183.858444408657 0.9682712554931641
240 1305.9514100000001 1317.1851907999996 1436.4765022061029 0.9734699726104736
241 1305.9514100000001 1316.4023134999998 1288.523852715256 0.9780700206756592
242 1305.9514100000001 1318.8682099999996 1835.2553299489289 0.9825990200042725
243 1305.9514100000001 1318.3305254999996 1698.3376284412195 0.9867949485778809
244 1305.9514100000001 1313.7838044999996 708.7894031348526 0.990703821182251
245 1305.9514100000001 1318.8906582999998 1023.0794696476546 0.9948248863220215
246 1305.9514100000001 1321.9366918999995 1477.8430115208694 0.9986729621887207
247 1305.9514100000001 1319.5270911999999 1349.1428897919582 1.003425121307373
248 1305.9514100000001 1318.0431383999996 1245.1873617841024 1.00801420211792
249 1305.9514100000001 1318.2760336 1239.574447562972 1.011876106262207
1305.9514100000001 1.0160880088806152
3
0 6005.658879999999 8429.693669699998 653679.588241506 0.003744840621948242
1 2701.9126399999996 7720.269730899999 1290678.5155977185 0.009449958801269531
2 1764.3342200000002 6499.3809304 3328557.3603684856 0.014444828033447266
3 1522.66633 5464.630243400001 5077310.761255361 0.01932692527770996
4 1498.56411 4518.395307 5712283.178592025 0.02383899688720703
5 1349.28037 3965.8810615999996 4865034.361100345 0.028033018112182617
6 1349.28037 3340.4242948 3845901.7252296484 0.03256988525390625
7 1347.8268 2987.830972299999 3506630.764255637 0.036943674087524414
8 1346.02618 2597.6679052 3001799.3231464587 0.04135298728942871
9 1346.02618 2232.6046835 1907501.8535250586 0.04543161392211914
10 1346.02618 1952.3932692999997 1234116.0948417424 0.049805641174316406
11 1346.02618 1759.9494264999998 741928.1662614186 0.053731679916381836
12 1346.02618 1688.3433701 595045.6526631799 0.057736873626708984
13 1346.02618 1628.7276498 420784.9645082935 0.06213188171386719
14 1345.2896 1541.3305492 262496.2712993434 0.0662846565246582
15 1345.2896 1498.8679506 174049.07234677297 0.07031869888305664
16 1345.2896 1442.1344716 75314.465647361 0.07459878921508789
17 1345.2896 1439.2110548 69773.76548659953 0.078826904296875
18 1345.2896 1425.0676082000002 62833.21503313197 0.08294081687927246
19 1345.2896 1412.5833227999997 40210.356165992634 0.08678483963012695
20 1345.2896 1407.8636805999997 39693.240853704425 0.09106779098510742
21 1345.2896 1403.3137382 38882.07379694951 0.09511780738830566
22 1345.2896 1386.4161953999997 28120.576520709452 0.09923386573791504
23 1345.2896 1386.9601130999997 27541.76124446648 0.103759765625
24 1345.2896 1376.9767459999996 24255.108026062106 0.1078956127166748
25 1345.2896 1379.1489474 26106.083283050288 0.11214065551757812
26 1345.2896 1367.3221120999997 3727.722230680888 0.11628580093383789
27 1339.32746 1362.1322426999998 1406.4206517950179 0.1204826831817627
28 1339.32746 1365.3086508999997 2352.931827827475 0.1246178150177002
29 1310.63147 1361.9318758 3433.361879181343 0.12851786613464355
30 1310.63147 1354.1695379999999 2361.059860970414 0.1327817440032959
31 1310.63147 1347.4456870000001 2245.2417629422043 0.13696694374084473
32 1310.63147 1342.4446136 1686.7684882547806 0.14127588272094727
33 1310.63147 1336.09045 1527.3457711104575 0.14522171020507812
34 1310.63147 1331.8699375999997 1356.6443909648226 0.14917564392089844
35 1310.63147 1328.2927505999999 1125.0471854079376 0.1536567211151123
36 1310.63147 1329.9678885999997 1605.8533971294482 0.15763473510742188
37 1310.63147 1326.3584616999997 1220.2484198171505 0.16197681427001953
38 1310.63147 1327.9006362999999 1618.270754237724 0.16625690460205078
39 1310.63147 1326.7356936999997 1536.4260037943232 0.17103004455566406
40 1310.63147 1325.9048284 1308.0548585150555 0.17524099349975586
41 1310.63147 1325.7404289 1273.4842040775507 0.17938685417175293
42 1310.63147 1329.7948394999999 1568.2657097736922 0.18343877792358398
43 1310.63147 1330.716408 1713.1929364197508 0.18742871284484863
44 1310.63147 1329.1701324 1560.6356610454854 0.19179701805114746
45 1310.63147 1329.3752576999998 1558.9196565901796 0.1956636905670166
46 1310.63147 1336.1710611999997 2652.900544478651 0.19989871978759766
47 1310.63147 1334.4188484 2015.1255547587457 0.20407485961914062
48 1310.63147 1331.3806165 1933.9143578735748 0.2081758975982666
49 1310.63147 1323.1052037000002 1117.801518043218 0.21244597434997559
50 1310.63147 1327.7237749 1843.7709508271337 0.21630072593688965
51 1310.63147 1327.4255686000001 1327.308762459427 0.22063183784484863
52 1310.63147 1330.1066097 1984.9658522484137 0.22487783432006836
53 1310.63147 1330.8590015 1970.7813779596645 0.22905588150024414
54 1310.63147 1328.6475078 1779.4405585185843 0.23308897018432617
55 1310.63147 1333.9225268999999 2673.0650863859605 0.23698997497558594
56 1310.63147 1331.9147318 2026.95473571665 0.24121880531311035
57 1310.63147 1330.4404442999999 2017.3709541619405 0.2452528476715088
58 1310.63147 1329.226176 2224.759092392437 0.24972081184387207
59 1310.63147 1326.3928134999996 2050.9388129103086 0.2543339729309082
60 1310.63147 1328.2535201 1670.5846605650859 0.25855374336242676
61 1310.63147 1333.2350722 1977.882357186693 0.26266980171203613
62 1310.63147 1328.3369691 1293.5645050120684 0.26673197746276855
63 1310.63147 1333.0706005 1960.8829484296934 0.2713148593902588
64 1305.9514100000001 1334.1527459 2093.0663871042752 0.2760446071624756
65 1305.9514100000001 1328.8176743000001 1710.8625544247493 0.2804257869720459
66 1305.9514100000001 1328.3009943999998 1736.6341556096845 0.28437089920043945
67 1305.9514100000001 1325.9623481999997 1303.7036770398079 0.28824377059936523
68 1305.9514100000001 1323.8538822 1058.5015858950983 0.2921407222747803
69 1305.9514100000001 1322.7866513999998 1484.163955670433 0.29598069190979004
70 1305.9514100000001 1322.1397402999999 1112.0612935168308 0.3004007339477539
71 1305.9514100000001 1320.7545289 1324.974482086417 0.3047800064086914
72 1305.9514100000001 1325.5944646999997 1715.5111432988388 0.3090338706970215
73 1305.9514100000001 1327.8524146999998 1791.34685318815 0.31334877014160156
74 1305.9514100000001 1326.7212808999998 1565.210804127606 0.3173696994781494
75 1305.9514100000001 1326.8854361999997 1672.2027823597111 0.32154273986816406
76 1305.9514100000001 1325.9764702 2145.2209840714386 0.32548975944519043
77 1305.9514100000001 1324.4908000999997 2163.3090862594454 0.32952189445495605
78 1305.9514100000001 1323.0671892999997 1650.4389499593972 0.33386969566345215
79 1305.9514100000001 1325.5080997999999 1734.9077107944406 0.33780980110168457
80 1305.9514100000001 1327.6017226 1861.5781739729603 0.34186863899230957
81 1305.9514100000001 1327.0614661999998 1846.8911645523738 0.34595584869384766
82 1305.9514100000001 1321.6059155999997 1319.8015712987894 0.35005903244018555
83 1305.9514100000001 1328.0882449 2326.4496961517784 0.35396575927734375
84 1305.9514100000001 1328.8071794 2067.4761424490775 0.3577418327331543
85 1305.9514100000001 1328.8566803 2188.3484005902806 0.3620469570159912
86 1305.9514100000001 1326.5503965999999 2008.11616078487 0.36580872535705566
87 1305.9514100000001 1325.6767849999999 1848.1378722516854 0.3700218200683594
88 1305.9514100000001 1328.5613473999997 2460.799883891354 0.37386488914489746
89 1305.9514100000001 1323.2753390999997 1970.433540498336 0.3777039051055908
90 1305.9514100000001 1320.8420508 1703.7170848427404 0.38211774826049805
91 1305.9514100000001 1321.4355800999997 1666.632744834199 0.38637280464172363
92 1305.9514100000001 1321.5334170999997 1541.5364352597412 0.39064979553222656
93 1305.9514100000001 1325.7761114 2243.9065959458635 0.3946409225463867
94 1305.9514100000001 1325.086428 1891.20771638376 0.3985006809234619
95 1305.9514100000001 1322.4327246999997 1476.7095468408402 0.4029266834259033
96 1305.9514100000001 1321.3601767999999 1279.0792307736058 0.4070258140563965
97 1305.9514100000001 1325.3578120999998 1898.514963716699 0.41105103492736816
98 1305.9514100000001 1325.3926215999998 1812.8762000175996 0.4150228500366211
99 1305.9514100000001 1329.4434975 2538.314189328613 0.41917896270751953
100 1305.9514100000001 1324.6095258999997 2534.2839541803746 0.4231078624725342
101 1305.9514100000001 1321.5741030999995 1868.8102718082944 0.42705583572387695
102 1305.9514100000001 1318.4399827999996 1491.2846631101418 0.43108582496643066
103 1305.9514100000001 1321.3171684999998 1558.412931422462 0.4350399971008301
104 1305.9514100000001 1332.2239258 3036.553146605974 0.4391007423400879
105 1305.9514100000001 1329.5468124000001 2975.7581318663974 0.4431297779083252
106 1305.9514100000001 1337.1224353999999 3516.8828635368964 0.4471418857574463
107 1305.9514100000001 1327.6108083 2531.578726266782 0.45130181312561035
108 1305.9514100000001 1320.6948072999999 1848.5003303775372 0.4553799629211426
109 1305.9514100000001 1318.3362909999996 1415.8966841387182 0.4593789577484131
110 1305.9514100000001 1320.8781831999995 1187.1598906819986 0.4633328914642334
111 1305.9514100000001 1320.8201864999996 1454.2350680253671 0.467559814453125
112 1305.9514100000001 1320.0959034999996 1385.3870939246606 0.4718589782714844
113 1305.9514100000001 1322.0452199999997 1807.435370809618 0.4760878086090088
114 1305.9514100000001 1328.0329504 2488.653858999284 0.48046374320983887
115 1305.9514100000001 1326.6526551999998 2044.7388412339162 0.4845297336578369
116 1305.9514100000001 1325.9909962 1690.3425153166816 0.4889400005340576
117 1305.9514100000001 1325.4471286 1779.9983418345707 0.4929499626159668
118 1305.9514100000001 1327.7015548 1954.5217065406844 0.49704766273498535
119 1305.9514100000001 1324.3454543999999 1554.861138192757 0.5012228488922119
120 1305.9514100000001 1324.9145503000002 1712.4650095124612 0.5051488876342773
121 1305.9514100000001 1326.1103537 1749.1566109599628 0.5096397399902344
122 1305.9514100000001 1328.5854379 2089.0449165676837 0.5137197971343994
123 1305.9514100000001 1328.5716136 1929.5713595700608 0.5177438259124756
124 1305.9514100000001 1327.6757388 1791.9285410085306 0.5217399597167969
125 1305.9514100000001 1324.011783 2002.0813318920677 0.5256907939910889
126 1305.9514100000001 1323.4222332 1647.1865618352083 0.5296218395233154
127 1305.9514100000001 1326.2547631999998 3189.4518130523443 0.5336818695068359
128 1305.9514100000001 1327.6177182 2570.7059578216654 0.5376067161560059
129 1305.9514100000001 1326.0094476999998 1957.074098658918 0.5416419506072998
130 1305.9514100000001 1325.379084 2378.4802172673863 0.5455098152160645
131 1305.9514100000001 1327.0284344999998 1982.395932984155 0.5498178005218506
132 1305.9514100000001 1326.0562419 2004.2301610833883 0.5538487434387207
133 1305.9514100000001 1328.7611221 2426.7906395836767 0.557816743850708
134 1305.9514100000001 1328.6000602 2158.0422102021344 0.561680793762207
135 1305.9514100000001 1325.0477948 2108.6557305462547 0.5658528804779053
136 1305.9514100000001 1324.533483 2077.761445541267 0.5702579021453857
137 1305.9514100000001 1318.1928091999996 1167.4961965561404 0.5741949081420898
138 1305.9514100000001 1320.5906533999996 1291.0968071515929 0.5786449909210205
139 1305.9514100000001 1323.1130398999996 1549.8217554589169 0.5827786922454834
140 1305.9514100000001 1321.8506449999998 1253.642516262156 0.5867557525634766
141 1305.9514100000001 1321.9977655999996 1314.368300362703 0.5908777713775635
142 1305.9514100000001 1321.9572200999996 1210.3139540516768 0.5949199199676514
143 1305.9514100000001 1326.0471297999998 2251.7368879797987 0.5990269184112549
144 1305.9514100000001 1324.5663814999998 1422.5176332447754 0.6032109260559082
145 1305.9514100000001 1324.8358747999998 1645.7806268771171 0.6071999073028564
146 1305.9514100000001 1326.7205644999997 2089.3933525176103 0.6111958026885986
147 1305.9514100000001 1322.4074014999997 2167.631921956118 0.6151659488677979
148 1305.9514100000001 1317.7268988999997 1042.703431086591 0.6192507743835449
149 1305.9514100000001 1317.7480283999996 1189.963581990213 0.6232788562774658
150 1305.9514100000001 1320.6804843999998 1422.2326403453653 0.6273608207702637
151 1305.9514100000001 1320.4146822999996 1356.6662731004333 0.6314067840576172
152 1305.9514100000001 1322.0643796999998 1517.5386341035692 0.6354207992553711
153 1305.9514100000001 1324.1993782999998 2171.9343752655077 0.6396958827972412
154 1305.9514100000001 1320.0692276 1711.660462366472 0.6438148021697998
155 1305.9514100000001 1323.0387234999998 1945.0274943618397 0.6480617523193359
156 1305.9514100000001 1326.6569331999997 2193.5323691326407 0.6519596576690674
157 1305.9514100000001 1329.3867704999998 2844.8974637258157 0.6558997631072998
158 1305.9514100000001 1327.2893209999997 2461.597834104051 0.6604139804840088
159 1305.9514100000001 1330.8821548999997 2352.832026882127 0.6643798351287842
160 1305.9514100000001 1327.5715324999996 2676.7295522905683 0.6687848567962646
161 1305.9514100000001 1327.4508666 1912.898993468858 0.6728818416595459
162 1305.9514100000001 1322.9789720999997 1823.3637890381506 0.6768817901611328
163 1305.9514100000001 1322.7388785999997 1789.2620056834257 0.6808478832244873
164 1305.9514100000001 1321.5026154999996 1923.9931562013026 0.6850576400756836
165 1305.9514100000001 1322.5380913 1549.6613701829901 0.6889920234680176
166 1305.9514100000001 1323.3945811999997 1504.4173152750363 0.6930108070373535
167 1305.9514100000001 1325.7692353 1869.6159171726144 0.6972746849060059
168 1305.9514100000001 1322.9773183999996 1771.487077021476 0.701632022857666
169 1305.9514100000001 1324.8304068 1925.2207903488659 0.7057709693908691
170 1305.9514100000001 1322.8670380999997 1711.5974095739139 0.7099740505218506
171 1305.9514100000001 1325.5419729999996 2312.8436498962715 0.7140307426452637
172 1305.9514100000001 1323.2785242999996 1727.3527663018415 0.7181918621063232
173 1305.9514100000001 1320.1939672999997 1132.759531188478 0.7225499153137207
174 1305.9514100000001 1318.2693648999996 1050.697698224051 0.726686954498291
175 1305.9514100000001 1319.8401758999998 1236.3199744083242 0.730839729309082
176 1305.9514100000001 1321.7531265999996 1609.953767942253 0.7351458072662354
177 1305.9514100000001 1328.6736197999999 2413.3211404941158 0.7391269207000732
178 1305.9514100000001 1325.8033552999998 1849.5642518892512 0.7432687282562256
179 1305.9514100000001 1324.6787008999997 1507.4328269642567 0.7474367618560791
180 1305.9514100000001 1326.3644118999998 1559.3353289051638 0.7517588138580322
181 1305.9514100000001 1330.1113952 2309.1243189944707 0.7558729648590088
182 1305.9514100000001 1330.1506482 3311.878157522321 0.759915828704834
183 1305.9514100000001 1325.0934326 3154.667738226348 0.7640018463134766
184 1305.9514100000001 1326.950042 3219.9943993136108 0.7681677341461182
185 1305.9514100000001 1330.3557175 4138.816963325133 0.7725019454956055
186 1305.9514100000001 1326.7107091999999 3121.4897427713813 0.7767229080200195
187 1305.9514100000001 1326.2108056999998 2972.6247049352555 0.7806589603424072
188 1305.9514100000001 1325.9739791 2257.202742715626 0.7846558094024658
189 1305.9514100000001 1328.722237 2605.0440696715104 0.788977861404419
190 1305.9514100000001 1332.7652689000001 2976.4878255954372 0.7932279109954834
191 1305.9514100000001 1328.901067 2064.4665179887907 0.7973997592926025
192 1305.9514100000001 1328.0725056999997 2337.0863827674784 0.8013088703155518
193 1305.9514100000001 1327.8481520999997 2623.8421943227436 0.8051247596740723
194 1305.9514100000001 1326.7533176 2280.081395772979 0.8095858097076416
195 1305.9514100000001 1326.9644905 2229.279943109011 0.8138649463653564
196 1305.9514100000001 1329.2134935000001 2240.892483862111 0.8180227279663086
197 1305.9514100000001 1325.1639837999996 1570.4109057959565 0.822138786315918
198 1305.9514100000001 1318.7710386999997 917.234770975003 0.8261077404022217
199 1305.9514100000001 1320.5804307999997 1211.325061415362 0.8299918174743652
200 1305.9514100000001 1322.1074092 1361.1703991228558 0.8340458869934082
201 1305.9514100000001 1325.7188707 1853.7387765885592 0.8380217552185059
202 1305.9514100000001 1322.6647464999999 1328.1977703146927 0.8421676158905029
203 1305.9514100000001 1323.3500297999997 1652.766407115752 0.8461565971374512
204 1305.9514100000001 1320.9437407999994 1312.6059269427062 0.8502888679504395
205 1305.9514100000001 1324.2253516 1458.6365793201292 0.8542757034301758
206 1305.9514100000001 1323.7610061999999 1192.1794264786774 0.8583388328552246
207 1305.9514100000001 1319.5528389999995 900.367600053997 0.8623359203338623
208 1305.9514100000001 1328.5862324999998 2468.87827314249 0.8664686679840088
209 1305.9514100000001 1330.5111760999998 2693.413913533549 0.8705809116363525
210 1305.9514100000001 1322.8042913999996 1446.5405724133764 0.8746898174285889
211 1305.9514100000001 1320.7587385999996 1400.309629649878 0.8785898685455322
212 1305.9514100000001 1317.3449510999997 1450.4607145756456 0.8827838897705078
213 1305.9514100000001 1321.1619233999998 1740.203446698559 0.8867547512054443
214 1305.9514100000001 1324.1149913 1678.14168921385 0.8907639980316162
215 1305.9514100000001 1324.5740166 1734.5737306975539 0.8947157859802246
216 1305.9514100000001 1321.0151636999997 1339.7465372734919 0.8988957405090332
217 1305.9514100000001 1320.3322215999997 1328.6623370138661 0.9027667045593262
218 1305.9514100000001 1321.8405355999996 1464.230734776028 0.9067919254302979
219 1305.9514100000001 1317.6780846999995 843.6073363605287 0.9108936786651611
220 1305.9514100000001 1317.1700051999997 877.5569066394248 0.9150710105895996
221 1305.9514100000001 1318.2493043999996 1199.1130170126205 0.9191398620605469
222 1305.9514100000001 1319.1181024999998 988.9372856118406 0.9231836795806885
223 1305.9514100000001 1320.6815541999997 1255.0186748460676 0.9272849559783936
224 1305.9514100000001 1321.5641929999997 1285.2854360221954 0.9313898086547852
225 1305.9514100000001 1321.6769787999997 1195.312967976532 0.9353847503662109
226 1305.9514100000001 1320.9228538999998 1158.0761202468682 0.939302921295166
227 1305.9514100000001 1323.3881289999997 1844.4336262214179 0.9433348178863525
228 1305.9514100000001 1321.7281676999999 1735.37241579196 0.9474318027496338
229 1305.9514100000001 1323.1362872999996 1642.209741889009 0.9515187740325928
230 1305.9514100000001 1324.5666059999996 1768.9787913712155 0.9554040431976318
231 1305.9514100000001 1322.4509880999997 1905.7400041392048 0.9595756530761719
232 1305.9514100000001 1324.6045689999999 1389.0565688718966 0.9634597301483154
233 1305.9514100000001 1324.9781280000002 1614.0077814932647 0.9675929546356201
234 1305.9514100000001 1329.1854157999999 2512.0427329307586 0.97157883644104
235 1305.9514100000001 1325.1352178000002 1745.6366751243147 0.9754488468170166
236 1305.9514100000001 1327.4055486 2248.4484608997404 0.9793479442596436
237 1305.9514100000001 1323.2253250999995 1639.9646750902186 0.9834706783294678
238 1305.9514100000001 1326.5631741999998 1688.0861545089115 0.987257719039917
239 1305.9514100000001 1328.2451564 1907.079655747706 0.9914717674255371
240 1305.9514100000001 1329.1623653 2204.7135460787745 0.9954679012298584
241 1305.9514100000001 1321.7505159999998 1571.164071744201 0.9995729923248291
242 1305.9514100000001 1323.4577786999996 1610.8428093210616 1.0037078857421875
243 1305.9514100000001 1324.9475301999998 1555.5215333763501 1.0078647136688232
244 1305.9514100000001 1323.3156841999996 1217.9733379243814 1.0118379592895508
245 1305.9514100000001 1324.3576961999997 1518.5678657549468 1.0158326625823975
246 1305.9514100000001 1321.7131044999999 1621.1239775660613 1.020007848739624
247 1305.9514100000001 1321.9752320999996 1687.460175300815 1.024115800857544
248 1305.9514100000001 1325.9232485999999 2090.144232122674 1.0280919075012207
249 1305.9514100000001 1322.2943644999998 1427.7459202006628 1.032273769378662
1305.9514100000001 1.036334753036499
