MO2
250 1432.36
1
0 7279.05166 9274.299765799999 729833.4662278822 0.0035789012908935547
1 4550.27571 8746.0344279 970869.972274676 0.008796930313110352
2 2745.95946 7400.5830817999995 3016843.877095137 0.013697147369384766
3 1984.8331700000003 6420.6149385 4370078.082796566 0.018086910247802734
4 1742.91435 5340.430050299999 4535005.416830125 0.022452116012573242
5 1624.8991400000004 4503.9314611 5170217.536002515 0.02659296989440918
6 1525.48741 3670.4794302 4007104.3337341594 0.030680179595947266
7 1525.48741 3212.1994792 3697844.324938018 0.034655094146728516
8 1471.8603799999999 2952.0446678999997 3363882.519821493 0.03866291046142578
9 1461.9235099999999 2491.4222024999995 2073146.391375393 0.04274892807006836
10 1461.9235099999999 2239.3226173999997 1516077.3526970223 0.046710968017578125
11 1461.9235099999999 2109.9517433999995 1268227.9739456824 0.050575971603393555
12 1458.01547 1929.4944652 740069.6221408624 0.054524898529052734
13 1458.01547 1813.1344876999997 498508.6750057002 0.05833697319030762
14 1458.01547 1685.2580906 289846.4803381309 0.06215810775756836
15 1458.01547 1632.3844338000001 178546.6636466185 0.06595993041992188
16 1458.01547 1610.7241824000002 178271.50779083252 0.06977105140686035
17 1458.01547 1593.5377075000004 145833.83899343968 0.0736379623413086
18 1458.01547 1563.3931775000005 96051.68834231196 0.07755804061889648
19 1458.01547 1530.9085280000006 57645.756616314306 0.08145689964294434
20 1458.01547 1531.1663329000003 58753.11062173546 0.08526802062988281
21 1458.01547 1513.0280924000003 46300.00749943912 0.08915901184082031
22 1458.01547 1508.0935175000004 35350.771613828234 0.09294605255126953
23 1458.01547 1503.2483875000005 32987.752036611506 0.09680008888244629
24 1458.01547 1503.5786640000006 40985.88041891897 0.10065698623657227
25 1458.01547 1505.9001611000003 41193.06176255245 0.10445189476013184
26 1458.01547 1504.8357057000007 40959.534583879664 0.10822796821594238
27 1458.01547 1481.0175257000003 2468.7777558208063 0.11214804649353027
28 1458.01547 1477.6312253000006 2371.1930624667048 0.11614298820495605
29 1458.01547 1480.9098904000007 2808.6642089316283 0.11997199058532715
30 1458.01547 1473.8785258000007 1536.4884240450085 0.12377405166625977
31 1458.01547 1474.8942869000007 1538.8043530913967 0.12763094902038574
32 1458.01547 1481.4419254000002 2287.8209905813324 0.13146591186523438
33 1458.01547 1481.6889032000006 2812.402213765181 0.1352689266204834
34 1458.01547 1479.7871728000005 2346.762353992927 0.1390547752380371
35 1458.01547 1486.0729453000008 3369.0163065974393 0.14284014701843262
36 1446.1145700000002 1485.0571642000007 3840.754637281046 0.1466350555419922
37 1446.1145700000002 1485.9512142000003 4036.859629432381 0.15057992935180664
38 1446.1145700000002 1484.5172130000003 4328.605500576498 0.15460991859436035
39 1446.1145700000002 1483.6178240999998 4388.6920023709545 0.15843582153320312
40 1446.1145700000002 1484.8527910999996 4158.152360361725 0.1621251106262207
41 1446.1145700000002 1476.5960294 2993.0774390368456 0.16610217094421387
42 1446.1145700000002 1475.0291937000002 3094.837085619636 0.17007994651794434
43 1446.1145700000002 1470.5094149000004 2575.5960513984865 0.1740119457244873
44 1446.1145700000002 1461.3335844000003 1409.7321074656904 0.1780228614807129
45 1446.1145700000002 1459.1369528000002 1414.597050980017 0.18198704719543457
46 1446.1145700000002 1460.5605344000003 1331.8791294161595 0.18607687950134277
47 1446.1145700000002 1470.6097148999997 1940.0089317015374 0.19040799140930176
48 1446.1145700000002 1469.5248435000003 2073.443888622853 0.19435596466064453
49 1446.1145700000002 1465.8776682000002 1891.193466112633 0.19814705848693848
50 1446.1145700000002 1462.3815040000004 1473.9329867518782 0.20255684852600098
51 1446.1145700000002 1462.094072 1374.0867010614265 0.20669007301330566
52 1446.1145700000002 1463.4500142000004 1683.7311266576207 0.21058297157287598
53 1446.1145700000002 1464.9901762000002 1829.5585771380006 0.21451902389526367
54 1446.1145700000002 1459.3055958 1271.380175039029 0.21836280822753906
55 1446.1145700000002 1461.8034966 1645.4217314236223 0.22218799591064453
56 1446.1145700000002 1464.4300512000002 1874.3180166949085 0.22615814208984375
57 1446.1145700000002 1459.6884017000002 1091.4629209957282 0.2303149700164795
58 1446.1145700000002 1464.3645752 1765.7288791771236 0.23414087295532227
59 1446.1145700000002 1472.7643873000002 2855.2587538441066 0.2380380630493164
60 1446.1145700000002 1469.8729881000002 2817.80043244328 0.2419290542602539
61 1446.1145700000002 1471.2890684000001 3177.841768899345 0.24591708183288574
62 1446.1145700000002 1474.4079311000003 2765.81094427593 0.24985408782958984
63 1446.1145700000002 1467.2521558 1750.1634463656853 0.2537119388580322
64 1446.1145700000002 1463.1723568000002 1475.0039906521604 0.2575078010559082
65 1446.1145700000002 1468.2597187000001 2174.93898937935 0.26139402389526367
66 1446.1145700000002 1467.1343011000001 2176.2164769943734 0.26543593406677246
67 1446.1145700000002 1467.9859942 2047.168546355096 0.26924800872802734
68 1446.1145700000002 1470.4064584000005 2182.089987985897 0.2731621265411377
69 1446.1145700000002 1466.1110391 1858.7242432266078 0.27697300910949707
70 1446.1145700000002 1465.1714468 1671.46359660187 0.2808990478515625
71 1446.1145700000002 1463.9129778999998 1629.7520156580094 0.28466010093688965
72 1446.1145700000002 1462.8007718999997 2243.7622045806447 0.2884809970855713
73 1446.1145700000002 1463.806489 2580.2041825810816 0.2922689914703369
74 1446.1145700000002 1463.0578499 1747.8857798067227 0.2960331439971924
75 1446.1145700000002 1470.4164141000003 2670.571910855159 0.2997720241546631
76 1446.1145700000002 1468.8720816000005 3112.9748353389487 0.30382585525512695
77 1446.1145700000002 1477.3653920000004 4600.593582853947 0.30765295028686523
78 1446.1145700000002 1475.0196054000003 3452.0362060197076 0.31163597106933594
79 1446.1145700000002 1459.5582573000002 1099.793805014837 0.31548285484313965
80 1446.1145700000002 1461.2277024000002 1293.1550868143506 0.3193988800048828
81 1446.1145700000002 1463.0302017000004 1592.4303827527117 0.3232741355895996
82 1446.1145700000002 1464.0746480000003 1721.1155480559269 0.3270862102508545
83 1446.1145700000002 1464.2502218000002 2111.0400808286727 0.3311271667480469
84 1446.1145700000002 1464.0205779000003 1826.2910229637203 0.33524513244628906
85 1446.1145700000002 1462.3211228000002 1684.6645647159994 0.3395090103149414
86 1446.1145700000002 1467.5521765 2512.96797487774 0.34385204315185547
87 1446.1145700000002 1469.4507259000002 2491.573697805223 0.3480350971221924
88 1446.1145700000002 1469.3030452 3023.4948841998034 0.3522319793701172
89 1446.1145700000002 1472.2731289000003 2958.197002605522 0.3561580181121826
90 1446.1145700000002 1470.6165600000002 2963.77083538356 0.36009907722473145
91 1446.1145700000002 1466.9940757000002 2755.533519281511 0.36416196823120117
92 1446.1145700000002 1465.8576113000004 2232.3080403553113 0.36808204650878906
93 1446.1145700000002 1468.5998575000006 3093.196909703407 0.3719789981842041
94 1446.1145700000002 1465.5952752 1770.6894074222434 0.3757781982421875
95 1446.1145700000002 1469.5564288000003 2765.6842597245973 0.37984395027160645
96 1446.1145700000002 1464.7236766 2351.6532024904923 0.38388514518737793
97 1446.1145700000002 1464.8824308000005 2198.6595547352026 0.3877530097961426
98 1446.1145700000002 1464.6342774000002 2142.259562386454 0.3915750980377197
99 1446.1145700000002 1461.7087410999998 1901.2747007450373 0.39542412757873535
100 1446.1145700000002 1470.3055184000002 2457.7021096737376 0.39917707443237305
101 1446.1145700000002 1472.0258923 2915.995523012623 0.40302300453186035
102 1446.1145700000002 1464.4645851999999 2304.339035689378 0.4069981575012207
103 1446.1145700000002 1463.4508179999998 1719.743839514312 0.41084909439086914
104 1446.1145700000002 1463.0449818 1592.8979330981122 0.4150810241699219
105 1446.1145700000002 1466.4476613000004 1836.7813556180847 0.4188501834869385
106 1446.1145700000002 1467.8747353000006 2015.6852116455836 0.42278289794921875
107 1446.1145700000002 1462.0494482000004 1351.6058381215635 0.4269587993621826
108 1446.1145700000002 1470.6036157 2894.1282301657247 0.4308958053588867
109 1446.1145700000002 1477.1658012000003 3554.28365029205 0.43494105339050293
110 1446.1145700000002 1481.2521560999999 3870.009924587908 0.43882203102111816
111 1446.1145700000002 1473.0584836 2785.303627760972 0.44263291358947754
112 1446.1145700000002 1470.3391541 2332.583868582103 0.44646310806274414
113 1446.1145700000002 1468.2507291999998 2242.86430457572 0.45026421546936035
114 1446.1145700000002 1466.339196 1786.8010139572455 0.45415711402893066
115 1446.1145700000002 1475.7663886 2961.0135002889187 0.45810699462890625
116 1446.1145700000002 1467.5702107999998 1869.379273622918 0.46196794509887695
117 1446.1145700000002 1466.2813678 1757.2508695272868 0.46569395065307617
118 1446.1145700000002 1465.4937682 2214.4368629990954 0.46949195861816406
119 1446.1145700000002 1470.0055930999997 2551.1403862129723 0.4733240604400635
120 1446.1145700000002 1468.2733922000002 2591.781432193511 0.4770538806915283
121 1446.1145700000002 1468.1918727000002 2022.2315032512818 0.4808499813079834
122 1446.1145700000002 1469.5184632 2076.2989225376073 0.48464488983154297
123 1446.1145700000002 1469.0309077000002 2276.1794718483306 0.4884319305419922
124 1446.1145700000002 1468.8002703 2325.643121679043 0.492264986038208
125 1446.1145700000002 1472.7301764000003 2800.8437911503324 0.49622106552124023
126 1446.1145700000002 1473.0800062000003 2860.3618406640035 0.499971866607666
127 1446.1145700000002 1468.487501 2249.8533321732293 0.5036940574645996
128 1446.1145700000002 1469.2062646 2396.632715549218 0.5074019432067871
129 1446.1145700000002 1465.9279079 1991.1734898812936 0.511185884475708
130 1446.1145700000002 1467.6039564000002 2008.3563955353393 0.5149660110473633
131 1446.1145700000002 1460.6359247000003 1178.4204568312132 0.5187380313873291
132 1446.1145700000002 1466.6939425 1998.2885393656804 0.5225138664245605
133 1446.1145700000002 1469.8743472 2114.385779717511 0.5263419151306152
134 1446.1145700000002 1466.0819314000003 1840.4453628314268 0.5302410125732422
135 1446.1145700000002 1471.5192060000002 2628.7690185358747 0.5340988636016846
136 1446.1145700000002 1481.3634422000002 4022.8245462635546 0.5377631187438965
137 1446.1145700000002 1472.3420854000003 2810.3031548866948 0.5415811538696289
138 1446.1145700000002 1467.0987704000001 1918.3647066702188 0.5453429222106934
139 1446.1145700000002 1462.2359433000001 1431.2917842297588 0.5491230487823486
140 1446.1145700000002 1465.4542886000004 2107.9498606391658 0.5529179573059082
141 1446.1145700000002 1460.0384299999998 1393.1735222555656 0.5567507743835449
142 1446.1145700000002 1466.0051673 2068.2918234965477 0.5605530738830566
143 1446.1145700000002 1471.8713678 3240.4311653816467 0.564385175704956
144 1446.1145700000002 1474.6811745000002 3948.2031885413085 0.568289041519165
145 1446.1145700000002 1463.8996779000001 1817.505557729792 0.5720789432525635
146 1446.1145700000002 1468.1608882000003 2163.9466202787285 0.575963020324707
147 1446.1145700000002 1464.1243474000005 1581.6663183720095 0.5797371864318848
148 1446.1145700000002 1467.6470433000002 2382.7477903797494 0.5835120677947998
149 1446.1145700000002 1463.1140668 1747.4636749043875 0.5873138904571533
150 1446.1145700000002 1464.7760693000005 1946.3396676989523 0.5911180973052979
151 1446.1145700000002 1468.2786827999998 2276.391884729517 0.5949158668518066
152 1446.1145700000002 1463.4842601 1826.0488413998457 0.5987331867218018
153 1446.1145700000002 1462.8761544 1984.4972347761068 0.6025009155273438
154 1446.1145700000002 1463.3460455000002 2174.427540708301 0.6064760684967041
155 1446.1145700000002 1465.0963057000001 2311.425958686974 0.6105470657348633
156 1446.1145700000002 1463.6499301000001 2654.313915099664 0.6144740581512451
157 1446.1145700000002 1465.0427621000003 2206.00316949709 0.6183600425720215
158 1446.1145700000002 1467.1203579000003 2079.9891702023706 0.6222009658813477
159 1446.1145700000002 1469.8278108000004 2337.2228582784724 0.6259851455688477
160 1446.1145700000002 1471.8431117000002 2944.56873001369 0.6299989223480225
161 1446.1145700000002 1471.2327488 2980.0831533123987 0.6340270042419434
162 1446.1145700000002 1471.9866476000002 2812.5899255400163 0.6380350589752197
163 1446.1145700000002 1473.9653816999999 2692.890044526148 0.642009973526001
164 1446.1145700000002 1469.5129887 2443.081584619675 0.6460990905761719
165 1446.1145700000002 1467.0691036 2392.1849810925037 0.6500909328460693
166 1446.1145700000002 1467.0976896000002 2506.4422650184956 0.6540548801422119
167 1446.1145700000002 1464.2203588000002 1758.5353077043826 0.6579930782318115
168 1446.1145700000002 1468.0580966 2161.839548311913 0.6619000434875488
169 1446.1145700000002 1467.5659628000003 2093.3897099660767 0.6658840179443359
170 1446.1145700000002 1474.8906815 2612.132596550511 0.6699390411376953
171 1446.1145700000002 1476.6107393000004 2901.6127645523916 0.6738839149475098
172 1446.1145700000002 1470.0752335 2645.4737240116388 0.6779029369354248
173 1446.1145700000002 1463.4474952 1730.0364994105412 0.682103157043457
174 1446.1145700000002 1468.6882446000004 2279.330820194349 0.6859309673309326
175 1446.1145700000002 1469.7286731000004 2324.5669199685885 0.689810037612915
176 1446.1145700000002 1470.0670100000002 2964.9617522646718 0.6943509578704834
177 1446.1145700000002 1469.3685514 3147.3440923878893 0.6985511779785156
178 1446.1145700000002 1467.4955629000003 2287.8035032874704 0.7028050422668457
179 1446.1145700000002 1472.2784918000002 2909.7522867823614 0.7069220542907715
180 1446.1145700000002 1463.8725074000001 1810.6394865342781 0.7109508514404297
181 1446.1145700000002 1465.7930125000003 2191.894069842173 0.7149980068206787
182 1446.1145700000002 1463.0732898 1987.276714203881 0.7192909717559814
183 1446.1145700000002 1466.2339353 2068.2782845006213 0.7235012054443359
184 1446.1145700000002 1462.7294456 1788.7578684022287 0.7275941371917725
185 1446.1145700000002 1458.0270912 1245.871663371748 0.7317838668823242
186 1446.1145700000002 1460.0344446000004 1579.028756763475 0.7357900142669678
187 1446.1145700000002 1464.3306562 1748.061626820464 0.7398180961608887
188 1446.1145700000002 1463.8736556000001 1896.2055700313617 0.7438521385192871
189 1446.1145700000002 1461.9851706000002 1591.9471593606493 0.747750997543335
190 1446.1145700000002 1463.3832831000002 1790.4142953896067 0.7515788078308105
191 1446.1145700000002 1470.2433071 2285.674757354067 0.7554819583892822
192 1446.1145700000002 1470.8700259 2462.671068008675 0.7593929767608643
193 1446.1145700000002 1466.3044591999999 2658.5290845320355 0.7632179260253906
194 1446.1145700000002 1470.8178449000002 3346.740711198951 0.7670290470123291
195 1446.1145700000002 1469.6590504000005 2703.9041418017364 0.7708711624145508
196 1446.1145700000002 1468.0366884 2217.952533379019 0.7745668888092041
197 1446.1145700000002 1471.4832883000004 2713.7101803150836 0.7783629894256592
198 1446.1145700000002 1473.6979460000002 3129.8853504938797 0.7823569774627686
199 1446.1145700000002 1473.6777734000002 3209.90365302295 0.7863020896911621
200 1446.1145700000002 1472.666827 3313.294778537625 0.7901730537414551
201 1446.1145700000002 1468.3852468000002 3012.8517630930023 0.7943181991577148
202 1446.1145700000002 1467.0051796000002 2112.376142583154 0.7982017993927002
203 1446.1145700000002 1462.0355352000001 1422.519184117949 0.8020510673522949
204 1446.1145700000002 1465.7091017000005 1880.0680309995412 0.8058381080627441
205 1446.1145700000002 1463.6007667000003 1855.4537321337277 0.8097689151763916
206 1446.1145700000002 1463.4305323 1904.6221991647583 0.8138210773468018
207 1446.1145700000002 1468.2948991 2611.385942286733 0.8176610469818115
208 1446.1145700000002 1461.9740496 1901.8433615110366 0.8214941024780273
209 1446.1145700000002 1466.1743912999998 2327.9065800641333 0.8254430294036865
210 1446.1145700000002 1469.4289069 2726.1312975672417 0.829340934753418
211 1446.1145700000002 1462.9568497999999 1869.7368271240155 0.8334369659423828
212 1446.1145700000002 1467.2991121000002 2293.1060671703094 0.8374040126800537
213 1446.1145700000002 1469.5594910999998 2526.0013271381213 0.841292142868042
214 1446.1145700000002 1475.5456136999999 3314.798533866178 0.8452329635620117
215 1446.1145700000002 1467.6520715 2150.632366047839 0.8492980003356934
216 1446.1145700000002 1465.4500570999999 1689.1051974374857 0.8531489372253418
217 1446.1145700000002 1472.8723876000001 2753.9857483844085 0.8571310043334961
218 1446.1145700000002 1463.2874665000002 1802.7877840114038 0.8609538078308105
219 1446.1145700000002 1467.7034183000003 2370.863670065928 0.8649859428405762
220 1446.1145700000002 1470.5519907000003 2428.875121282068 0.8690230846405029
221 1446.1145700000002 1467.5914767000002 2507.9131816583144 0.8730089664459229
222 1446.1145700000002 1467.7834781000001 2445.5599557865976 0.8768341541290283
223 1446.1145700000002 1470.2622161000002 3051.320364718171 0.880687952041626
224 1446.1145700000002 1467.4239438000002 2147.934970529718 0.8846158981323242
225 1446.1145700000002 1466.0304886000004 1916.389305461037 0.8884949684143066
226 1446.1145700000002 1466.7893228 2534.259385627692 0.8923740386962891
227 1446.1145700000002 1473.1704256000003 2643.5700733362696 0.8963348865509033
228 1446.1145700000002 1475.8184864000004 2914.2486498980406 0.9002199172973633
229 1446.1145700000002 1479.8958808000004 3358.260090398535 0.9040131568908691
230 1446.1145700000002 1478.3931809999997 3250.385564587855 0.9080147743225098
231 1446.1145700000002 1477.8758686 3773.8288570388786 0.9118609428405762
232 1446.1145700000002 1466.6132869 2329.3233577244246 0.9156739711761475
233 1446.1145700000002 1462.6641234 1572.3102897205138 0.9194560050964355
234 1446.1145700000002 1460.8959087 1146.1251190743494 0.9232468605041504
235 1446.1145700000002 1462.9515869000002 1417.318023567599 0.9271349906921387
236 1446.1145700000002 1463.7636453000002 2343.086063224137 0.9310610294342041
237 1446.1145700000002 1457.9861154 1050.266203309754 0.9348628520965576
238 1446.1145700000002 1458.9800885000004 1153.8640458712416 0.9389839172363281
239 1446.1145700000002 1460.7551382 1366.7355505919622 0.9430091381072998
240 1446.1145700000002 1463.3274276 1631.9825851843584 0.9470641613006592
241 1446.1145700000002 1465.2043145000002 2229.037490170248 0.950875997543335
242 1446.1145700000002 1466.8794108000002 3154.4622297284923 0.9546749591827393
243 1446.1145700000002 1468.2496930000002 3214.610033142208 0.9585318565368652
244 1446.1145700000002 1464.5280831 2527.183378780815 0.9623491764068604
245 1446.1145700000002 1467.3780251 2742.3955156460265 0.9661529064178467
246 1446.1145700000002 1468.1350189000002 2204.951502838618 0.9700109958648682
247 1446.1145700000002 1467.5583207000004 2406.867256715307 0.9738597869873047
248 1446.1145700000002 1476.7489395000002 3844.877420825761 0.9776561260223389
249 1446.1145700000002 1467.4456338000005 2047.2798239797878 0.9816579818725586
1446.1145700000002 0.985584020614624
2
0 7105.56217 9357.228694000001 1084640.373267678 0.0033941268920898438
1 3581.42792 8682.5294387 1309113.97289381 0.008471012115478516
2 2368.2624699999997 7277.8505258000005 3663071.2074421532 0.013200044631958008
3 1789.28019 6068.5266401 4844910.29644785 0.017518043518066406
4 1738.33437 5128.6013153 5145979.439514999 0.021750926971435547
5 1738.33437 4213.4897145 5139478.171070674 0.02584695816040039
6 1616.3594099999998 3582.2458352000003 4451880.700894517 0.02994704246520996
7 1606.3508 3155.0157017 3981900.8540968276 0.03407716751098633
8 1581.9478299999996 2713.253847600001 3196454.8034009254 0.03812718391418457
9 1554.7008500000002 2274.7257987999997 1636019.1084355859 0.0422821044921875
10 1512.7120599999998 1985.5052242 649630.874663195 0.0462498664855957
11 1511.9149 1828.7467687999995 413444.1895424298 0.05014491081237793
12 1483.9330200000002 1739.947461 380546.93901832594 0.05410408973693848
13 1458.28361 1684.4383431 362575.20278370945 0.05800795555114746
14 1458.28361 1654.2313257 359349.1233274184 0.06178402900695801
15 1458.28361 1631.8727516000001 341479.33614804834 0.06565189361572266
16 1454.0659 1620.5745689000003 342362.48451010534 0.06949400901794434
17 1454.0659 1583.2330101999999 195138.01475964248 0.07338809967041016
18 1454.0659 1547.4323745000002 93480.2641727454 0.07729411125183105
19 1454.0659 1535.0319854 92054.22930036225 0.08121109008789062
20 1454.0659 1527.7879182999998 92865.30059452828 0.08505415916442871
21 1454.0659 1477.5822091999996 2826.432163354999 0.08887004852294922
22 1454.0659 1476.3095029999995 2293.9431556858867 0.09270024299621582
23 1454.0659 1475.1654466999998 1924.0071002288134 0.09662723541259766
24 1454.0659 1477.7140336999998 2014.4391835397068 0.10040020942687988
25 1454.0659 1476.6734307999993 1915.6357583781594 0.10426497459411621
26 1454.0659 1476.4932214999997 2160.820173744434 0.10804414749145508
27 1454.0659 1472.8344448999997 1566.3405831785587 0.11185097694396973
28 1454.0659 1479.6837837999994 2280.9360695237597 0.1156771183013916
29 1454.0659 1473.8485098999995 1933.0403254845942 0.11976385116577148
30 1454.0659 1471.4252873999992 1816.549686116469 0.1235189437866211
31 1454.0659 1473.5392706999994 1812.795114443351 0.12747406959533691
32 1454.0659 1473.7221048999993 2405.2331470863887 0.13157010078430176
33 1454.0659 1474.9681234999996 2594.4162704464457 0.13541603088378906
34 1454.0659 1474.9871611999995 2831.360968623497 0.13943004608154297
35 1454.0659 1474.4415221999993 2517.0276416293927 0.14347004890441895
36 1454.0659 1470.1902916999993 1953.2279645065655 0.14716100692749023
37 1454.0659 1468.3080519999994 1628.3954583302223 0.15091609954833984
38 1454.0659 1476.0701668999995 2357.662352641629 0.15512704849243164
39 1454.0659 1474.6501660999993 2018.1421702351022 0.15899205207824707
40 1454.0659 1475.6741426999995 2431.156605232581 0.16309714317321777
41 1454.0659 1472.7773971999995 2045.4827838293859 0.16702795028686523
42 1454.0659 1468.9971968999994 1832.057812559548 0.17119812965393066
43 1454.0659 1470.1694228999995 1838.1274054199673 0.17544221878051758
44 1454.0659 1471.9928297999993 2277.9343924264167 0.1794569492340088
45 1454.0659 1478.5770293999992 2929.5119025846243 0.1833362579345703
46 1454.0659 1476.8876611999995 2830.8118970452774 0.18730998039245605
47 1454.0659 1473.9775562999996 2172.2780677747014 0.1912832260131836
48 1454.0659 1471.3148375999995 1828.8843279982343 0.19506311416625977
49 1454.0659 1477.0856257999994 2265.3008010350763 0.1987760066986084
50 1454.0659 1478.6018066999995 2306.6357524783457 0.20292019844055176
51 1454.0659 1473.3370805999991 2132.651998596648 0.20678210258483887
52 1454.0659 1472.3314946999994 2049.046995064043 0.21060919761657715
53 1454.0659 1473.6987231999994 2557.9825213225577 0.21447396278381348
54 1454.0659 1468.949534199999 1566.3671527145298 0.21825814247131348
55 1454.0659 1470.1240205999993 1955.2739913287814 0.22199606895446777
56 1454.0659 1467.5616769999992 1641.488230569518 0.22577404975891113
57 1454.0659 1468.5352365999995 1484.197081423112 0.2297821044921875
58 1454.0659 1469.8809291999994 2009.9498929137492 0.23360824584960938
59 1454.0659 1470.3170440999995 2073.470057591819 0.23754596710205078
60 1454.0659 1469.9535114999992 2061.1374362812553 0.241865873336792
61 1454.0659 1477.0081100999994 2756.299954458766 0.24608421325683594
62 1454.0659 1473.6901369999996 2440.0594662057933 0.25023412704467773
63 1454.0659 1471.0408195999996 2105.6436313950735 0.25411295890808105
64 1454.0659 1468.8644748999993 1828.407283329879 0.25794100761413574
65 1454.0659 1472.3727470999993 2643.972015630234 0.26185011863708496
66 1454.0659 1476.3745947999994 3271.6510365150402 0.26581501960754395
67 1454.0659 1471.7401738999993 2025.0412893439407 0.2697899341583252
68 1454.0659 1469.2996242999996 1409.4974179497053 0.27396202087402344
69 1454.0659 1471.3796490999991 1785.1339646815602 0.27794599533081055
70 1454.0659 1472.4429510999994 1960.3323260553384 0.28174304962158203
71 1454.0659 1473.3830641999991 2235.0013581611765 0.28557896614074707
72 1454.0659 1470.3275287999993 2376.2815087473946 0.2894411087036133
73 1454.0659 1475.8817333999996 3079.0062253366586 0.2932462692260742
74 1454.0659 1472.2553350999992 2616.053740356529 0.296964168548584
75 1454.0659 1477.193142999999 3029.5973724777937 0.3007240295410156
76 1454.0659 1478.5887538999993 3203.1920760282756 0.3047139644622803
77 1454.0659 1476.2469927999994 3316.2145653019666 0.30846405029296875
78 1454.0659 1471.6802763999995 2969.9950758879395 0.3123500347137451
79 1454.0659 1470.7948263999995 2416.927150426171 0.3161461353302002
80 1454.0659 1469.2040755999994 2128.2887117797304 0.31993603706359863
81 1454.0659 1470.7492731999996 1998.5235338475845 0.3238260746002197
82 1454.0659 1475.5405185999996 2351.734782075858 0.3278062343597412
83 1454.0659 1475.0917545999994 2552.6349049381674 0.33187294006347656
84 1454.0659 1471.9715802999992 1739.0724653743773 0.3358650207519531
85 1454.0659 1471.1229452999992 1817.734768008176 0.33983707427978516
86 1454.0659 1466.3630452999994 1336.323364531949 0.3439640998840332
87 1454.0659 1468.5537113999994 1841.5521246468882 0.34789514541625977
88 1454.0659 1472.6325565999996 2597.5173467224504 0.3517301082611084
89 1454.0659 1476.2153241999995 2630.1386676812476 0.3556039333343506
90 1454.0659 1477.1165463999994 3371.7533783966956 0.35950207710266113
91 1454.0659 1474.1281747999994 2054.3026802914683 0.3635251522064209
92 1454.0659 1477.2516129999995 2798.6182759052094 0.36750197410583496
93 1454.0659 1474.684708699999 2318.906116252517 0.37143611907958984
94 1454.0659 1480.8557315999992 3831.03787231914 0.37546205520629883
95 1454.0659 1476.5995075999992 3152.916819505057 0.37934422492980957
96 1454.0659 1479.0169396999993 3543.3247627392975 0.3831169605255127
97 1454.0659 1475.0512892999996 2458.2905324377243 0.3869941234588623
98 1454.0659 1470.6200471999994 1899.9112764675738 0.3907771110534668
99 1454.0659 1472.6249231999996 1838.2559906947138 0.39450907707214355
100 1454.0659 1478.2160373999993 2709.6252324290062 0.39827823638916016
101 1454.0659 1479.4399976999994 2904.212711547947 0.40216898918151855
102 1454.0659 1473.9225725999993 2368.6009935242614 0.4059760570526123
103 1454.0659 1473.6201802999997 2757.2890309439376 0.4097609519958496
104 1454.0659 1477.9036249999997 3250.810959527726 0.4134819507598877
105 1454.0659 1486.4558667999995 3705.047034942586 0.4175410270690918
106 1454.0659 1478.9736463999993 3344.4939307175564 0.42142510414123535
107 1454.0659 1473.5600265999994 2797.2469391497884 0.4252049922943115
108 1454.0659 1471.8048736999997 2440.2341018540947 0.42894792556762695
109 1454.0659 1479.8810388999998 3132.3131962211505 0.43270397186279297
110 1454.0659 1472.6598616999993 2413.2254839203724 0.4365501403808594
111 1454.0659 1473.8987967999992 2246.5431841981294 0.4403061866760254
112 1454.0659 1474.1619929999995 2022.6993379940457 0.4441540241241455
113 1449.5980900000002 1475.8891936999994 2428.5084354320993 0.4479851722717285
114 1449.5980900000002 1475.5237771999998 2355.3865993871964 0.4518251419067383
115 1449.5980900000002 1482.1245131999997 2852.4246307962003 0.4558100700378418
116 1449.5980900000002 1485.2497554999998 3524.1431368897865 0.45970606803894043
117 1449.5980900000002 1481.0937998 3177.746696557792 0.46353602409362793
118 1449.5980900000002 1478.8481784 3790.0138881031467 0.46735715866088867
119 1449.5980900000002 1476.7874522999998 3345.3413070111246 0.47105908393859863
120 1449.5980900000002 1474.9431809000002 3170.5887539185587 0.4749159812927246
121 1449.5980900000002 1483.8939708000003 4452.338532884929 0.47860097885131836
122 1449.5980900000002 1480.9934164000006 3885.9954642772173 0.4823951721191406
123 1449.5980900000002 1478.655027 4159.640689646354 0.48622727394104004
124 1449.5980900000002 1469.5676371000002 2272.9205859267054 0.49003005027770996
125 1449.5980900000002 1469.3676616000005 2766.628825431978 0.4939901828765869
126 1449.5980900000002 1470.3551441000006 2130.7105089858483 0.49780702590942383
127 1449.5980900000002 1474.3547572000004 2930.2904978277297 0.5016040802001953
128 1445.7045400000002 1469.6674133000006 1977.7152130566037 0.5053832530975342
129 1445.7045400000002 1466.3526528000004 2071.85725508581 0.5092148780822754
130 1445.7045400000002 1472.2629991000006 2441.414035396951 0.5130569934844971
131 1445.7045400000002 1472.2988071000002 2459.869697634081 0.5168440341949463
132 1445.7045400000002 1468.3228170000004 1983.012357342252 0.5206389427185059
133 1445.7045400000002 1467.5124180000005 2193.0029181206583 0.5244982242584229
134 1445.7045400000002 1473.0922248000006 2199.4492826703136 0.5282421112060547
135 1445.7045400000002 1471.4737858000005 2183.660894795888 0.5321662425994873
136 1445.7045400000002 1469.9981660000008 2291.737414844794 0.5362532138824463
137 1445.7045400000002 1468.0733858000003 2115.2424676267583 0.540104866027832
138 1445.7045400000002 1466.4388821000007 2121.6153129402164 0.5438592433929443
139 1445.7045400000002 1461.0918265000003 1649.4383984926376 0.5477092266082764
140 1445.7045400000002 1469.6284158000008 2836.4518060690216 0.5515811443328857
141 1445.7045400000002 1462.755577100001 1970.56358323419 0.5553619861602783
142 1445.7045400000002 1461.7416277000004 1608.264649215744 0.5592350959777832
143 1445.7045400000002 1459.6259000000002 1394.158837401043 0.5631380081176758
144 1445.7045400000002 1462.8408143000006 1610.263904552411 0.5669801235198975
145 1445.7045400000002 1472.3539450000005 2273.6011899321043 0.5709731578826904
146 1445.7045400000002 1468.8019745000004 2269.7210356839237 0.5748701095581055
147 1445.7045400000002 1467.0471133000005 2224.9401622184996 0.5787420272827148
148 1445.7045400000002 1471.5863066000002 3269.9379363656453 0.5825741291046143
149 1445.7045400000002 1468.0184207000007 2946.6035219128516 0.5867629051208496
150 1445.7045400000002 1467.2522760000004 2563.6507554741397 0.590867280960083
151 1445.7045400000002 1458.8566429000005 1084.4194758478159 0.5952849388122559
152 1445.7045400000002 1462.7187325000007 1776.0559145516925 0.5990760326385498
153 1445.7045400000002 1461.1036991000008 1597.1663205546618 0.603140115737915
154 1445.7045400000002 1462.4242379000002 1895.8277172869596 0.6070382595062256
155 1445.7045400000002 1459.5982085000007 1432.3094395529088 0.6111500263214111
156 1445.7045400000002 1455.1198249000006 820.0427644805095 0.615692138671875
157 1445.7045400000002 1455.916612600001 909.5552622955421 0.6200261116027832
158 1445.7045400000002 1452.7862353000007 602.1466119178345 0.6243362426757812
159 1445.7045400000002 1454.7194895000005 864.7080353532644 0.6285319328308105
160 1445.7045400000002 1459.3491163000006 1871.036952286629 0.6325721740722656
161 1445.7045400000002 1464.5715352000009 2567.3688421779448 0.6366760730743408
162 1445.7045400000002 1461.0600826000002 1835.3230605279346 0.6414101123809814
163 1445.7045400000002 1466.1120399000006 2069.050848068182 0.6458010673522949
164 1445.7045400000002 1462.2789734000005 1871.210007679877 0.6499392986297607
165 1445.7045400000002 1460.2284456000007 1420.0604736668697 0.6538622379302979
166 1445.7045400000002 1458.5594908000005 1404.2157165526337 0.6576602458953857
167 1445.7045400000002 1460.3439714000006 1940.7967039427049 0.6618812084197998
168 1445.7045400000002 1462.4224383000005 1811.2528801579936 0.6661090850830078
169 1445.7045400000002 1464.4696573000006 1749.0435379998057 0.6700141429901123
170 1445.7045400000002 1468.9081584000005 2789.620800873943 0.6739370822906494
171 1445.7045400000002 1467.5509745000006 2368.538386268397 0.6778550148010254
172 1445.7045400000002 1467.8389043000006 2614.909323568098 0.6818890571594238
173 1445.7045400000002 1471.8441175000005 3670.6753837392353 0.6859571933746338
174 1445.7045400000002 1470.2233451000004 3049.221736355228 0.6900300979614258
175 1445.7045400000002 1472.8171269000006 3551.3006263772004 0.6941239833831787
176 1445.7045400000002 1475.9582459000003 3817.0688609272997 0.697930097579956
177 1445.7045400000002 1474.9294010000006 3648.630026518392 0.7018489837646484
178 1445.7045400000002 1471.3794724000006 2867.401956799999 0.7062020301818848
179 1445.7045400000002 1467.2736030000005 2451.2721864866216 0.7104051113128662
180 1445.7045400000002 1463.5858074000007 2039.5122413713802 0.7144870758056641
181 1445.7045400000002 1463.8661428000007 1803.9645156572085 0.718590259552002
182 1445.7045400000002 1464.9080411000004 2042.3092221128882 0.7229502201080322
183 1445.7045400000002 1461.2872155000007 1887.5063320190632 0.7271730899810791
184 1445.7045400000002 1455.6609512000007 1224.0294918339757 0.7313499450683594
185 1445.7045400000002 1458.0499234000006 1568.9141320054268 0.7353432178497314
186 1445.7045400000002 1463.127828700001 2157.1682414862107 0.7393901348114014
187 1445.7045400000002 1464.590593200001 1662.2724215764035 0.7437632083892822
188 1445.7045400000002 1472.8472934000006 2596.1980695315324 0.7478721141815186
189 1445.7045400000002 1471.0347203000006 3030.4901246819004 0.7520890235900879
190 1445.7045400000002 1468.6145416000002 2476.2115512586042 0.7561430931091309
191 1445.7045400000002 1466.0513421000007 2554.352579026375 0.7603890895843506
192 1445.7045400000002 1461.2777741000004 1625.8826888285344 0.7646210193634033
193 1445.7045400000002 1461.0194521000003 1668.7951455396467 0.7685580253601074
194 1445.7045400000002 1464.2366677000007 2176.4496719769377 0.7727770805358887
195 1445.7045400000002 1464.5420023000008 2377.5638602437793 0.7766280174255371
196 1445.7045400000002 1457.5299319000007 1536.5696203784184 0.7808282375335693
197 1445.7045400000002 1455.5969083000007 1104.9123279675973 0.7849740982055664
198 1445.7045400000002 1458.5090303000006 1361.4953315912492 0.7889671325683594
199 1445.7045400000002 1462.1105251000004 1572.6464767427567 0.7930951118469238
200 1445.7045400000002 1464.3892038000008 1714.7574804838932 0.7973921298980713
201 1445.7045400000002 1468.2780161000007 2673.441861347258 0.8017048835754395
202 1445.7045400000002 1461.8547007000006 1845.9702316610399 0.8057332038879395
203 1445.7045400000002 1464.6276336000003 2125.004202678378 0.8097741603851318
204 1445.7045400000002 1464.9153256000004 1942.030091401782 0.8139691352844238
205 1445.7045400000002 1471.6280306000006 3718.6251007084747 0.8180980682373047
206 1445.7045400000002 1469.9865903000004 2999.3856071492755 0.8222341537475586
207 1445.7045400000002 1465.6750197000003 2299.0623741756644 0.8261959552764893
208 1445.7045400000002 1468.5688982000006 2934.0208142831248 0.8302321434020996
209 1445.7045400000002 1470.4515876000005 3055.873495927025 0.8345839977264404
210 1445.7045400000002 1466.8918797000006 2484.8594158822025 0.8396861553192139
211 1445.7045400000002 1463.2555269000006 2124.2749824554917 0.8438699245452881
212 1445.7045400000002 1473.0316106000005 3052.124523377376 0.847851037979126
213 1445.7045400000002 1478.0292285000003 4471.9535853057905 0.8517980575561523
214 1445.7045400000002 1477.4463080000005 3722.865909515086 0.8558001518249512
215 1445.7045400000002 1463.6125647000006 1843.242424749463 0.8598990440368652
216 1445.7045400000002 1464.3149337000004 2370.547684363156 0.8638911247253418
217 1445.7045400000002 1469.8224400000004 4008.102905428575 0.8678750991821289
218 1445.7045400000002 1465.5270146000005 2564.673218866395 0.8720660209655762
219 1445.7045400000002 1463.2249127000005 2257.942290105255 0.8761599063873291
220 1445.7045400000002 1462.9858867000003 2114.308182243333 0.8802070617675781
221 1445.7045400000002 1460.0089384000007 1379.235749021879 0.8840639591217041
222 1445.7045400000002 1464.9647092000005 1938.6402308245906 0.8881809711456299
223 1445.7045400000002 1465.7527472000004 2520.715955726099 0.8920619487762451
224 1445.7045400000002 1467.7905398000005 3098.7253734842666 0.8962101936340332
225 1445.7045400000002 1468.2310828000004 2428.895410683258 0.9004561901092529
226 1445.7045400000002 1470.3194283000003 2232.0917838813293 0.9044139385223389
227 1445.7045400000002 1468.7726685000005 2283.6874022477064 0.90848708152771
228 1445.7045400000002 1464.1216219000007 2395.022482980655 0.9125292301177979
229 1445.7045400000002 1463.3289762000006 2201.0295182566465 0.9167449474334717
230 1445.7045400000002 1465.2356830000003 2270.3681042029943 0.9209048748016357
231 1445.7045400000002 1462.6307091000003 2130.084706083003 0.9248199462890625
232 1445.7045400000002 1457.5418087000007 1331.3651490015293 0.9287631511688232
233 1445.7045400000002 1466.7905325000006 2306.516916212382 0.9327092170715332
234 1445.7045400000002 1466.5950367000007 2569.1047729307315 0.936535120010376
235 1445.7045400000002 1471.0290775000008 2750.526785516775 0.9404351711273193
236 1445.7045400000002 1470.9933081000008 3252.8946505986155 0.9442732334136963
237 1445.7045400000002 1465.5390386000008 2814.747115164343 0.9481899738311768
238 1445.7045400000002 1468.1691286000005 2631.179476878597 0.9520969390869141
239 1445.7045400000002 1464.9826956000004 2323.137080685936 0.9559340476989746
240 1445.7045400000002 1471.0347583000005 2922.061040318242 0.9597282409667969
241 1445.7045400000002 1468.7622061000009 3055.0487635918485 0.9635472297668457
242 1445.7045400000002 1464.3447974000003 2304.407489835558 0.9674041271209717
243 1445.7045400000002 1463.0056441000006 2326.4776699497884 0.9711301326751709
244 1445.7045400000002 1464.1015407000004 2447.7340714225484 0.9749419689178467
245 1445.7045400000002 1461.5999490000004 2161.218998860403 0.978809118270874
246 1445.7045400000002 1458.8159265000006 1677.9326132258407 0.9826130867004395
247 1445.7045400000002 1464.9490084000008 2331.7927466051783 0.9866001605987549
248 1445.7045400000002 1466.5839601000002 2734.586435164108 0.9905071258544922
249 1445.7045400000002 1465.0832728000005 2336.511330926005 0.9943599700927734
1445.7045400000002 0.9981119632720947
3
0 6262.974270000001 9419.686375300002 748143.9737207246 0.0033609867095947266
1 3478.07604 8640.7764077 1936741.85063528 0.008328914642333984
2 2131.4913100000003 7534.2013985 4439485.963665188 0.012892961502075195
3 1778.99327 6412.009525500001 6495999.070908686 0.017230987548828125
4 1557.85216 5615.551776300001 7210966.657952129 0.02143096923828125
5 1557.85216 4792.6316099 6703538.111085657 0.02552509307861328
6 1557.85216 3634.140751600001 4683072.4037249 0.029721975326538086
7 1506.03341 3110.7279378000003 3844443.3738213996 0.03368091583251953
8 1506.03341 2583.8415109999996 2650039.553356972 0.03759908676147461
9 1506.03341 2187.6246862 1427202.3637856352 0.041615962982177734
10 1506.03341 2002.7554155000005 873975.8291233181 0.04551506042480469
11 1506.03341 1877.3496155000003 629045.3930069967 0.04932379722595215
12 1470.13126 1801.2939259 571249.7476456785 0.05309796333312988
13 1470.13126 1726.9420868000004 448574.70075716794 0.05684399604797363
14 1470.13126 1682.8984356 396249.3222045443 0.06066489219665527
15 1470.13126 1620.6499098 322821.97352706303 0.06450104713439941
16 1470.13126 1577.9023555 72263.34732395347 0.06825494766235352
17 1470.13126 1573.6976326000001 72859.23072837814 0.07206988334655762
18 1458.64524 1578.0902572000005 72931.10825063616 0.07585501670837402
19 1458.64524 1567.4110736000002 49141.367722960356 0.07990789413452148
20 1458.64524 1548.3273476 42174.11132290726 0.08379602432250977
21 1458.64524 1524.4279996999999 23777.550318975504 0.08774399757385254
22 1458.64524 1498.5249347 4988.59341879388 0.09156107902526855
23 1454.67278 1489.2408160999998 2868.460913260303 0.09536385536193848
24 1454.67278 1491.4034046999996 3333.236026342291 0.09916496276855469
25 1454.67278 1490.5689409 3135.6174616929848 0.10297513008117676
26 1454.67278 1487.5380164999997 3352.541157487406 0.1068880558013916
27 1454.67278 1479.4861842 2173.249328018383 0.11077690124511719
28 1454.67278 1481.1498359000002 2232.104721031354 0.11486697196960449
29 1454.67278 1476.2462776000002 1567.8447479693707 0.11902284622192383
30 1454.67278 1472.8159911 1390.2737895890227 0.1230621337890625
31 1454.67278 1468.943094 1144.4941256943953 0.12707996368408203
32 1454.67278 1476.3991827 1985.0054904884557 0.13099884986877441
33 1450.4185000000002 1476.2927692 2143.854807371217 0.13513994216918945
34 1450.4185000000002 1476.3632496999996 2276.145326072893 0.13913893699645996
35 1450.4185000000002 1476.8304445999997 2430.419406276693 0.14325904846191406
36 1450.4185000000002 1475.6979972 2336.0985995577207 0.1474289894104004
37 1450.4185000000002 1479.1329154999999 3719.2670949141943 0.15140318870544434
38 1450.4185000000002 1472.2854146 1855.1944347477038 0.15563201904296875
39 1432.35732 1465.8998667 1847.2652673254725 0.15961885452270508
40 1432.35732 1470.3667976999998 3426.74264553414 0.16357994079589844
41 1432.35732 1477.2505618000002 3533.098106406038 0.167449951171875
42 1432.35732 1468.7189641000002 3800.140187035818 0.17127680778503418
43 1432.35732 1468.0872572 3788.47748223285 0.17515301704406738
44 1432.35732 1462.6583189000003 3281.1898788228946 0.17899608612060547
45 1432.35732 1459.0243458000002 2279.449979899608 0.18285202980041504
46 1432.35732 1462.3628617000004 3192.556565841501 0.1866168975830078
47 1432.35732 1458.4669078 2320.0257862076996 0.19043803215026855
48 1432.35732 1458.4383069 2445.1655550035994 0.1944890022277832
49 1432.35732 1458.8967448000005 2666.6910109506425 0.1984260082244873
50 1432.35732 1457.3109527000001 2058.397936740973 0.20226597785949707
51 1432.35732 1458.3517995000002 2428.7691578990116 0.20612478256225586
52 1432.35732 1450.4209435 1849.2637371144538 0.21000981330871582
53 1432.35732 1454.8703064000001 2727.3671925811022 0.2137889862060547
54 1432.35732 1457.8718643 2672.4978213314425 0.21762990951538086
55 1432.35732 1454.1917844 2364.0245361038724 0.2214670181274414
56 1432.35732 1455.7293732 2456.7262167509066 0.22528505325317383
57 1432.35732 1457.2455813 2616.063870238162 0.22922396659851074
58 1432.35732 1449.0343190000003 1796.2786556313981 0.23318791389465332
59 1432.35732 1455.1505208000003 2331.4634059342043 0.23699498176574707
60 1432.35732 1454.4087696000001 2317.8009161441164 0.24082398414611816
61 1432.35732 1455.0242807999998 3043.7369841278773 0.2445988655090332
62 1432.35732 1455.9588354 3679.705130565964 0.24840879440307617
63 1432.35732 1458.2046181000003 3168.068442279803 0.25223398208618164
64 1432.35732 1453.5310913000005 2550.0336576853356 0.2561769485473633
65 1432.35732 1457.8914794 3218.5171090087556 0.2601039409637451
66 1432.35732 1456.4687613 2440.314760212361 0.2641119956970215
67 1432.35732 1455.8733523000003 2575.811854022607 0.26810288429260254
68 1432.35732 1456.1545775 2702.8280225433828 0.27202892303466797
69 1432.35732 1458.0596248000004 3672.7947674107145 0.2759699821472168
70 1432.35732 1447.1451403 1343.827575191851 0.27984189987182617
71 1432.35732 1448.4122229 1728.6361470256995 0.2836899757385254
72 1432.35732 1446.7632691000001 1588.9813194830735 0.287520170211792
73 1432.35732 1444.6224728000002 1306.501962753073 0.2913539409637451
74 1432.35732 1450.4882283000002 2352.9588301220374 0.29511308670043945
75 1432.35732 1454.5197663000001 3095.9357861786043 0.2989368438720703
76 1432.35732 1452.0157805000001 2493.839255291172 0.30268287658691406
77 1432.35732 1453.2582850000001 2515.0325932242345 0.3067169189453125
78 1432.35732 1456.3940802999998 3636.8548062369205 0.31058597564697266
79 1432.35732 1460.1287797999998 3374.004378932378 0.31438589096069336
80 1432.35732 1457.7999776 2899.664685486211 0.3181159496307373
81 1432.35732 1459.4978904000004 2902.780878621372 0.32187390327453613
82 1432.35732 1460.6412123 2866.841486900537 0.3256690502166748
83 1432.35732 1462.2324782000003 3438.8426560233147 0.32944488525390625
84 1432.35732 1458.624422 3145.9200561848347 0.3332829475402832
85 1432.35732 1454.7091048 2825.781151133412 0.33704209327697754
86 1432.35732 1451.1557186 2080.7134768120486 0.3409450054168701
87 1432.35732 1451.6007448 1558.5230112558304 0.34489893913269043
88 1432.35732 1448.5927158 1302.4151778312425 0.3488199710845947
89 1432.35732 1449.7522849000002 1672.897785409885 0.35262489318847656
90 1432.35732 1447.5443155 1555.4974178927544 0.35635900497436523
91 1432.35732 1452.1486644000001 2341.9201038573106 0.3601491451263428
92 1432.35732 1456.3989370000002 2373.640254356147 0.36393308639526367
93 1432.35732 1455.5053055000003 2597.7525939746165 0.3677551746368408
94 1432.35732 1452.0077311 1813.081419550449 0.37154197692871094
95 1432.35732 1451.9618019000002 2468.8500133083107 0.3754079341888428
96 1432.35732 1449.2199045000002 2106.0214318609383 0.37932395935058594
97 1432.35732 1450.9915502000001 1858.6125597125447 0.3832380771636963
98 1432.35732 1449.2966171 1718.593727863379 0.3871159553527832
99 1432.35732 1456.5287967000002 2474.3573498535256 0.3909027576446533
100 1432.35732 1456.3317545 2222.4172949091626 0.39472293853759766
101 1432.35732 1456.0800467000001 2588.2729245863197 0.3985249996185303
102 1432.35732 1461.5227881 3328.5116163935077 0.4023308753967285
103 1432.35732 1462.7265177000002 4109.880561712779 0.4060790538787842
104 1432.35732 1464.0045634 3681.5792873022265 0.40978002548217773
105 1432.35732 1458.1371461000003 2937.0579291369627 0.41359806060791016
106 1432.35732 1458.9231251000006 3137.5664264237694 0.4175708293914795
107 1432.35732 1448.2850316000001 2198.899377538521 0.42145800590515137
108 1432.35732 1453.869709 2188.548687441171 0.42531585693359375
109 1432.35732 1450.4515308000002 1864.6404928171728 0.42914795875549316
110 1432.35732 1451.5384159999999 1822.104996597659 0.43299007415771484
111 1432.35732 1448.3681859000003 1510.7119259215583 0.4368247985839844
112 1432.35732 1448.5952306000001 1618.1654911601622 0.4406318664550781
113 1432.35732 1449.3374516000001 1751.2233022309947 0.44445300102233887
114 1432.35732 1457.6184155 3300.5279636629384 0.4482541084289551
115 1432.35732 1457.6446528000001 3133.8723061964697 0.45203304290771484
116 1432.35732 1462.641801 3684.2938127176835 0.4559948444366455
117 1432.35732 1452.5607463 2005.7045706571507 0.4599478244781494
118 1432.35732 1458.8169865 3476.9313135193574 0.4639158248901367
119 1432.35732 1456.5510322 3043.2716869174646 0.46777892112731934
120 1432.35732 1451.8015365 1857.2075440265464 0.4716308116912842
121 1432.35732 1454.1641952 2140.716003277903 0.4754641056060791
122 1432.35732 1454.7518331999997 2217.737399631547 0.47917795181274414
123 1432.35732 1456.013942 2639.273368517368 0.4830601215362549
124 1432.35732 1450.9006211000003 2080.1905891403144 0.486875057220459
125 1432.35732 1451.1705437 1777.364213502737 0.490833044052124
126 1432.35732 1450.7087045999997 1545.0858452502691 0.4947490692138672
127 1432.35732 1456.4200190000001 2769.040190059269 0.4986131191253662
128 1432.35732 1454.7239384 2528.4440323162507 0.5024311542510986
129 1432.35732 1456.2268273999998 2236.4188474945677 0.5062699317932129
130 1432.35732 1454.7736406999998 2421.2535189607634 0.5101289749145508
131 1432.35732 1450.1842062000003 2106.7819743463238 0.5140559673309326
132 1432.35732 1450.5199378000002 2013.5712986703888 0.5179119110107422
133 1432.35732 1448.3599685000002 1481.9361038968998 0.5217969417572021
134 1432.35732 1451.0235434 1973.8152712441918 0.5256640911102295
135 1432.35732 1454.740393 2254.860867267262 0.5296249389648438
136 1432.35732 1449.6175247 1605.5811041418083 0.5336380004882812
137 1432.35732 1452.0961129000002 2233.634952836099 0.5375139713287354
138 1432.35732 1453.4203221000002 2323.003985410235 0.5413980484008789
139 1432.35732 1455.7391062000004 2666.5687718672298 0.5451757907867432
140 1432.35732 1451.1196490000002 1766.3992549109266 0.549069881439209
141 1432.35732 1448.3735491000002 1574.0491911193299 0.5529098510742188
142 1432.35732 1456.5583655 2396.3621295402318 0.5567729473114014
143 1432.35732 1451.8596313000003 1953.9310746624305 0.5605771541595459
144 1432.35732 1459.9898209 2806.412477821801 0.564424991607666
145 1432.35732 1457.0702987 2648.9913479839165 0.5684700012207031
146 1432.35732 1454.6720514 2435.8664264146028 0.5723128318786621
147 1432.35732 1454.3983157 2128.663329286359 0.5764539241790771
148 1432.35732 1454.2409774 2562.2504295628946 0.5806500911712646
149 1432.35732 1462.6769044999999 4308.720512004554 0.5847229957580566
150 1432.35732 1454.2527195 2563.434358763399 0.5887770652770996
151 1432.35732 1453.7604807000002 2228.0132811554367 0.5927300453186035
152 1432.35732 1453.8480260999997 2829.0625074448326 0.5967309474945068
153 1432.35732 1450.4816960000003 2238.680794567044 0.6008028984069824
154 1432.35732 1459.6949437000003 3677.1163595126286 0.6049380302429199
155 1432.35732 1452.9886467000001 2321.039645368616 0.6089198589324951
156 1432.35732 1452.8721436 2746.329236997986 0.6127378940582275
157 1432.35732 1455.1980173000002 2837.5119296987255 0.6164638996124268
158 1432.35732 1447.2312448999999 1719.2923554007593 0.620358943939209
159 1432.35732 1446.7350355999997 1115.3512460125187 0.6242358684539795
160 1432.35732 1446.8784719999999 1218.483696802363 0.6280200481414795
161 1432.35732 1447.805337 1342.8731411738509 0.63189697265625
162 1432.35732 1452.8981501000003 2142.5467133931916 0.6356949806213379
163 1432.35732 1454.3259491000001 2474.2838700581897 0.639617919921875
164 1432.35732 1456.5453887 2637.708570760024 0.6434469223022461
165 1432.35732 1458.6372971000005 3010.346726655316 0.6472048759460449
166 1432.35732 1459.5344730000004 2847.826314416188 0.6511790752410889
167 1432.35732 1455.4466502000002 2885.1932199321327 0.6552789211273193
168 1432.35732 1449.13126 1485.8217288521655 0.6591718196868896
169 1432.35732 1446.7266229000004 1507.1119158926801 0.6630809307098389
170 1432.35732 1445.6592267000003 1269.176734058331 0.6669211387634277
171 1432.35732 1452.1136728000004 1836.5276144000547 0.6706819534301758
172 1432.35732 1456.1131216 2546.7981600832895 0.6744987964630127
173 1432.35732 1454.5824339 2206.5273064680878 0.6784379482269287
174 1432.35732 1450.3537192000001 2344.408827135243 0.6824579238891602
175 1432.35732 1455.4168238000002 3018.1438905432833 0.6863770484924316
176 1432.35732 1460.5372094000004 4097.6670294772775 0.6902589797973633
177 1432.35732 1454.6592339000003 3331.245877939513 0.6941139698028564
178 1432.35732 1457.0933622 3764.8138946548634 0.6978659629821777
179 1432.35732 1450.9112962 1690.476290553459 0.7016611099243164
180 1432.35732 1451.9696574000004 1900.9500606030547 0.705435037612915
181 1432.35732 1449.6500293000001 1816.6349905358366 0.7092177867889404
182 1432.35732 1442.5021533000004 1023.8927633821514 0.7130241394042969
183 1432.35732 1449.0985179000004 2124.248427689622 0.7168400287628174
184 1432.35732 1454.2042842 2854.966755082677 0.7206439971923828
185 1432.35732 1451.761452 2830.651966602182 0.7243800163269043
186 1432.35732 1449.6656589 1916.679611837043 0.7281789779663086
187 1432.35732 1454.0021017000001 2629.876719596663 0.7318711280822754
188 1432.35732 1457.4883794 2958.2667914688814 0.7355749607086182
189 1432.35732 1460.8747461 3249.6171596050785 0.7393538951873779
190 1432.35732 1460.7714210000004 3332.7503988074777 0.7431290149688721
191 1432.35732 1455.3201361000001 3469.935267463677 0.7469639778137207
192 1432.35732 1451.2458917000001 1796.5391102117903 0.750697135925293
193 1432.35732 1449.7577708 1860.0896792803649 0.7546749114990234
194 1432.35732 1446.8104202000002 1558.7151597255183 0.7586278915405273
195 1432.35732 1448.4612494 2062.145320324 0.7624621391296387
196 1432.35732 1451.1787175000002 2394.8678559540235 0.766211986541748
197 1432.35732 1450.9938469000003 2095.113467154632 0.7699840068817139
198 1432.35732 1449.0617352 1853.251460129453 0.7738239765167236
199 1432.35732 1456.9315247999998 2721.7964567595172 0.7775588035583496
200 1432.35732 1448.5168015000004 1598.7344240877708 0.7814197540283203
201 1432.35732 1453.2408159000001 3490.582352705109 0.7853059768676758
202 1432.35732 1450.3589893000003 1889.0078013263287 0.789099931716919
203 1432.35732 1455.0416358000002 2736.3950373958824 0.7930488586425781
204 1432.35732 1454.079819 2724.427686126003 0.7969050407409668
205 1432.35732 1455.2390457000001 2453.5112643498774 0.8007030487060547
206 1432.35732 1454.7860586000002 2274.1747457431175 0.8044629096984863
207 1432.35732 1452.3075592999999 2088.1663267027184 0.8082168102264404
208 1432.35732 1447.0977294999998 1507.1755460620564 0.812082052230835
209 1432.35732 1454.6060789999997 2069.5478546644717 0.8158528804779053
210 1432.35732 1453.2607048999998 2200.8940974645984 0.8196609020233154
211 1432.35732 1460.0018817 2893.0303200714598 0.8234829902648926
212 1432.35732 1456.6798918 2833.195900216788 0.827368974685669
213 1432.35732 1452.3827538 2619.9995070634473 0.8312809467315674
214 1432.35732 1457.5365148000003 2990.56796744893 0.8351230621337891
215 1432.35732 1456.0665294 2486.110386509485 0.8390319347381592
216 1432.35732 1448.1520366000002 1944.1257759762145 0.8429000377655029
217 1432.35732 1446.5718629 1743.0125205063284 0.8467490673065186
218 1432.35732 1447.1479536 1843.9728095761245 0.8506410121917725
219 1432.35732 1451.094127 2189.237402498179 0.8544731140136719
220 1432.35732 1453.4657570000004 2242.403829666994 0.8583049774169922
221 1432.35732 1455.3201263 2550.175791903719 0.8620800971984863
222 1432.35732 1452.1733100000001 2700.9026396141235 0.8659749031066895
223 1432.35732 1453.4100415999999 2801.2455764056645 0.8700680732727051
224 1432.35732 1457.0124306999999 3654.0494481653186 0.8738999366760254
225 1432.35732 1451.3103623 2636.6953931109974 0.8777270317077637
226 1432.35732 1455.0298954 2716.3659535702227 0.8815550804138184
227 1432.35732 1450.4031203000004 2033.9470523717725 0.88531494140625
228 1432.35732 1451.7050751 1771.8143769674252 0.8890628814697266
229 1432.35732 1456.2314930000002 2364.716981449486 0.8928139209747314
230 1432.35732 1451.4885229000001 1939.7000171257062 0.8965981006622314
231 1432.35732 1453.6868287 2341.4243774064016 0.9003729820251465
232 1432.35732 1453.8837632000002 2182.9787774344054 0.9042770862579346
233 1432.35732 1458.0540309 2292.9214717156638 0.908193826675415
234 1432.35732 1454.3865531000001 2462.891595144742 0.9121010303497314
235 1432.35732 1451.9068931 1957.2043387495435 0.9159278869628906
236 1432.35732 1447.6239192000003 1586.3080429670888 0.9197409152984619
237 1432.35732 1449.4947000000002 1665.8408653682025 0.9235851764678955
238 1432.35732 1454.4965786 2686.959748732814 0.9273297786712646
239 1432.35732 1453.5251750000002 2489.9003263935674 0.9312078952789307
240 1432.35732 1457.6493844000004 3120.3835623929394 0.9350061416625977
241 1432.35732 1456.5368813 3099.431283633765 0.9387757778167725
242 1432.35732 1452.3548558000005 2195.3486775615784 0.9427211284637451
243 1432.35732 1456.3261634 2211.769103360433 0.946530818939209
244 1432.35732 1458.6820771000002 2159.9534197038674 0.9502880573272705
245 1432.35732 1459.4506238000001 2408.8486993811694 0.954063892364502
246 1432.35732 1454.7824915 2025.5894412742716 0.9578897953033447
247 1432.35732 1455.2410008000004 3095.875277726988 0.9617700576782227
248 1432.35732 1449.4586612000003 2096.3552782578986 0.9656038284301758
249 1432.35732 1464.7976630000003 4219.41796333345 0.9693458080291748
1432.35732 0.972963809967041
