MO3
250 1516.77300
1
0 7670.81864 10090.737729300003 698022.5756899806 0.0034508705139160156
1 2119.91952 9593.3137878 947090.49176543 0.008442878723144531
2 1826.95109 7915.4477708 6141444.006782689 0.013051033020019531
3 1762.1298000000002 6552.0446689 9136014.058997536 0.017335176467895508
4 1715.3535200000001 5272.922185400001 9078096.31030289 0.021671056747436523
5 1659.3036399999999 4182.0038977 7610962.837119534 0.025790929794311523
6 1626.2352900000003 3564.8888749999996 6411933.6807351615 0.029779911041259766
7 1626.2352900000003 3142.6151243 5086229.701885492 0.033828020095825195
8 1626.2352900000003 2659.7281643999995 3277413.221977189 0.03780007362365723
9 1626.2352900000003 2381.9700814 1885265.3791800372 0.041780948638916016
10 1614.5321600000004 2130.4801335 1075321.8309466164 0.04575300216674805
11 1567.8073100000001 1998.9753555999998 896784.2213723729 0.049629926681518555
12 1567.8073100000001 1959.0026454000001 821540.4633124939 0.053349971771240234
13 1567.8073100000001 1812.9353379 237820.53994503524 0.05719780921936035
14 1567.8073100000001 1756.6255954 179106.18611343895 0.06116986274719238
15 1567.8073100000001 1709.8786043 104451.55264501818 0.06489896774291992
16 1567.8073100000001 1693.8855514000002 90815.51295659656 0.06868195533752441
17 1567.8073100000001 1653.0394416000001 50541.9946378465 0.07257699966430664
18 1567.8073100000001 1635.1657485000003 46075.99357830842 0.07646298408508301
19 1567.8073100000001 1615.3665529000002 22089.05629929857 0.08034992218017578
20 1567.8073100000001 1615.1295155000003 21897.907077655822 0.08424091339111328
21 1567.8073100000001 1609.3170151000002 21975.765151139778 0.08804011344909668
22 1567.8073100000001 1604.3846996000002 21573.625545392817 0.09179091453552246
23 1567.8073100000001 1604.8735286000003 20256.57287979838 0.09568285942077637
24 1567.8073100000001 1601.7159757000004 11587.512231419129 0.09957313537597656
25 1567.8073100000001 1600.3456378000003 11698.788116497843 0.10355687141418457
26 1567.8073100000001 1584.4066831000005 1340.5367351520842 0.10760617256164551
27 1567.8073100000001 1585.9059105 1705.7954293796092 0.1115880012512207
28 1567.8073100000001 1586.1914669000003 1564.2514749065326 0.1155860424041748
29 1567.8073100000001 1582.1889497000002 1375.6158564362768 0.11995196342468262
30 1567.8073100000001 1581.3611684000002 1011.961179524998 0.12387299537658691
31 1567.8073100000001 1581.4467697000002 1112.8374221120464 0.12787199020385742
32 1567.8073100000001 1580.2132586000005 1090.3990551339768 0.13168692588806152
33 1567.8073100000001 1586.0778742 1650.339077436806 0.13542890548706055
34 1567.8073100000001 1587.6702772 1791.3356890601744 0.13919997215270996
35 1567.8073100000001 1586.0761279 1705.1291732499524 0.1429750919342041
36 1567.8073100000001 1583.8722114000002 1602.1563446959003 0.14676213264465332
37 1567.8073100000001 1579.4827450000003 1126.9824329657843 0.1506052017211914
38 1567.8073100000001 1587.3686609000004 2405.58669835695 0.15459585189819336
39 1567.8073100000001 1587.8467271000004 2317.073261444933 0.15836596488952637
40 1567.8073100000001 1586.0289555000004 2087.5780313327155 0.16215896606445312
41 1528.4660800000004 1586.2085951000004 1661.8257607715914 0.1659221649169922
42 1528.4660800000004 1582.6459524000002 1877.346909180171 0.16977381706237793
43 1528.4660800000004 1579.1311323000004 2690.5196213534828 0.1736159324645996
44 1528.4660800000004 1581.7294057000004 3374.9711185578008 0.177354097366333
45 1528.4660800000004 1578.4694072000004 3124.1692647929094 0.18115997314453125
46 1528.4660800000004 1569.2548172000004 3088.4527093660527 0.18494915962219238
47 1528.4660800000004 1569.1729474000003 3449.701469369381 0.18895483016967773
48 1528.4660800000004 1565.0785052000006 3148.694784024463 0.19286417961120605
49 1528.4660800000004 1566.0969651000007 3383.3639934197713 0.19674301147460938
50 1528.4660800000004 1556.1195351000008 2688.7656341326074 0.2006380558013916
51 1528.4660800000004 1550.7045075000008 2125.4185523678775 0.2044680118560791
52 1528.4660800000004 1549.1751466000007 2095.455135511182 0.20833492279052734
53 1528.4660800000004 1553.5834983000004 2948.555357015566 0.2122178077697754
54 1528.4660800000004 1547.468833700001 2335.774962174997 0.2161109447479248
55 1528.4660800000004 1547.910555800001 3092.4845836320787 0.21981501579284668
56 1528.4660800000004 1550.8170044000008 1981.8065097849747 0.22365999221801758
57 1528.4660800000004 1548.5238821000007 1819.7607997289012 0.22771000862121582
58 1528.4660800000004 1543.5257006000008 1711.0408767057816 0.23162293434143066
59 1528.4660800000004 1551.039629700001 2037.805937949314 0.23537206649780273
60 1528.4660800000004 1549.053955400001 2199.976981306193 0.23916912078857422
61 1528.4660800000004 1546.2528521000008 1775.4593018182384 0.24298906326293945
62 1528.4660800000004 1550.3155188000007 3056.748841646355 0.24691414833068848
63 1528.4660800000004 1543.6084505000008 2071.4027597728987 0.2508270740509033
64 1528.4660800000004 1543.236485900001 2063.4162232771628 0.25470590591430664
65 1528.4660800000004 1550.3346278000008 2596.473145528135 0.2584950923919678
66 1528.4660800000004 1549.1716035000009 2710.964291846875 0.2623591423034668
67 1528.4660800000004 1548.9680493000005 2177.61574935733 0.26636385917663574
68 1528.4660800000004 1550.3127439000007 2340.953065638625 0.27028679847717285
69 1528.4660800000004 1546.0983566000007 1909.0091695981575 0.27417707443237305
70 1528.4660800000004 1541.305693900001 1285.5576111402304 0.2779810428619385
71 1528.4660800000004 1543.504549300001 1723.2864366179679 0.28188395500183105
72 1528.4660800000004 1538.561254700001 920.7753711139372 0.2858619689941406
73 1528.4660800000004 1539.3261366000008 1193.1108718298533 0.28966617584228516
74 1528.4660800000004 1542.719745500001 1586.8652428616542 0.293565034866333
75 1528.4660800000004 1542.7195630000008 1595.5121661196004 0.2973928451538086
76 1528.4660800000004 1544.0954177000008 1897.7094638469734 0.3014531135559082
77 1528.4660800000004 1551.6719079000009 2783.735208363565 0.3053860664367676
78 1528.4660800000004 1547.3460044000008 2004.4012260493712 0.30919504165649414
79 1528.4660800000004 1548.778081200001 2184.729714862817 0.31302785873413086
80 1528.4660800000004 1548.1237255000008 2037.753006455663 0.316939115524292
81 1528.4660800000004 1546.0472521000008 2349.333747400047 0.32069897651672363
82 1528.4660800000004 1547.6299657000009 1797.1497662155737 0.3245201110839844
83 1528.4660800000004 1544.6107601000008 1671.8560663192436 0.3283669948577881
84 1528.4660800000004 1543.8376432000011 1533.3326937117602 0.3322608470916748
85 1528.4660800000004 1543.8479102000013 1687.546016835356 0.3360879421234131
86 1528.4660800000004 1544.9450979000007 1694.2805618079403 0.3401949405670166
87 1528.4660800000004 1543.9591596000007 1707.63731924672 0.34409093856811523
88 1528.4660800000004 1545.9616365000008 1803.5353095026887 0.34794092178344727
89 1528.4660800000004 1542.5083940000006 1407.2985202317484 0.3517158031463623
90 1528.4660800000004 1543.795921500001 1616.7860615815164 0.35547614097595215
91 1528.4660800000004 1541.323068100001 1246.4515993103491 0.35934996604919434
92 1528.4660800000004 1542.5485858000009 1568.801688903982 0.3630809783935547
93 1528.4660800000004 1543.1646282000008 1390.0035323416332 0.36692309379577637
94 1521.4727300000004 1542.4198804000011 1061.6759535841795 0.3707888126373291
95 1521.4727300000004 1545.6440998000012 1572.0822348622437 0.37459588050842285
96 1521.4727300000004 1546.2005133000007 1743.3156423305984 0.37863612174987793
97 1521.4727300000004 1546.3809200000005 2423.5222692404873 0.3826560974121094
98 1521.4727300000004 1542.8786266000006 2245.7232457335977 0.3867337703704834
99 1521.4727300000004 1540.5284083000008 2244.2865934460583 0.3907930850982666
100 1521.4727300000004 1532.895731400001 1112.8419222650814 0.3949880599975586
101 1521.4727300000004 1540.3750564000009 2535.712186740936 0.39906787872314453
102 1521.4727300000004 1540.5521561000007 2162.711612256131 0.40307092666625977
103 1521.4727300000004 1541.5274762000013 1934.8025660300095 0.40702199935913086
104 1521.4727300000004 1542.2767663000009 2388.381559613742 0.4109058380126953
105 1521.4727300000004 1540.158166500001 2173.5251828820124 0.4151308536529541
106 1521.4727300000004 1540.836938000001 2288.130234421959 0.41911888122558594
107 1521.4727300000004 1543.728152300001 2677.300835375869 0.42298293113708496
108 1521.4727300000004 1539.123302400001 2253.7340565263166 0.4267909526824951
109 1516.7730000000001 1540.3265985000012 1934.282384133342 0.4305849075317383
110 1516.7730000000001 1539.0117983000007 1347.1319980840758 0.43445801734924316
111 1516.7730000000001 1544.7976685 1619.5329241630234 0.4383718967437744
112 1516.7730000000001 1545.9183795000004 1999.9258539108787 0.4421980381011963
113 1516.7730000000001 1549.4247874000005 2703.6135877200995 0.44609808921813965
114 1516.7730000000001 1549.4347744000004 2645.8147123644653 0.4500401020050049
115 1516.7730000000001 1547.404958 3122.273733471348 0.4540839195251465
116 1516.7730000000001 1541.9608534 2200.9310794642147 0.45796895027160645
117 1516.7730000000001 1539.4110102 1822.0994505671397 0.461773157119751
118 1516.7730000000001 1535.5686157999996 1412.1858315952884 0.4656820297241211
119 1516.7730000000001 1531.3315625 1323.084178794905 0.46948695182800293
120 1516.7730000000001 1541.0410704 2725.237108710874 0.47322988510131836
121 1516.7730000000001 1540.5678235000003 2693.2058990365645 0.4770040512084961
122 1516.7730000000001 1539.8184534999998 2301.782728123188 0.4807438850402832
123 1516.7730000000001 1538.4907624 1737.4108520570253 0.4844820499420166
124 1516.7730000000001 1542.4133156000003 2136.8638992938554 0.48841404914855957
125 1516.7730000000001 1530.8003975999995 1302.1356239805207 0.4925088882446289
126 1516.7730000000001 1530.4603470999998 1644.957076545988 0.4963998794555664
127 1516.7730000000001 1527.4036718 1287.2410364449124 0.5004398822784424
128 1516.7730000000001 1531.3137265999999 1917.358897187717 0.504539966583252
129 1516.7730000000001 1533.7723027000002 2192.772576462089 0.5085530281066895
130 1516.7730000000001 1534.6397216 2110.736282915074 0.5131690502166748
131 1516.7730000000001 1532.0871738 1657.1104340334361 0.5174779891967773
132 1516.7730000000001 1531.4624656 1656.7851497992963 0.5215098857879639
133 1516.7730000000001 1526.7220926999998 1171.2182227962785 0.525425910949707
134 1516.7730000000001 1531.8819405000002 1735.9749067486225 0.5293781757354736
135 1516.7730000000001 1530.9156511000003 1674.827514696554 0.5333049297332764
136 1516.7730000000001 1528.0419246000001 1232.5776960567678 0.5372018814086914
137 1516.7730000000001 1529.5452460999995 1616.5733490441544 0.541126012802124
138 1516.7730000000001 1530.6857398999998 1450.7874803494924 0.5448698997497559
139 1516.7730000000001 1527.2899912 958.7907611593213 0.5486998558044434
140 1516.7730000000001 1530.4413766999999 1607.6398063975907 0.5525269508361816
141 1516.7730000000001 1536.9282853999998 2315.829404304444 0.5564169883728027
142 1516.7730000000001 1540.5894381 2800.420869244109 0.5605099201202393
143 1516.7730000000001 1532.8016477 1677.3703401321163 0.5646212100982666
144 1516.7730000000001 1534.6243490999998 1780.6160921640558 0.5688250064849854
145 1516.7730000000001 1531.8784522999997 1532.5499853649003 0.5728049278259277
146 1516.7730000000001 1534.5965933 1991.1698264648212 0.5767650604248047
147 1516.7730000000001 1531.0931614999997 1632.3537930903456 0.5806570053100586
148 1516.7730000000001 1533.5053898999997 1617.9459681045428 0.584522008895874
149 1516.7730000000001 1539.6057931000003 2116.3834152734653 0.5885119438171387
150 1516.7730000000001 1540.6172973 2534.9820693119955 0.5925068855285645
151 1516.7730000000001 1541.4927748 2829.218728932086 0.5965142250061035
152 1516.7730000000001 1536.2059969 2333.273161423888 0.6003332138061523
153 1516.7730000000001 1540.1555549999998 2297.406386519389 0.6043601036071777
154 1516.7730000000001 1534.6040739 1767.1618732743643 0.6083650588989258
155 1516.7730000000001 1535.422993 1947.2128827162087 0.612205982208252
156 1516.7730000000001 1541.5890794000004 2368.6239426170287 0.6160140037536621
157 1516.7730000000001 1543.1837703 2728.1669395227254 0.6197628974914551
158 1516.7730000000001 1537.8040064999996 2028.8767923081416 0.6236000061035156
159 1516.7730000000001 1543.6013785000002 2699.6777360686697 0.627342939376831
160 1516.7730000000001 1540.4337022000002 2279.248943317385 0.6311120986938477
161 1516.7730000000001 1539.0850607 2216.2965633111285 0.634861946105957
162 1516.7730000000001 1536.3877221999999 2128.779542354655 0.6388390064239502
163 1516.7730000000001 1537.0772002999997 2037.555353907815 0.6428701877593994
164 1516.7730000000001 1536.7178339 2075.038589041897 0.646690845489502
165 1516.7730000000001 1537.5064144 2453.3169398304694 0.6505169868469238
166 1516.7730000000001 1534.8180611999999 2259.1119985900664 0.6543900966644287
167 1516.7730000000001 1534.7011680999997 2355.680013034827 0.6605410575866699
168 1516.7730000000001 1534.0300089999998 2197.638497190829 0.6645669937133789
169 1516.7730000000001 1535.049169 2419.5754788324466 0.668694019317627
170 1516.7730000000001 1536.7022114999997 3151.292906836766 0.6725990772247314
171 1516.7730000000001 1534.0638634999998 2521.4009612932914 0.6765890121459961
172 1516.7730000000001 1544.0160768 3308.0557696975684 0.6805820465087891
173 1516.7730000000001 1541.0236836999998 3276.9508815721706 0.6844010353088379
174 1516.7730000000001 1534.7236736 2689.6466916622176 0.6881811618804932
175 1516.7730000000001 1533.2335373 2011.907128831094 0.6920211315155029
176 1516.7730000000001 1538.8573131 2008.4147328710458 0.6957969665527344
177 1516.7730000000001 1540.0129193999999 2134.3082226240203 0.6996228694915771
178 1516.7730000000001 1535.6987025 2188.60754908538 0.7034728527069092
179 1516.7730000000001 1538.7542084000002 2268.089459526803 0.7072861194610596
180 1516.7730000000001 1541.2617643000003 2374.242139678371 0.7110321521759033
181 1516.7730000000001 1538.8243649999997 2240.3767188940055 0.7149310111999512
182 1516.7730000000001 1542.4995872 2788.7333129185995 0.7187631130218506
183 1516.7730000000001 1535.2140397 1766.287710453788 0.7225558757781982
184 1516.7730000000001 1528.3982546000002 1196.0663035745565 0.7262959480285645
185 1516.7730000000001 1533.3894694000003 1726.7655356695416 0.7312221527099609
186 1516.7730000000001 1539.7425337000002 2836.9106895069795 0.7374510765075684
187 1516.7730000000001 1538.2743756 2660.306598568015 0.7417218685150146
188 1516.7730000000001 1535.5648344999997 2277.277410933677 0.7461140155792236
189 1516.7730000000001 1532.5882222 2088.7365260932434 0.7504580020904541
190 1516.7730000000001 1532.6398323 1568.3665620628753 0.7547011375427246
191 1516.7730000000001 1530.2843834999999 1192.8209665964503 0.7587339878082275
192 1516.7730000000001 1535.4288610999997 1613.8881095395168 0.7630491256713867
193 1516.7730000000001 1535.3043283 2010.5147117437843 0.768866777420044
194 1516.7730000000001 1531.0844029 1424.8146828010972 0.7784221172332764
195 1516.7730000000001 1533.134026 1622.0341197440603 0.7827470302581787
196 1516.7730000000001 1536.9524720000002 1899.2144467675237 0.7872600555419922
197 1516.7730000000001 1536.7446514999997 1801.373084283522 0.7930550575256348
198 1516.7730000000001 1540.1484102 2138.0553039912575 0.7980937957763672
199 1516.7730000000001 1535.4927076 1597.3271186974828 0.8023009300231934
200 1516.7730000000001 1531.9131455999998 1598.7090839230173 0.8062658309936523
201 1516.7730000000001 1537.0878583 2139.158079627333 0.8103461265563965
202 1516.7730000000001 1535.301371 1889.2658756239407 0.8142368793487549
203 1516.7730000000001 1537.2945883000002 2237.875392160222 0.8185739517211914
204 1516.7730000000001 1539.2789802000002 2089.9743913372135 0.8236169815063477
205 1516.7730000000001 1532.9844749000001 1865.6245190772659 0.8277020454406738
206 1516.7730000000001 1528.1627686000002 1450.3239366362054 0.8320860862731934
207 1516.7730000000001 1530.7776798000004 1332.1311607656776 0.8360049724578857
208 1516.7730000000001 1524.7737945000001 778.9817498103835 0.8400189876556396
209 1516.7730000000001 1532.0130878000002 1372.0510600960909 0.8440241813659668
210 1516.7730000000001 1530.7597047 1266.117210919134 0.847797155380249
211 1516.7730000000001 1530.1478287999998 1236.759143104763 0.8523499965667725
212 1516.7730000000001 1531.2640666 1643.90817398346 0.856407880783081
213 1516.7730000000001 1532.4081487 1667.5769541876805 0.8603229522705078
214 1516.7730000000001 1533.7739875999998 1599.2856063959903 0.86415696144104
215 1516.7730000000001 1537.7923314999998 2113.2619518413903 0.8680899143218994
216 1516.7730000000001 1541.4279265999999 2475.3682439327436 0.8718719482421875
217 1516.7730000000001 1536.5320341 1885.3430158873616 0.8755679130554199
218 1516.7730000000001 1535.3730092999997 1940.438047569845 0.8801460266113281
219 1516.7730000000001 1534.8604194999998 2296.370894386787 0.88425612449646
220 1516.7730000000001 1533.2634999 1879.998897897322 0.8881380558013916
221 1516.7730000000001 1538.5803603 3083.724501173447 0.8919670581817627
222 1516.7730000000001 1536.4946711999999 2398.478667373069 0.8957710266113281
223 1516.7730000000001 1535.7262223999999 2196.2409100481636 0.8996188640594482
224 1516.7730000000001 1539.1799809000001 2582.740610704021 0.9036130905151367
225 1516.7730000000001 1541.4185083000004 2650.834472318299 0.907426118850708
226 1516.7730000000001 1539.5569671000003 2089.102703881251 0.9110889434814453
227 1516.7730000000001 1538.1535187000002 2056.5419061920634 0.9151949882507324
228 1516.7730000000001 1530.7209002999998 1513.639367226212 0.9189949035644531
229 1516.7730000000001 1530.0620908 1289.4398979955972 0.9228229522705078
230 1516.7730000000001 1532.8160725 1838.5474657016277 0.9275269508361816
231 1516.7730000000001 1529.7937487999998 1274.941612370141 0.9320039749145508
232 1516.7730000000001 1535.9855679 1711.2862960339457 0.9364809989929199
233 1516.7730000000001 1541.7112326999998 2591.2228597277804 0.9408111572265625
234 1516.7730000000001 1535.4150955000002 2104.1061618170147 0.9452669620513916
235 1516.7730000000001 1535.5144115 2205.811855498791 0.9495499134063721
236 1516.7730000000001 1531.1450253 1482.9379441148837 0.9538371562957764
237 1516.7730000000001 1534.5633562 2092.6109281858644 0.9579558372497559
238 1516.7730000000001 1534.8508367 2158.9691072348146 0.9617369174957275
239 1516.7730000000001 1525.9407916 843.1089610935699 0.9654700756072998
240 1516.7730000000001 1525.3334254000001 1063.6625886184331 0.9700629711151123
241 1516.7730000000001 1527.8546135000004 1281.5291327060647 0.9742190837860107
242 1516.7730000000001 1532.911096 1784.969987375636 0.978430986404419
243 1516.7730000000001 1536.1738891999996 1766.2898439432572 0.9823551177978516
244 1516.7730000000001 1542.2502496999996 2649.209337768268 0.986536979675293
245 1516.7730000000001 1539.4950935000002 2140.5269047945785 0.9911701679229736
246 1516.7730000000001 1543.5665062 2489.8779107817913 0.9956009387969971
247 1516.7730000000001 1539.8933209000002 2471.5220528573423 0.9999771118164062
248 1516.7730000000001 1537.8162256000003 2248.223407320196 1.004141092300415
249 1516.7730000000001 1539.1000501999997 2288.8435881778323 1.0086851119995117
1516.7730000000001 1.0126240253448486
2
0 7708.00561 10079.7825821 844564.9301105742 0.003242969512939453
1 3509.07521 9485.1064946 1310127.669174286 0.008563041687011719
2 1882.74951 7712.994825500002 5464820.4049194995 0.013478994369506836
3 1747.8710400000002 6205.9451625 6820363.153490872 0.018304109573364258
4 1747.8710400000002 4799.793394300001 6832072.490268872 0.02306199073791504
5 1661.5903199999998 4067.877076100001 6449502.913125414 0.027846813201904297
6 1661.5903199999998 3532.1309926 5801651.584040436 0.03207993507385254
7 1639.8863600000002 3059.7189418000007 5147911.804791854 0.03603410720825195
8 1582.6377800000002 2596.7776579 3584814.5419366853 0.04037308692932129
9 1582.6377800000002 2399.007457 2900276.4064057046 0.04436779022216797
10 1582.6377800000002 2191.7734452 2253361.945773802 0.048184871673583984
11 1582.6377800000002 2058.4967443 1536142.033108674 0.05244016647338867
12 1582.6377800000002 1842.6514057 408391.04123515636 0.05630803108215332
13 1564.9618300000002 1811.2124085 395144.49840120965 0.06037497520446777
14 1564.9618300000002 1739.2409497 292170.4609342103 0.06488895416259766
15 1562.1410700000001 1709.2707959000004 192520.43455492516 0.06920814514160156
16 1547.1800000000003 1693.9844751000003 186136.26580008754 0.07357382774353027
17 1547.1800000000003 1657.2554433999999 146843.31563890266 0.07756495475769043
18 1547.1800000000003 1629.6897344 74341.96549998381 0.08242678642272949
19 1540.20296 1617.7660846999997 75659.41415691162 0.08688998222351074
20 1535.7682900000004 1600.0239107000002 66710.86391029769 0.09117794036865234
21 1535.7682900000004 1590.3703012000003 43979.59671377224 0.09570693969726562
22 1521.4727300000004 1559.4140173000005 2391.844529406218 0.10033416748046875
23 1521.4727300000004 1554.575502400001 2351.8963176558295 0.10465788841247559
24 1521.4727300000004 1555.9265057000005 2906.61283633969 0.10856986045837402
25 1521.4727300000004 1550.6316366000005 2459.4749905610865 0.11237192153930664
26 1521.4727300000004 1547.1748179000008 2604.784072864132 0.11691093444824219
27 1521.4727300000004 1541.1033792000007 1967.1628499232725 0.1210639476776123
28 1521.4727300000004 1543.3238441000012 2548.440817909436 0.12512493133544922
29 1521.4727300000004 1540.941688500001 1817.1065186629783 0.12908077239990234
30 1521.4727300000004 1542.8260978000008 2135.7353383599775 0.1329200267791748
31 1516.7730000000001 1541.688314700001 1854.6408787859657 0.13725495338439941
32 1516.7730000000001 1549.2526261000003 3404.558948586686 0.14139914512634277
33 1516.7730000000001 1545.7859310000003 2600.599641282637 0.14542198181152344
34 1516.7730000000001 1537.1072664000003 1728.026741416821 0.14940381050109863
35 1516.7730000000001 1540.4087842999998 2006.5858928871064 0.1535019874572754
36 1516.7730000000001 1540.7411127999999 2046.2574361392524 0.15794682502746582
37 1516.7730000000001 1540.0069592 2277.517917904635 0.162431001663208
38 1516.7730000000001 1539.4642898 2531.539897311773 0.16690397262573242
39 1516.7730000000001 1542.1276047999997 3077.8210478539195 0.17132091522216797
40 1516.7730000000001 1540.3274433000001 3233.7183247059465 0.17579293251037598
41 1516.7730000000001 1532.7432875 2318.60186043267 0.18004512786865234
42 1516.7730000000001 1530.0113792000002 1640.477344644609 0.18395090103149414
43 1516.7730000000001 1526.9987706999998 1113.032486343951 0.1879889965057373
44 1516.7730000000001 1527.5124452999996 1228.1164765340875 0.1918048858642578
45 1516.7730000000001 1530.4719305 1653.8767008860657 0.19573497772216797
46 1516.7730000000001 1532.606752 1587.041722912856 0.19999003410339355
47 1516.7730000000001 1529.9325446999999 1278.9998382683002 0.20396804809570312
48 1516.7730000000001 1526.8471307 1104.123555332608 0.20784306526184082
49 1516.7730000000001 1534.0030643 2008.2906697792184 0.21176981925964355
50 1516.7730000000001 1530.7919267999998 1799.030560274008 0.21560287475585938
51 1516.7730000000001 1525.3511572 894.3644282996049 0.21949100494384766
52 1516.7730000000001 1526.3038831 1326.469997941262 0.22347688674926758
53 1516.7730000000001 1531.1283798999998 1932.5570652686438 0.22780299186706543
54 1516.7730000000001 1532.0937818999998 1552.131526393476 0.2323009967803955
55 1516.7730000000001 1528.5896281 1268.5092894884128 0.2364668846130371
56 1516.7730000000001 1532.4161334 1454.8305898846977 0.24063897132873535
57 1516.7730000000001 1532.0999266999997 1444.9743097578246 0.24511289596557617
58 1516.7730000000001 1531.2112571999999 1561.3392151927658 0.24927115440368652
59 1516.7730000000001 1531.9530879999998 1254.6978243629105 0.2534029483795166
60 1516.7730000000001 1528.6583721 979.879688686557 0.2574589252471924
61 1516.7730000000001 1526.6552797999998 977.8013507130905 0.26135706901550293
62 1516.7730000000001 1530.6584564999998 1471.2652911622645 0.265347957611084
63 1516.7730000000001 1530.1572210999998 1573.7233072499357 0.2693319320678711
64 1516.7730000000001 1530.3414045999996 1527.4363679413145 0.27329492568969727
65 1516.7730000000001 1530.7170245000002 1629.6687811994482 0.277188777923584
66 1516.7730000000001 1531.6569205 1657.999462357113 0.28120875358581543
67 1516.7730000000001 1530.5276075 1475.4537767926597 0.28520917892456055
68 1516.7730000000001 1530.0458028 1543.4274868335322 0.2890329360961914
69 1516.7730000000001 1532.3112903999997 1650.4646812740764 0.29294276237487793
70 1516.7730000000001 1532.2513314000003 1451.5459921968088 0.29677486419677734
71 1516.7730000000001 1538.5726366999997 2088.2857723327434 0.3006861209869385
72 1516.7730000000001 1543.1081279 2504.136708914257 0.3048248291015625
73 1516.7730000000001 1533.2999980999998 1581.952635070684 0.30879688262939453
74 1516.7730000000001 1536.3508405 2060.426611629811 0.31273508071899414
75 1516.7730000000001 1530.6068144 1575.7592598304182 0.3166649341583252
76 1516.7730000000001 1527.0577196000002 1085.6798434206703 0.3205759525299072
77 1516.7730000000001 1523.3119195999998 593.574174851141 0.32445788383483887
78 1516.7730000000001 1524.2425277000002 675.0409738038237 0.3284878730773926
79 1516.7730000000001 1524.69488 1007.3109665633062 0.33234477043151855
80 1516.7730000000001 1529.7277397 1798.638132938669 0.33633995056152344
81 1516.7730000000001 1528.9238627 1440.945389165758 0.34032583236694336
82 1516.7730000000001 1526.7056698000001 1178.255180619664 0.3443138599395752
83 1516.7730000000001 1526.2351925999997 1007.9412510293727 0.3484830856323242
84 1516.7730000000001 1526.2161419 934.9960906438544 0.3524301052093506
85 1516.7730000000001 1527.8673655999999 1123.7188706659535 0.3564469814300537
86 1516.7730000000001 1527.6235783999998 958.7960520687764 0.36060500144958496
87 1516.7730000000001 1527.1752467999997 1188.5600681526619 0.36458897590637207
88 1516.7730000000001 1524.7709516 693.6912610576805 0.36858487129211426
89 1516.7730000000001 1522.4244105 524.3925389123427 0.3724820613861084
90 1516.7730000000001 1524.6645635999998 822.660903068406 0.3762810230255127
91 1516.7730000000001 1528.1398828 1195.9888064955517 0.38025712966918945
92 1516.7730000000001 1527.9646245999998 1206.5061312764603 0.3842329978942871
93 1516.7730000000001 1527.1548003999999 1063.312356313563 0.3882927894592285
94 1516.7730000000001 1531.4406708999998 1419.072267188855 0.3922288417816162
95 1516.7730000000001 1532.9925244 1750.7221796713552 0.3961620330810547
96 1516.7730000000001 1535.3626488999998 1911.4143843908296 0.40014100074768066
97 1516.7730000000001 1533.2872040999998 1802.0892178485324 0.4040560722351074
98 1516.7730000000001 1533.8183870999999 1548.265402313727 0.4078829288482666
99 1516.7730000000001 1534.8453683 1750.505756316022 0.41171884536743164
100 1516.7730000000001 1534.8466292 1681.304626055829 0.41558098793029785
101 1516.7730000000001 1535.5389045000002 1750.77961150124 0.4197697639465332
102 1516.7730000000001 1535.9907151 2267.241727437014 0.4237790107727051
103 1516.7730000000001 1530.4281304 1436.4624379983707 0.42754507064819336
104 1516.7730000000001 1527.4542224000002 1017.2084364330572 0.4315788745880127
105 1516.7730000000001 1528.1694533999998 1053.5823580629394 0.43553590774536133
106 1516.7730000000001 1534.2828303 1666.0060350666056 0.4393279552459717
107 1516.7730000000001 1531.7616038999997 1782.0970439307812 0.4431760311126709
108 1516.7730000000001 1530.3086638999998 1604.1578595815229 0.44710707664489746
109 1516.7730000000001 1533.3403116000002 2183.651278331969 0.45102787017822266
110 1516.7730000000001 1531.0719674 1972.3213575773732 0.45478391647338867
111 1516.7730000000001 1530.6351292000002 1728.414273848096 0.4587368965148926
112 1516.7730000000001 1526.9878837999997 1066.263132129068 0.46269702911376953
113 1516.7730000000001 1526.3138941999996 1070.5883054376384 0.46650075912475586
114 1516.7730000000001 1525.4357862 971.2773065022851 0.47030091285705566
115 1516.7730000000001 1530.684624 1686.0016040392616 0.47410106658935547
116 1516.7730000000001 1530.4888341999997 1418.7114990330163 0.477916955947876
117 1516.7730000000001 1525.5811005999997 970.0679763278906 0.4817521572113037
118 1516.7730000000001 1527.9563564999999 1235.2030901766161 0.48561787605285645
119 1516.7730000000001 1523.7168762 745.2857540734459 0.489393949508667
120 1516.7730000000001 1526.1399576000001 1260.7692938922662 0.4933450222015381
121 1516.7730000000001 1522.2662386 487.1502082923887 0.49726104736328125
122 1516.7730000000001 1529.8120359 1242.8939212769849 0.5012009143829346
123 1516.7730000000001 1530.1343037 1389.822534759029 0.5052061080932617
124 1516.7730000000001 1533.0433085 1601.7664434870787 0.5091569423675537
125 1516.7730000000001 1538.4979036999998 2444.898173827744 0.5130250453948975
126 1516.7730000000001 1533.2391635000001 2533.17904811197 0.5169599056243896
127 1516.7730000000001 1535.2547358 2951.4639459049604 0.5209929943084717
128 1516.7730000000001 1533.4639069999998 2249.1811032751903 0.5249989032745361
129 1516.7730000000001 1534.09956 1915.7663877294701 0.529019832611084
130 1516.7730000000001 1531.7324527999997 1301.072137836312 0.5330989360809326
131 1516.7730000000001 1529.9415674999996 1269.0878081159863 0.5370619297027588
132 1516.7730000000001 1530.3790636999997 1296.234542587839 0.5409929752349854
133 1516.7730000000001 1530.7670653 1967.6410730727978 0.5448980331420898
134 1516.7730000000001 1533.3193478 2294.1501277405973 0.5487349033355713
135 1516.7730000000001 1531.6092441000003 1581.396369796895 0.552544116973877
136 1516.7730000000001 1529.3286227 1368.4235542072709 0.5563688278198242
137 1516.7730000000001 1524.9655257 913.3111808783749 0.5603139400482178
138 1516.7730000000001 1528.7176851999998 1510.4684200645363 0.5641908645629883
139 1516.7730000000001 1529.2420263000001 1640.1757690005606 0.5680677890777588
140 1516.7730000000001 1524.7465058999996 1066.1724963948163 0.571997880935669
141 1516.7730000000001 1529.9843666000002 1608.8761338125591 0.5759069919586182
142 1516.7730000000001 1529.0887725000002 1946.2336570096127 0.5797498226165771
143 1516.7730000000001 1532.8744861000002 2095.529478963292 0.5835180282592773
144 1516.7730000000001 1529.9655556999999 1471.589484428597 0.587256908416748
145 1516.7730000000001 1532.2782377999997 1775.078416956986 0.590979814529419
146 1516.7730000000001 1538.5367067999998 2362.595254531877 0.5947279930114746
147 1516.7730000000001 1538.8115556999994 2947.981990427282 0.5984909534454346
148 1516.7730000000001 1533.3189992 1989.9142323873232 0.6023299694061279
149 1516.7730000000001 1529.0104162999999 1331.7018186090343 0.606226921081543
150 1516.7730000000001 1529.5048315 1403.2106143759156 0.6101369857788086
151 1516.7730000000001 1527.0910434000002 957.7356265681207 0.6139500141143799
152 1516.7730000000001 1530.5973394999999 1491.6454108577589 0.6176860332489014
153 1516.7730000000001 1532.0963228000003 1611.0314153693848 0.6214950084686279
154 1516.7730000000001 1530.0382373999996 1303.3438039788468 0.6252679824829102
155 1516.7730000000001 1526.5302179999999 1202.4867592668918 0.6290528774261475
156 1516.7730000000001 1529.799838 1507.999293082169 0.6328508853912354
157 1516.7730000000001 1530.4803349999995 1485.4402557281426 0.6367299556732178
158 1516.7730000000001 1529.9300621999998 1384.8440372943012 0.6406519412994385
159 1516.7730000000001 1531.1857876000001 1634.8277383822244 0.6446490287780762
160 1516.7730000000001 1532.0334684999998 1744.193495219533 0.6485581398010254
161 1516.7730000000001 1529.9621037 1266.1206859549718 0.6522619724273682
162 1516.7730000000001 1533.1688596 1590.412370163492 0.6560499668121338
163 1516.7730000000001 1533.8601224 2344.77393140681 0.6598999500274658
164 1516.7730000000001 1530.4622093999997 2193.235266601639 0.6636319160461426
165 1516.7730000000001 1536.6053444000001 2834.40772148181 0.6675310134887695
166 1516.7730000000001 1535.5909824999999 2384.0441232551357 0.6712989807128906
167 1516.7730000000001 1542.0063772 2999.3026729957887 0.6751518249511719
168 1516.7730000000001 1534.8804520999997 2197.774093737336 0.6790111064910889
169 1516.7730000000001 1535.9943091 1980.6986416979623 0.6829879283905029
170 1516.7730000000001 1537.8397754 2675.3311634826027 0.686798095703125
171 1516.7730000000001 1532.8648666 1545.2473226635266 0.6905410289764404
172 1516.7730000000001 1539.1191659 2502.2758731407866 0.6942949295043945
173 1516.7730000000001 1540.5643460000003 3176.152815369371 0.69805908203125
174 1516.7730000000001 1534.2374662 2213.4665150874503 0.7017548084259033
175 1516.7730000000001 1525.7379592999998 854.7300263488073 0.7055690288543701
176 1516.7730000000001 1528.1823416 1332.2203399890868 0.7094438076019287
177 1516.7730000000001 1531.592825 1435.7256997025563 0.7135980129241943
178 1516.7730000000001 1534.2620686999999 1622.6438039135207 0.7178199291229248
179 1516.7730000000001 1538.0998280000003 2056.9288365783605 0.7218859195709229
180 1516.7730000000001 1533.9131634000003 1552.762889573895 0.7257258892059326
181 1516.7730000000001 1529.960325 1277.70550554717 0.7297079563140869
182 1516.7730000000001 1531.3388368000003 1659.1258417177658 0.7345290184020996
183 1516.7730000000001 1532.3628457000002 1733.3834613067954 0.7389039993286133
184 1516.7730000000001 1532.2695211 1899.3918280188852 0.7434899806976318
185 1516.7730000000001 1530.5903662000003 1478.1799497772988 0.7473049163818359
186 1516.7730000000001 1531.0805701 1871.7218376091796 0.7516028881072998
187 1516.7730000000001 1533.0409515000001 2446.7489810319335 0.7562110424041748
188 1516.7730000000001 1532.3745929000004 2305.772310862265 0.7604670524597168
189 1516.7730000000001 1525.2282675000001 1083.5779274506444 0.7646229267120361
190 1516.7730000000001 1525.8705846000003 1067.9915336760514 0.7686200141906738
191 1516.7730000000001 1526.5219423999997 818.453139612417 0.7727859020233154
192 1516.7730000000001 1523.9742693999997 566.460460865641 0.7769300937652588
193 1516.7730000000001 1523.4530345 731.2341649255956 0.7811839580535889
194 1516.7730000000001 1528.0274995000002 1201.0020559154823 0.7850809097290039
195 1516.7730000000001 1532.0890261000002 1537.7160918336617 0.788815975189209
196 1516.7730000000001 1537.0219353 2011.9319985668722 0.7928109169006348
197 1516.7730000000001 1534.7083803 1935.9653375958785 0.7966139316558838
198 1516.7730000000001 1532.1201937000003 1557.8122725085573 0.8007171154022217
199 1516.7730000000001 1531.6550613999998 1681.214200794642 0.8050498962402344
200 1516.7730000000001 1533.0530165999999 1635.2185372371844 0.8090529441833496
201 1516.7730000000001 1528.9287341999998 1310.183269178852 0.8130569458007812
202 1516.7730000000001 1525.3119553999998 964.3173683318405 0.8170008659362793
203 1516.7730000000001 1534.0033499 2004.2899022033846 0.8210239410400391
204 1516.7730000000001 1528.5240869000002 1144.8480504988356 0.824955940246582
205 1516.7730000000001 1528.3142171000006 1169.1628602828498 0.8288938999176025
206 1516.7730000000001 1531.6806107000002 1514.3625918033745 0.8328549861907959
207 1516.7730000000001 1530.5054103999998 1684.379779397641 0.8367929458618164
208 1516.7730000000001 1531.2843242000004 1689.3878311622768 0.84061598777771
209 1516.7730000000001 1530.9127378999997 1471.244550537528 0.8444099426269531
210 1516.7730000000001 1530.2100381999999 1433.7389422085007 0.8483850955963135
211 1516.7730000000001 1532.7191908 1387.3561698685946 0.8522660732269287
212 1516.7730000000001 1526.5635781 805.4757836026344 0.856158971786499
213 1516.7730000000001 1529.5157262999994 1194.295183674054 0.8599369525909424
214 1516.7730000000001 1527.1296644 975.5960758366284 0.8638520240783691
215 1516.7730000000001 1531.8266947 1549.4642393747438 0.8677728176116943
216 1516.7730000000001 1532.9613433 1760.3271099777753 0.8718349933624268
217 1516.7730000000001 1535.7622388 2464.1040816088803 0.8755860328674316
218 1516.7730000000001 1529.8854106999997 1391.95188002203 0.8794498443603516
219 1516.7730000000001 1531.6888035 1240.5097577316267 0.8833599090576172
220 1516.7730000000001 1532.6349905999998 1400.6826190921659 0.8871691226959229
221 1516.7730000000001 1531.5302902999997 2099.2790768873306 0.8912148475646973
222 1516.7730000000001 1529.4772097999999 1544.0951415238922 0.8951878547668457
223 1516.7730000000001 1531.3879335 1876.223013868411 0.8992068767547607
224 1516.7730000000001 1531.9727185000002 2016.680408339067 0.9030489921569824
225 1516.7730000000001 1528.7322551999998 1181.597286759831 0.9070029258728027
226 1516.7730000000001 1530.1877315 1222.8289796756344 0.9109277725219727
227 1516.7730000000001 1532.3486529 1729.0947207993006 0.9148190021514893
228 1516.7730000000001 1531.5742911999998 1530.5840688516798 0.9186549186706543
229 1516.7730000000001 1532.7076255 2122.591108801861 0.9224839210510254
230 1516.7730000000001 1533.6375745999999 2170.4028445662057 0.9263980388641357
231 1516.7730000000001 1534.8145559 2378.6787763048696 0.9301960468292236
232 1516.7730000000001 1538.0590281000002 2300.6454471732377 0.9340429306030273
233 1516.7730000000001 1533.0988110999997 1590.807945987553 0.9377908706665039
234 1516.7730000000001 1527.1014633 1111.6991280009743 0.9415931701660156
235 1516.7730000000001 1526.0163931 1000.5857733946244 0.9455070495605469
236 1516.7730000000001 1532.5528954 1912.699137539351 0.9495189189910889
237 1516.7730000000001 1533.5022983999997 1734.7382546369763 0.9534058570861816
238 1516.7730000000001 1532.9988666 1733.201590836784 0.9572238922119141
239 1516.7730000000001 1535.0230253 2164.6274548807773 0.9609940052032471
240 1516.7730000000001 1532.1840359999999 1520.6163641762118 0.9648048877716064
241 1516.7730000000001 1524.1611530999996 756.9044814625298 0.9686710834503174
242 1516.7730000000001 1530.1822201999998 1513.5913789581518 0.9723458290100098
243 1516.7730000000001 1530.2195118999998 1575.0519156551456 0.976142168045044
244 1516.7730000000001 1529.3243331999997 1161.733347836017 0.9798548221588135
245 1516.7730000000001 1529.8364585999998 1407.051015333883 0.983896017074585
246 1516.7730000000001 1528.6385708000003 1444.0393851272756 0.9878599643707275
247 1516.7730000000001 1537.5893548000001 2492.1377975883292 0.99167799949646
248 1516.7730000000001 1536.0366140999997 2426.6746267188714 0.9954891204833984
249 1516.7730000000001 1529.4075057999999 1548.3000027125452 0.9992570877075195
1516.7730000000001 1.0029499530792236
3
0 7441.53703 10128.4060387 1091735.6127247778 0.0035681724548339844
1 3162.68015 9415.211881 1742791.2631065226 0.008623123168945312
2 2130.77178 7826.293471499999 6468662.449916214 0.013411998748779297
3 1633.94068 6531.278120800001 8629907.231862852 0.018146038055419922
4 1633.94068 5128.5296871 9000927.982386155 0.02266693115234375
5 1587.2140999999997 4048.3296815000003 7769465.334430635 0.027016162872314453
6 1587.2140999999997 3368.7873479 6197233.204463193 0.031148910522460938
7 1587.2140999999997 2840.2393122000003 4294012.034008819 0.03543901443481445
8 1587.2140999999997 2669.4407595000002 3543245.13859041 0.03941798210144043
9 1534.3741800000003 2431.5224492 2689282.7210918604 0.04353022575378418
10 1534.3741800000003 2160.0799905000003 1591733.4664554063 0.04785919189453125
11 1516.7730000000001 1980.4462738000002 1084654.2409824296 0.051809072494506836
12 1516.7730000000001 1884.6985068000001 897648.6271328856 0.05591225624084473
13 1516.7730000000001 1797.4101664000002 625615.200574449 0.059823036193847656
14 1516.7730000000001 1729.3223267 482539.7895603916 0.06381726264953613
15 1516.7730000000001 1697.3521631999997 456806.30224461714 0.06786394119262695
16 1516.7730000000001 1662.3273067 378574.3760630539 0.0719141960144043
17 1516.7730000000001 1643.3184215999997 369627.4690675626 0.07581305503845215
18 1516.7730000000001 1630.8007086999999 358727.3188961177 0.07973909378051758
19 1516.7730000000001 1639.6555286999999 361406.06044732017 0.08351516723632812
20 1516.7730000000001 1636.0232898 362212.69935393275 0.0873570442199707
21 1516.7730000000001 1585.2445765999998 51048.2614603605 0.09114789962768555
22 1516.7730000000001 1575.0414289999999 40847.51009563596 0.09498000144958496
23 1516.7730000000001 1544.8381232999998 3587.435888598722 0.09890508651733398
24 1516.7730000000001 1543.1226940999998 2982.916463948489 0.10267114639282227
25 1516.7730000000001 1547.1907832 3712.687034378997 0.10639810562133789
26 1516.7730000000001 1542.6554216000002 3005.4062397729886 0.11022090911865234
27 1516.7730000000001 1539.9024464999998 3043.6340293293933 0.11402106285095215
28 1516.7730000000001 1537.5745118 2392.4805546914654 0.11800503730773926
29 1516.7730000000001 1540.8216668999999 3611.8512787396076 0.12197399139404297
30 1516.7730000000001 1537.5558984000004 2910.2373341695748 0.12580108642578125
31 1516.7730000000001 1537.9708345000004 2434.916119102964 0.1296241283416748
32 1516.7730000000001 1542.93318 2796.6201764207754 0.13337206840515137
33 1516.7730000000001 1540.3594334 2044.2798091494758 0.13723111152648926
34 1516.7730000000001 1533.6595918 1499.8443298401098 0.1409142017364502
35 1516.7730000000001 1536.4967881999996 2052.901202188044 0.14475107192993164
36 1516.7730000000001 1534.0996610999998 1596.7071507884632 0.14858102798461914
37 1516.7730000000001 1530.2736051999998 1245.119100385485 0.1524510383605957
38 1516.7730000000001 1533.8107142 1781.764449397071 0.1563429832458496
39 1516.7730000000001 1533.8911799999996 1888.1067301055177 0.16017913818359375
40 1516.7730000000001 1541.9827716999998 2623.8272679415236 0.1638801097869873
41 1516.7730000000001 1533.2647898999996 1476.5228353492892 0.16769909858703613
42 1516.7730000000001 1533.8470539999998 1478.584850488609 0.17152619361877441
43 1516.7730000000001 1533.7736401999998 1659.9377070341932 0.17530012130737305
44 1516.7730000000001 1534.93008 1815.0059501058363 0.17915892601013184
45 1516.7730000000001 1531.4360784 1522.7119670540203 0.18296003341674805
46 1516.7730000000001 1527.1524052 1153.1302948683858 0.18674612045288086
47 1516.7730000000001 1533.8910428 2135.418612034285 0.19061493873596191
48 1516.7730000000001 1535.1641439 1952.424255575605 0.1945629119873047
49 1516.7730000000001 1534.4041911 1852.3808201042757 0.19837093353271484
50 1516.7730000000001 1533.1839205999997 1810.474036585123 0.2021331787109375
51 1516.7730000000001 1534.6251189 1661.1560578697029 0.205888032913208
52 1516.7730000000001 1532.5017404999996 1565.951879186437 0.20949816703796387
53 1516.7730000000001 1532.6733444999998 1902.0342110772733 0.21326828002929688
54 1516.7730000000001 1535.0345507 2238.9296429302553 0.21697402000427246
55 1516.7730000000001 1538.4862844 2527.5925878827447 0.22077417373657227
56 1516.7730000000001 1539.5625878999997 2326.7160213383786 0.22454404830932617
57 1516.7730000000001 1533.1982108999998 1573.977816189219 0.2284379005432129
58 1516.7730000000001 1528.8655316999998 1067.8109454564806 0.23239898681640625
59 1516.7730000000001 1532.3680579999998 1360.1430267457563 0.2362051010131836
60 1516.7730000000001 1535.7581110999997 2086.6079161176494 0.23993420600891113
61 1516.7730000000001 1539.1634901999998 2747.952052717806 0.24371600151062012
62 1516.7730000000001 1531.5858633999999 1834.7554779421625 0.24748802185058594
63 1516.7730000000001 1531.4554046000003 1523.0866700556037 0.25135087966918945
64 1516.7730000000001 1530.1071938 1410.97138284751 0.2551000118255615
65 1516.7730000000001 1530.6600477999998 1660.208862393532 0.2590749263763428
66 1516.7730000000001 1530.4888714 1409.8489341056777 0.26304197311401367
67 1516.7730000000001 1527.9755877999996 1088.8596103998218 0.2670891284942627
68 1516.7730000000001 1531.7004134999997 1600.3667804602771 0.27120399475097656
69 1516.7730000000001 1533.7719353000002 2297.6189538365293 0.27500319480895996
70 1516.7730000000001 1535.8571743 2661.8505838924466 0.27881789207458496
71 1516.7730000000001 1538.7782338999998 2583.137555525852 0.2825629711151123
72 1516.7730000000001 1537.3364026 2158.440706377772 0.2863452434539795
73 1516.7730000000001 1540.1270982999995 2638.032024351831 0.2901029586791992
74 1516.7730000000001 1538.6452098999998 2500.8145627442264 0.29384422302246094
75 1516.7730000000001 1542.0323692 3626.406147176135 0.29751014709472656
76 1516.7730000000001 1541.7467229 3004.9053389229443 0.30120015144348145
77 1516.7730000000001 1542.9891822999998 2506.22249495514 0.30517125129699707
78 1516.7730000000001 1536.4317119999998 1817.0598050433414 0.30892300605773926
79 1516.7730000000001 1538.0055966999998 2051.4025140861013 0.31281399726867676
80 1516.7730000000001 1535.7200093999998 1864.5866910727646 0.316910982131958
81 1516.7730000000001 1533.5055539999998 1631.0887839157117 0.3206520080566406
82 1516.7730000000001 1533.5276463 1622.722676567734 0.32462501525878906
83 1516.7730000000001 1534.0881556999998 2018.9502822354439 0.32891321182250977
84 1516.7730000000001 1533.4291157999999 1635.025484655948 0.33298492431640625
85 1516.7730000000001 1534.8343550000002 1853.6326560439766 0.3373129367828369
86 1516.7730000000001 1532.8682443999999 1665.3855850170812 0.34164905548095703
87 1516.7730000000001 1534.4949949999998 2019.8577133028905 0.3461432456970215
88 1516.7730000000001 1532.2391859999998 1606.371071872756 0.35027289390563965
89 1516.7730000000001 1530.1282594000002 1352.7363869949338 0.35460805892944336
90 1516.7730000000001 1534.9593271999997 1831.057122653633 0.3591771125793457
91 1516.7730000000001 1537.4365094 2153.985176734082 0.36316990852355957
92 1516.7730000000001 1539.7493182 2369.9157810572938 0.36734724044799805
93 1516.7730000000001 1540.8274091000003 2257.896831924981 0.37153029441833496
94 1516.7730000000001 1536.6222494000003 1808.7200587971781 0.375399112701416
95 1516.7730000000001 1533.7849175000001 1618.6983878237897 0.37931013107299805
96 1516.7730000000001 1540.3516601000001 2324.7342105825614 0.3833911418914795
97 1516.7730000000001 1537.9967061999998 2258.997867832472 0.38718199729919434
98 1516.7730000000001 1536.8259262999998 2281.954484349743 0.39106130599975586
99 1516.7730000000001 1538.1614823 2413.723679561789 0.3948509693145752
100 1516.7730000000001 1533.0084489999997 1892.8061686258661 0.3987751007080078
101 1516.7730000000001 1537.7207024999998 2040.8383794239205 0.40261387825012207
102 1516.7730000000001 1533.2947740999998 1874.924893333009 0.40648913383483887
103 1516.7730000000001 1539.6951462 2486.87667193025 0.41031408309936523
104 1516.7730000000001 1536.2243174999999 2519.679622134437 0.4141709804534912
105 1516.7730000000001 1536.4761134 2572.5615404890086 0.4181339740753174
106 1516.7730000000001 1538.201617 2433.8473226710353 0.42206311225891113
107 1516.7730000000001 1536.1010528999998 2283.030991433744 0.42588210105895996
108 1516.7730000000001 1534.145159 2231.0791892808716 0.42974305152893066
109 1516.7730000000001 1535.5609529 2375.460163042501 0.43355798721313477
110 1516.7730000000001 1537.0687621 2491.7153960023466 0.4373481273651123
111 1516.7730000000001 1532.0789197 1680.9065799232621 0.44117116928100586
112 1516.7730000000001 1533.7321837 1878.9497324327804 0.44487905502319336
113 1516.7730000000001 1534.2518186999996 1723.6020266527357 0.44879913330078125
114 1516.7730000000001 1539.0709297 2614.4992494205285 0.4525742530822754
115 1516.7730000000001 1535.6294762999999 1583.927914409756 0.45655202865600586
116 1516.7730000000001 1532.6800889999995 1475.7066727623671 0.46048402786254883
117 1516.7730000000001 1530.5984431 1225.5637925900662 0.46454906463623047
118 1516.7730000000001 1528.7632705999997 1064.3461111040037 0.4684619903564453
119 1516.7730000000001 1531.2049822 1201.9069668731652 0.47234201431274414
120 1516.7730000000001 1532.5889961 1684.413001804458 0.47655606269836426
121 1516.7730000000001 1528.5754056000003 1025.1983689805347 0.48061299324035645
122 1516.7730000000001 1530.1132205 1244.744004506786 0.4844799041748047
123 1516.7730000000001 1533.7701355 1986.5061430249855 0.48840808868408203
124 1516.7730000000001 1536.2636911 2355.1888000025947 0.49224019050598145
125 1516.7730000000001 1536.8687650000002 2251.4666918057665 0.49637699127197266
126 1516.7730000000001 1532.8714533 1694.6164604485189 0.5003979206085205
127 1516.7730000000001 1535.9851064999998 1697.8557945194373 0.504270076751709
128 1516.7730000000001 1536.2910834000002 2109.0073043613747 0.5082101821899414
129 1516.7730000000001 1537.9358487 2142.2420099739215 0.5121262073516846
130 1516.7730000000001 1540.1355473000003 2881.130562765592 0.5159342288970947
131 1516.7730000000001 1535.4308197999999 2198.241777849161 0.5196421146392822
132 1516.7730000000001 1535.3928401999997 2136.549774723539 0.5234520435333252
133 1516.7730000000001 1533.4350863999998 2210.487551839 0.527379035949707
134 1516.7730000000001 1537.8600263999997 2598.8025919069287 0.53131103515625
135 1516.7730000000001 1535.7915226999996 2434.7715771166313 0.5352070331573486
136 1516.7730000000001 1533.5853471999997 1969.9518265397826 0.538999080657959
137 1516.7730000000001 1531.5155008999998 1721.3577900219823 0.5427958965301514
138 1516.7730000000001 1534.2335801999998 2053.8027165392887 0.546633243560791
139 1516.7730000000001 1536.8722699999998 2620.5438252077433 0.5504040718078613
140 1516.7730000000001 1532.8994715999997 1615.5857057289022 0.5541150569915771
141 1516.7730000000001 1535.1376908 2356.9586414084897 0.5578601360321045
142 1516.7730000000001 1529.6770917 1780.1672198748868 0.5617561340332031
143 1516.7730000000001 1530.0238805000001 1401.4574183690495 0.5656318664550781
144 1516.7730000000001 1528.6706146999995 1530.6903467006707 0.5695750713348389
145 1516.7730000000001 1523.3332635 878.8967602308787 0.5734500885009766
146 1516.7730000000001 1525.9006238999998 788.2861095563759 0.5771989822387695
147 1516.7730000000001 1533.2303961999999 1646.0767054701437 0.5809099674224854
148 1516.7730000000001 1531.5330433 1420.045021290003 0.5849001407623291
149 1516.7730000000001 1535.3561464 1845.070661650997 0.5887200832366943
150 1516.7730000000001 1532.2527402999997 1347.224043235826 0.5925002098083496
151 1516.7730000000001 1534.7275144999999 1810.540804865841 0.5963330268859863
152 1516.7730000000001 1531.7157682 1745.700384422001 0.6001529693603516
153 1516.7730000000001 1532.4248121 1851.41335833374 0.6039590835571289
154 1516.7730000000001 1527.1433699 1505.0920304395124 0.6080889701843262
155 1516.7730000000001 1534.3879060000002 3035.9618369911746 0.612152099609375
156 1516.7730000000001 1539.5133081999998 2908.367257225483 0.6164500713348389
157 1516.7730000000001 1539.122771 2496.572328849039 0.6207990646362305
158 1516.7730000000001 1539.6119432999997 2335.535776578165 0.6249680519104004
159 1516.7730000000001 1541.1179909000002 3041.313731888337 0.6293070316314697
160 1516.7730000000001 1535.4061695 2578.257447107824 0.6334161758422852
161 1516.7730000000001 1534.0539913999996 2408.095733039037 0.6376810073852539
162 1516.7730000000001 1533.5952616000002 1963.638696825514 0.6419110298156738
163 1516.7730000000001 1533.4088191 1825.6207726830232 0.6461119651794434
164 1516.7730000000001 1534.6513993 1757.5254976264932 0.6501531600952148
165 1516.7730000000001 1533.0127228000001 1655.5928965768346 0.654116153717041
166 1516.7730000000001 1536.0216455999998 2586.282810715085 0.6580471992492676
167 1516.7730000000001 1533.6169327999999 2051.4616751950107 0.6621711254119873
168 1516.7730000000001 1533.0780977 1865.8182341392373 0.6661720275878906
169 1516.7730000000001 1535.2990238999998 1688.7124104329748 0.6700551509857178
170 1516.7730000000001 1532.1383396999997 1393.0842456857272 0.6741340160369873
171 1516.7730000000001 1538.3989694999996 2691.767506013097 0.6781449317932129
172 1516.7730000000001 1539.7114745 2711.724939638705 0.6820261478424072
173 1516.7730000000001 1531.5316051 1301.6348206305536 0.68609619140625
174 1516.7730000000001 1535.9332882999997 1731.9836497544957 0.6898930072784424
175 1516.7730000000001 1540.4640535999997 2287.881107852385 0.693727970123291
176 1516.7730000000001 1540.3716780999998 2182.302256967161 0.6975898742675781
177 1516.7730000000001 1537.5017351 2264.020877943489 0.701343297958374
178 1516.7730000000001 1530.6350822000002 1383.4759992744998 0.7053759098052979
179 1516.7730000000001 1533.8720397999998 1963.3993644685788 0.7099950313568115
180 1516.7730000000001 1537.3759768999996 2151.0311694346806 0.7143950462341309
181 1516.7730000000001 1537.6717622999997 2237.131742933147 0.7187881469726562
182 1516.7730000000001 1540.2742388000001 2790.5943296226765 0.7227981090545654
183 1516.7730000000001 1536.864867 2312.947824324915 0.7266941070556641
184 1516.7730000000001 1535.9833282000002 2060.915321839461 0.7310011386871338
185 1516.7730000000001 1529.1707536000001 1387.7937976001285 0.7351179122924805
186 1516.7730000000001 1533.7844842999998 1768.0546323049427 0.7390718460083008
187 1516.7730000000001 1531.6043149999998 1548.4946578918527 0.7429192066192627
188 1516.7730000000001 1535.7102267 2031.1345288303614 0.7470319271087646
189 1516.7730000000001 1540.6656346999998 3127.365648438077 0.7511301040649414
190 1516.7730000000001 1540.7864257000003 3135.1975315810764 0.7550618648529053
191 1516.7730000000001 1537.7598690999998 3143.2604834634417 0.7591400146484375
192 1516.7730000000001 1536.1152816 2540.425656148079 0.7631499767303467
193 1516.7730000000001 1540.9683964999997 2744.6371888695844 0.767082929611206
194 1516.7730000000001 1535.8058544999994 2450.753384448766 0.7709929943084717
195 1516.7730000000001 1529.2278680999996 1516.068766610015 0.7748620510101318
196 1516.7730000000001 1531.7874552 1837.6400185417435 0.7787230014801025
197 1516.7730000000001 1532.833672 1530.6718959799518 0.7825720310211182
198 1516.7730000000001 1541.4924970000002 2732.121981076524 0.7864670753479004
199 1516.7730000000001 1540.4574892999997 2596.244067912005 0.7902719974517822
200 1516.7730000000001 1537.2993486999997 2093.218587774785 0.7943460941314697
201 1516.7730000000001 1530.3913464999996 1225.6049936377324 0.798396110534668
202 1516.7730000000001 1532.7276453 1683.9832555150235 0.8022761344909668
203 1516.7730000000001 1530.1381474999996 1394.61540908745 0.8061330318450928
204 1516.7730000000001 1533.6473966999997 2365.1008426686485 0.8102400302886963
205 1516.7730000000001 1528.4761127 1345.2915683813264 0.8140311241149902
206 1516.7730000000001 1528.8364194 1190.9827216485085 0.8178820610046387
207 1516.7730000000001 1534.458958 2201.269561421669 0.8219361305236816
208 1516.7730000000001 1530.9738512999995 1327.830476410026 0.8261432647705078
209 1516.7730000000001 1533.0078182999998 1911.6830556024315 0.8302490711212158
210 1516.7730000000001 1531.3438157 1315.5191360084686 0.8347749710083008
211 1516.7730000000001 1533.7204281 1438.3130511969316 0.8390650749206543
212 1516.7730000000001 1535.8497575 1804.5428199799253 0.8436851501464844
213 1516.7730000000001 1533.0809436 1678.1296847921017 0.8477411270141602
214 1516.7730000000001 1529.9698021999998 1489.1838242231083 0.8518040180206299
215 1516.7730000000001 1538.1253868 1930.5969301475895 0.8556840419769287
216 1516.7730000000001 1532.0736392000001 1560.2874741938026 0.8594532012939453
217 1516.7730000000001 1532.5148328000002 1674.7031252901477 0.8640620708465576
218 1516.7730000000001 1538.8025938 2356.1141605627636 0.8682641983032227
219 1516.7730000000001 1539.4101882 2595.495067223417 0.8724000453948975
220 1516.7730000000001 1537.8558590999996 2681.902107219243 0.8763880729675293
221 1516.7730000000001 1527.5927476999998 1588.8747474657869 0.8804159164428711
222 1516.7730000000001 1528.9305267999996 1682.215508844906 0.8843910694122314
223 1516.7730000000001 1529.5217343 1179.2922154101063 0.8883402347564697
224 1516.7730000000001 1533.2167746 1739.0804987448803 0.8922200202941895
225 1516.7730000000001 1534.639215 1945.1896989181596 0.8961570262908936
226 1516.7730000000001 1532.5399822999998 1829.821031469403 0.9001870155334473
227 1516.7730000000001 1525.5098445999997 1012.0871817817871 0.9040548801422119
228 1516.7730000000001 1532.4750066999998 2371.0726976886963 0.9081051349639893
229 1516.7730000000001 1534.1918321999997 2470.349780237434 0.9122521877288818
230 1516.7730000000001 1528.9188201999998 1662.6117881098783 0.9161620140075684
231 1516.7730000000001 1531.4979571000001 1715.6878302146404 0.9200439453125
232 1516.7730000000001 1536.5930534999998 2339.698767555718 0.9239709377288818
233 1516.7730000000001 1539.2853841999997 3064.6810922219697 0.9279541969299316
234 1516.7730000000001 1539.0434158999997 3038.6314563219134 0.9318501949310303
235 1516.7730000000001 1533.2395743000002 1909.3431666820345 0.9356660842895508
236 1516.7730000000001 1531.9005344 1423.1899412861228 0.9395308494567871
237 1516.7730000000001 1529.2815587999999 1126.388029632744 0.9434211254119873
238 1516.7730000000001 1533.5472336 2002.2533579986286 0.9474349021911621
239 1516.7730000000001 1532.8944530999997 1529.1956986752382 0.9512701034545898
240 1516.7730000000001 1532.8213001 1492.3642081339383 0.955247163772583
241 1516.7730000000001 1532.3625403999997 1551.281035500436 0.9590320587158203
242 1516.7730000000001 1533.6870233 1784.0836126410438 0.9627959728240967
243 1516.7730000000001 1533.3333589 2057.675263712958 0.9666001796722412
244 1516.7730000000001 1529.763739 1855.0404687876196 0.9707748889923096
245 1516.7730000000001 1529.3281496 1394.839660508838 0.9746110439300537
246 1516.7730000000001 1533.3345656 1770.9734654538397 0.9784879684448242
247 1516.7730000000001 1529.1846378 1147.893385746122 0.9828550815582275
248 1516.7730000000001 1535.5454975999996 1853.7305734247684 0.9868671894073486
249 1516.7730000000001 1532.0053096999995 1388.6328805217438 0.9907360076904297
1516.7730000000001 0.9944901466369629
