MO4
250 1442.23643
1
0 7068.2798 9492.395924299999 729486.5724258472 0.0035161972045898438
1 2848.5416600000003 8771.993484 1142200.3391747468 0.008929014205932617
2 2020.7760700000001 7059.412509399999 5812773.391682604 0.013670206069946289
3 1510.2221399999999 5885.411042299998 6607022.625646066 0.018006086349487305
4 1463.6566199999997 4766.5795284 7108654.603017913 0.022814273834228516
5 1463.6566199999997 3948.7725806000003 6132561.269378896 0.027317047119140625
6 1463.6566199999997 3340.7444481999996 5156865.492611799 0.031495094299316406
7 1463.6566199999997 2864.830688999999 3798898.8911294825 0.035697221755981445
8 1463.6566199999997 2521.6413518 2880750.2695339723 0.039849281311035156
9 1463.6566199999997 2261.1779702999997 2109589.908890464 0.04419207572937012
10 1463.6566199999997 2113.3925354 1625276.106618942 0.04826021194458008
11 1463.6566199999997 1937.9223632 927362.0489014307 0.05213117599487305
12 1463.6566199999997 1824.0686562 697669.2212568262 0.055973052978515625
13 1463.6566199999997 1774.2478764999996 654542.701257384 0.0599370002746582
14 1463.6566199999997 1697.8114555 329905.1132538019 0.06387209892272949
15 1463.6566199999997 1668.4765245999997 294433.373948262 0.0677030086517334
16 1463.6566199999997 1651.7992213999999 290878.37113175547 0.07158708572387695
17 1463.6566199999997 1594.3066585999998 159312.60886028514 0.07544803619384766
18 1463.6566199999997 1572.6987363999997 138312.40010252743 0.07950830459594727
19 1463.6566199999997 1571.4450401000001 137832.83104637745 0.08338713645935059
20 1463.6566199999997 1561.9840795999999 135488.55589651567 0.08719515800476074
21 1463.6566199999997 1527.9034015999996 39012.43620166418 0.09110403060913086
22 1463.6566199999997 1491.9595099999997 3715.449024661468 0.09496331214904785
23 1463.6566199999997 1486.5291427999996 3781.5673298940005 0.09875917434692383
24 1463.6566199999997 1482.1978751999998 2601.702634228977 0.10262131690979004
25 1463.6566199999997 1479.9846533999996 2502.8369968147977 0.10648918151855469
26 1463.6566199999997 1478.1500507999997 1963.1503310197525 0.11030030250549316
27 1460.41023 1482.8075188999996 2266.3275648017075 0.11408615112304688
28 1460.41023 1486.5456826999998 2450.0743167006162 0.11817026138305664
29 1460.41023 1484.8077841999998 2842.901373961371 0.12206721305847168
30 1460.41023 1480.850665 1930.6199940617166 0.12598919868469238
31 1460.41023 1484.6902794999999 2731.9564354310405 0.1298542022705078
32 1460.41023 1484.6537240999999 2423.984807672864 0.13373112678527832
33 1460.41023 1479.5673074 1591.5849168182626 0.13762521743774414
34 1460.41023 1478.4679049999997 2137.7918881604446 0.14140725135803223
35 1460.41023 1480.4739808 2454.1523590531674 0.14525723457336426
36 1460.41023 1479.9558955 1878.1279575304804 0.14912104606628418
37 1460.41023 1487.598683 2777.734493652594 0.15316510200500488
38 1460.41023 1480.4867164000002 1704.675032109328 0.15697622299194336
39 1460.41023 1479.8549099000002 2137.2786758708817 0.16090703010559082
40 1460.41023 1478.5776520999998 2057.9760824607297 0.1647171974182129
41 1460.41023 1482.0387475999999 2473.6390958992943 0.16849827766418457
42 1460.41023 1476.1233475 1555.3750936920242 0.17229413986206055
43 1460.41023 1480.3635391 2402.6752135502184 0.1762239933013916
44 1460.41023 1478.8928362 2527.2710800284867 0.1800692081451416
45 1460.41023 1480.3226081999999 2894.165269454012 0.18399405479431152
46 1460.41023 1470.3164724999997 1273.0147466076276 0.18785524368286133
47 1460.41023 1473.0380902 1216.495548683944 0.19200515747070312
48 1460.41023 1471.1235403 1069.4298509608482 0.1958770751953125
49 1460.41023 1471.9237919 987.5504695269825 0.19971203804016113
50 1460.41023 1476.9363585 1494.5919184464403 0.20358514785766602
51 1460.41023 1484.176161 2800.7279235063015 0.20743823051452637
52 1460.41023 1484.3188162 2903.7531121959923 0.21131205558776855
53 1460.41023 1481.5812396000003 2180.6761848434817 0.21518731117248535
54 1442.23643 1484.156432 2535.021247493707 0.21911406517028809
55 1442.23643 1484.8715071 2822.1476567254035 0.22295022010803223
56 1442.23643 1475.846896 2454.899227369859 0.226884126663208
57 1442.23643 1478.2897965000002 2532.605555211611 0.23073196411132812
58 1442.23643 1477.6737242 4028.7448619942775 0.23457622528076172
59 1442.23643 1479.5523971999999 4921.413854645018 0.23839521408081055
60 1442.23643 1463.0766735999998 1662.312142760998 0.24229025840759277
61 1442.23643 1461.2925187 1601.8481061842365 0.2462010383605957
62 1442.23643 1459.9599896999998 1389.566703836754 0.24994206428527832
63 1442.23643 1458.7673364999998 1300.1701509979694 0.25377607345581055
64 1442.23643 1462.5177333999998 1863.289026364387 0.25766921043395996
65 1442.23643 1461.8085020999997 2034.2765938650743 0.26160097122192383
66 1442.23643 1463.2212754 2197.9366393083264 0.2656381130218506
67 1442.23643 1465.1424131999997 2623.0266229547055 0.26955413818359375
68 1442.23643 1465.6448071999998 2760.6188886573887 0.2733800411224365
69 1442.23643 1465.4779279000002 2903.491512697883 0.2772681713104248
70 1442.23643 1466.0182548 2720.748903364924 0.2812049388885498
71 1442.23643 1464.6007263 2410.305798286371 0.2850332260131836
72 1442.23643 1462.9905475999997 2198.2958113254513 0.2888181209564209
73 1442.23643 1462.6950630999997 2308.1820665090922 0.29265403747558594
74 1442.23643 1460.7698897 2690.927853311297 0.29645633697509766
75 1442.23643 1458.6052199 2398.172986705535 0.30024218559265137
76 1442.23643 1463.4603310000002 2489.9901379125317 0.30411696434020996
77 1442.23643 1462.0912976999998 1922.9960776336543 0.30795907974243164
78 1442.23643 1458.8313569999998 1486.5489964724734 0.3118760585784912
79 1442.23643 1456.4168229999998 1146.974529485403 0.3158681392669678
80 1442.23643 1457.9932763 1471.4498317426492 0.31992435455322266
81 1442.23643 1461.2221055999998 1716.760235099595 0.32386207580566406
82 1442.23643 1456.7104352999997 1343.4835924676913 0.3277921676635742
83 1442.23643 1457.1704713 1089.4742916646128 0.3317141532897949
84 1442.23643 1461.3273623999996 1534.5566523106145 0.335651159286499
85 1442.23643 1460.8278820999997 1666.848885012019 0.3399391174316406
86 1442.23643 1460.4200147 1802.6205645499244 0.3437800407409668
87 1442.23643 1465.9939727999997 2600.725126812214 0.34785032272338867
88 1442.23643 1460.7043772999998 2152.7710104774214 0.352100133895874
89 1442.23643 1459.1927096999998 1798.0370019577279 0.35619115829467773
90 1442.23643 1464.0081707 2269.706181600201 0.36029624938964844
91 1442.23643 1455.8080373999996 1311.220423750084 0.3642852306365967
92 1442.23643 1458.9267481 1987.8959114617185 0.36841416358947754
93 1442.23643 1459.777057 2069.7878626897627 0.372622013092041
94 1442.23643 1458.7552388 1635.8171531723883 0.37656426429748535
95 1442.23643 1458.3387249999996 1697.834005148909 0.380634069442749
96 1442.23643 1461.0721066999997 1878.4010440034936 0.38461804389953613
97 1442.23643 1467.5264114999998 3064.611544330378 0.3886260986328125
98 1442.23643 1468.7059419 3307.5706053042786 0.39249515533447266
99 1442.23643 1468.2506668999997 3358.9661020874332 0.3964862823486328
100 1442.23643 1474.1826582999995 3995.9339314228023 0.4003281593322754
101 1442.23643 1466.2669950999998 2882.203284736923 0.4042532444000244
102 1442.23643 1466.70427 3586.98626101989 0.4081611633300781
103 1442.23643 1469.0775552999999 3611.788598695132 0.4120209217071533
104 1442.23643 1466.8425849999999 3462.9593860112163 0.41599202156066895
105 1442.23643 1460.8486417999998 2300.710686605473 0.419935941696167
106 1442.23643 1460.2944026999996 2426.31342560491 0.42377209663391113
107 1442.23643 1454.2453286999998 1234.681588704732 0.42780518531799316
108 1442.23643 1455.4212016 1363.608313159949 0.431826114654541
109 1442.23643 1457.7149239999999 1537.4472904637464 0.43578624725341797
110 1442.23643 1458.7055682 1825.9627361393304 0.4398691654205322
111 1442.23643 1455.8118752999997 1442.2934333533299 0.44411516189575195
112 1442.23643 1452.4248706999997 995.4868069949589 0.4481489658355713
113 1442.23643 1460.9983718 2079.1484102180634 0.4523892402648926
114 1442.23643 1469.5278199999998 2912.398677820218 0.4565551280975342
115 1442.23643 1463.6255359 2521.719306731632 0.46085119247436523
116 1442.23643 1468.5571203 2849.9704512341127 0.46492624282836914
117 1442.23643 1464.3371980000002 2586.774455164094 0.46896815299987793
118 1442.23643 1462.0104466000003 2405.09395633828 0.4727811813354492
119 1442.23643 1460.7785931 2235.0330604579667 0.47662901878356934
120 1442.23643 1470.0087260999999 3448.8365969346232 0.48046207427978516
121 1442.23643 1466.3445230999996 3117.2353479131043 0.4843173027038574
122 1442.23643 1465.1878366999997 3274.73444793063 0.48807215690612793
123 1442.23643 1467.9218735000002 3468.558935245971 0.49207615852355957
124 1442.23643 1471.4266398000002 3918.090225239066 0.49598002433776855
125 1442.23643 1469.8973576 3330.1678090083547 0.4997889995574951
126 1442.23643 1468.9955199 2919.9973960100215 0.50356125831604
127 1442.23643 1462.3172129999998 2836.497795139944 0.5074851512908936
128 1442.23643 1456.0836510999995 1269.930789089065 0.5115652084350586
129 1442.23643 1457.1642762000001 1460.8406300490017 0.515526294708252
130 1442.23643 1457.9581425999997 1511.8853271793625 0.5193440914154053
131 1442.23643 1461.2688843999997 2040.7000875464073 0.5231900215148926
132 1442.23643 1461.2795661999999 2474.7365773232436 0.5271201133728027
133 1442.23643 1462.2385485999996 2702.8771158879726 0.5311112403869629
134 1442.23643 1456.0779799999998 1719.3976259210897 0.5350420475006104
135 1442.23643 1465.068868 2061.3587730195154 0.5389821529388428
136 1442.23643 1470.2320642999998 2566.419946916038 0.5428321361541748
137 1442.23643 1462.4858071999997 1868.453987633908 0.5467021465301514
138 1442.23643 1463.1981271999998 1709.0996983593266 0.5505571365356445
139 1442.23643 1459.6131536 1421.3676091342827 0.5544109344482422
140 1442.23643 1459.8798173 1522.0241812583354 0.5584831237792969
141 1442.23643 1460.0675832999998 1570.7940718224322 0.5625982284545898
142 1442.23643 1451.6818600999998 632.6231071900642 0.5668673515319824
143 1442.23643 1454.2633047999998 1100.8452333932985 0.5708112716674805
144 1442.23643 1453.7921388 1267.9813457423397 0.5746560096740723
145 1442.23643 1452.5073065000001 874.7363657172738 0.5785610675811768
146 1442.23643 1459.4729667 2024.9493046877462 0.5823431015014648
147 1442.23643 1458.4699085999998 1852.2943663552942 0.5861990451812744
148 1442.23643 1459.4202068999998 1602.2841885852383 0.5899760723114014
149 1442.23643 1460.7996600999998 2153.5216251697184 0.5937991142272949
150 1442.23643 1465.1643224999998 2620.0411361207052 0.59763503074646
151 1442.23643 1459.4918734999999 1255.3756384846542 0.6014602184295654
152 1442.23643 1462.4906561999999 2074.7024636844544 0.6054542064666748
153 1442.23643 1459.7488858 1696.8051739189607 0.6093151569366455
154 1442.23643 1460.9790015 2057.617575261055 0.6131961345672607
155 1442.23643 1465.8388851 2258.5277340229695 0.61698317527771
156 1442.23643 1466.7903801 2989.868872401517 0.620751142501831
157 1442.23643 1466.2889968 2875.8472141971224 0.6245951652526855
158 1442.23643 1470.8439473 3521.6686259407916 0.6282989978790283
159 1442.23643 1473.3112945999997 3644.91079118928 0.6320831775665283
160 1442.23643 1475.2211718999997 3985.063232156992 0.6359679698944092
161 1442.23643 1473.3409718999997 3464.1011871613614 0.6399641036987305
162 1442.23643 1473.5944331999997 3348.5076910991925 0.6439552307128906
163 1442.23643 1464.7218698 2033.1923304067348 0.6478042602539062
164 1442.23643 1461.0399481 1668.0948519848776 0.6516191959381104
165 1442.23643 1460.8145390999998 1794.6597918199975 0.6554610729217529
166 1442.23643 1463.0021567999997 2112.790543309983 0.6592941284179688
167 1442.23643 1466.5285961 2602.6432334792944 0.6631679534912109
168 1442.23643 1465.3460958999995 2540.24203967814 0.6670191287994385
169 1442.23643 1471.2078118 3161.677529885375 0.6708221435546875
170 1442.23643 1469.7692791 3328.6716287163817 0.6747181415557861
171 1442.23643 1466.0206547999999 2746.8983154418816 0.6786880493164062
172 1442.23643 1470.7389768 2696.6141856158006 0.6826872825622559
173 1442.23643 1475.9362542999997 2759.8676823928563 0.686506986618042
174 1442.23643 1472.3410450999997 2579.114092611047 0.6902410984039307
175 1442.23643 1473.7946204999998 3464.1462140741933 0.6941161155700684
176 1442.23643 1462.3716108999997 2236.8966064023593 0.6979682445526123
177 1442.23643 1461.5210002999997 1642.8811122182815 0.7017621994018555
178 1442.23643 1468.3389241999998 2695.1372986880506 0.7055680751800537
179 1442.23643 1463.8201146999997 2579.6462903496654 0.7093501091003418
180 1442.23643 1467.3020138 2311.367308192652 0.7134850025177002
181 1442.23643 1463.6680301000001 1506.7528525058306 0.717597246170044
182 1442.23643 1464.8550484 2497.277501141418 0.7215962409973145
183 1442.23643 1468.5416991999998 3130.4750471516413 0.72548508644104
184 1442.23643 1471.1387983999998 3469.5388979904387 0.7294471263885498
185 1442.23643 1467.0590098999996 2355.3758807764884 0.7332701683044434
186 1442.23643 1469.5412565999995 2663.7698166605514 0.7371401786804199
187 1442.23643 1470.2752948999998 2562.6733076885607 0.7409729957580566
188 1442.23643 1462.1703326 1829.8030420176524 0.7449252605438232
189 1442.23643 1467.9862793999998 3169.1909803905805 0.7488441467285156
190 1442.23643 1469.7157888999998 2735.197969422701 0.7528660297393799
191 1442.23643 1459.6057689 1793.0633988686986 0.7568581104278564
192 1442.23643 1468.3342169999999 2662.860889051637 0.7606310844421387
193 1442.23643 1466.2058639999998 2742.004112257281 0.7644662857055664
194 1442.23643 1463.4990194999998 2400.058439378932 0.7682631015777588
195 1442.23643 1454.5947399 1110.2863242659485 0.7720942497253418
196 1442.23643 1459.9314686999999 1597.896524153456 0.7758421897888184
197 1442.23643 1459.4421376999996 1600.317752340082 0.7795891761779785
198 1442.23643 1462.0016199 1790.3647719284959 0.7835690975189209
199 1442.23643 1461.7143073999998 1695.124024591663 0.7875750064849854
200 1442.23643 1463.1811825999998 2015.7866797936163 0.7916181087493896
201 1442.23643 1466.5426458999998 2626.553921010977 0.7955760955810547
202 1442.23643 1464.6165334999998 2488.911080741985 0.7994401454925537
203 1442.23643 1464.5400483999997 2516.524347048922 0.8033530712127686
204 1442.23643 1463.1962183999997 2383.6361198737045 0.8071291446685791
205 1442.23643 1466.1471073999999 2980.3705147860933 0.8108911514282227
206 1442.23643 1464.9818951999998 2401.489946054482 0.8147749900817871
207 1442.23643 1468.4863191 2557.6231271231854 0.8187110424041748
208 1442.23643 1464.0708424999998 2297.3439829374975 0.8225641250610352
209 1442.23643 1472.2365923 3488.005985578146 0.8263652324676514
210 1442.23643 1463.1451863999996 2443.8846785532664 0.8303773403167725
211 1442.23643 1459.9194558999998 1955.7018846342312 0.8343453407287598
212 1442.23643 1461.7608775 2198.664824455798 0.838355302810669
213 1442.23643 1461.553457 2756.3569159562444 0.8422751426696777
214 1442.23643 1454.3548982 1256.585135005713 0.8464291095733643
215 1442.23643 1460.2095404999998 2148.5767147824154 0.8502562046051025
216 1442.23643 1465.5599099999995 2951.62783914238 0.8541171550750732
217 1442.23643 1466.7175247999996 2274.7887663106776 0.8587751388549805
218 1442.23643 1466.5960765 2376.5737109925776 0.8632402420043945
219 1442.23643 1466.5407282999995 2224.6403158190824 0.8676290512084961
220 1442.23643 1463.5167325 1992.4451801973016 0.8720700740814209
221 1442.23643 1463.9994266 2315.629594512413 0.876136302947998
222 1442.23643 1463.9393643 2791.4078868116385 0.8805370330810547
223 1442.23643 1466.1097807 3065.863196445712 0.8847992420196533
224 1442.23643 1466.723599 2959.715115602427 0.8886473178863525
225 1442.23643 1458.2879518 1650.7291508875485 0.8926022052764893
226 1442.23643 1459.8533726 1726.4347540174429 0.8968150615692139
227 1442.23643 1455.6905958999996 1236.6976695443375 0.901015043258667
228 1442.23643 1458.5227194999998 1741.7384006829843 0.9053311347961426
229 1442.23643 1461.2355920999998 2063.1560367532093 0.9094142913818359
230 1442.23643 1463.4350709999999 2627.4765549742647 0.9135551452636719
231 1442.23643 1457.6433339999996 1629.3312102339487 0.9174032211303711
232 1442.23643 1458.5889994 1617.428890265916 0.921626091003418
233 1442.23643 1457.4104752000003 1743.4479071654239 0.9258170127868652
234 1442.23643 1456.6186888 1412.412629814679 0.9298751354217529
235 1442.23643 1460.0169931999997 1749.1224547329894 0.9341859817504883
236 1442.23643 1469.2399555 3520.26066742234 0.9385311603546143
237 1442.23643 1465.4220521999998 3010.491237217486 0.942965030670166
238 1442.23643 1467.2969589 2846.9062194016738 0.9471092224121094
239 1442.23643 1460.3626086999998 1879.8443567426848 0.95137619972229
240 1442.23643 1462.1079061999997 1985.9566138727923 0.955848217010498
241 1442.23643 1464.8373457999996 2546.4799197401003 0.9600780010223389
242 1442.23643 1465.6338652 2758.5954127937816 0.964224100112915
243 1442.23643 1465.3658218 3191.6344452029007 0.968292236328125
244 1442.23643 1458.4284655 2160.6974833969753 0.9722201824188232
245 1442.23643 1461.2352805 2223.486970821222 0.9763340950012207
246 1442.23643 1458.2567786999998 1820.8265890312562 0.9808380603790283
247 1442.23643 1457.835617 1771.2731000169476 0.9848959445953369
248 1442.23643 1464.2449118999998 2318.362410322023 0.9890899658203125
249 1442.23643 1468.2940821999998 2727.9360287708296 0.9932451248168945
1442.23643 0.9972891807556152
2
0 6781.52815 9511.792841 914586.5628826331 0.0036950111389160156
1 3114.67976 8822.673881699999 1676413.4806868564 0.008827686309814453
2 2097.01484 7417.0266489000005 4995903.514958572 0.0134429931640625
3 1901.46192 5740.501499600001 6198061.475994774 0.017843961715698242
4 1806.29606 4574.4407676 5404328.262466222 0.022095918655395508
5 1524.2389899999998 3774.282613300001 4290235.319330983 0.026164770126342773
6 1524.2389899999998 3291.1209115000006 4205327.6641088715 0.030421972274780273
7 1500.04579 2784.8813396000005 2591426.4811747456 0.034471750259399414
8 1500.04579 2459.2185642 2064753.054036822 0.03909182548522949
9 1500.04579 2134.0110901 1163784.7653637766 0.04379391670227051
10 1500.04579 2033.6477217 1136303.7167040086 0.048364877700805664
11 1477.8714799999998 1856.5065847000003 514282.85890940676 0.053160905838012695
12 1477.8714799999998 1751.5328107999999 363197.2031882487 0.05712389945983887
13 1463.6566199999997 1647.2188241999997 138922.960029457 0.061276912689208984
14 1463.6566199999997 1615.8231845999999 115794.24274810412 0.06570577621459961
15 1463.6566199999997 1599.5459845999999 112279.82750945102 0.0697329044342041
16 1463.6566199999997 1582.8043691999999 110080.65864650698 0.07390570640563965
17 1463.6566199999997 1565.0476732999998 84145.8243298774 0.07797384262084961
18 1463.6566199999997 1553.3227144999996 76887.74405948281 0.08206391334533691
19 1463.6566199999997 1532.2482447999998 59375.41679582762 0.08595871925354004
20 1463.6566199999997 1509.0505016999994 19799.66014918918 0.08998703956604004
21 1442.23643 1491.6243398999995 3462.8249260051775 0.09447598457336426
22 1442.23643 1490.3689973999997 3948.3804580506785 0.09890985488891602
23 1442.23643 1489.8212811999995 5453.136747338867 0.10367774963378906
24 1442.23643 1487.6047547 5436.773411879203 0.10821914672851562
25 1442.23643 1484.5072692999997 4666.099662096108 0.11273598670959473
26 1442.23643 1478.9918645999999 3800.5321012499794 0.11685991287231445
27 1442.23643 1467.9803489 2999.6932071550937 0.12081599235534668
28 1442.23643 1471.4697654000001 2865.5984113156246 0.12484073638916016
29 1442.23643 1465.6825734000001 2497.4438247044736 0.12892484664916992
30 1442.23643 1463.4680471999995 1846.9996236089264 0.13290166854858398
31 1442.23643 1470.981572 2865.309182820914 0.13698887825012207
32 1442.23643 1472.6427422 3176.5228975232476 0.1411149501800537
33 1442.23643 1473.4385991 3408.7486948885867 0.14535069465637207
34 1442.23643 1466.6933278999998 2760.6400272508195 0.14942288398742676
35 1442.23643 1466.5855930999996 3602.8957031753857 0.15350699424743652
36 1442.23643 1466.5165182999997 2682.1473641491425 0.1574387550354004
37 1442.23643 1466.5678739999996 3120.664112431685 0.16121792793273926
38 1442.23643 1460.8056224999998 1775.7674766429586 0.16556477546691895
39 1442.23643 1463.0751890999995 2152.748854030397 0.16942882537841797
40 1442.23643 1465.2992572 2418.0439079413613 0.17345595359802246
41 1442.23643 1468.0513394999998 2575.8434732515198 0.17774200439453125
42 1442.23643 1469.8912450999997 2563.9576676702695 0.18207573890686035
43 1442.23643 1469.5721231999996 3037.1373636389926 0.18640780448913574
44 1442.23643 1469.6605623999997 3256.5896299067313 0.19093871116638184
45 1442.23643 1467.7749821 2635.3349915449444 0.1951889991760254
46 1442.23643 1467.8742037999996 2436.985184218015 0.1993119716644287
47 1442.23643 1460.5224902 2014.0022097689155 0.20381999015808105
48 1442.23643 1462.9421542 2192.626571818463 0.20820975303649902
49 1442.23643 1461.4369569000003 1886.9685783776417 0.21227693557739258
50 1442.23643 1458.1702839999998 1692.8098517925544 0.2162778377532959
51 1442.23643 1462.0315819999998 2318.8687684292227 0.22030186653137207
52 1442.23643 1463.1903523999997 2048.3931647004397 0.22423791885375977
53 1442.23643 1463.7321258000002 2029.619263208625 0.22825384140014648
54 1442.23643 1462.9442752000002 2064.103930947288 0.2322390079498291
55 1442.23643 1461.1060747000001 1942.000108700541 0.23616886138916016
56 1442.23643 1466.5302063 2552.129734037643 0.24019885063171387
57 1442.23643 1465.1422341999998 2592.5099557601875 0.24413084983825684
58 1442.23643 1469.7166746999999 3007.4525248192635 0.2481069564819336
59 1442.23643 1473.8833223999995 3596.7192171865518 0.2519948482513428
60 1442.23643 1470.6305040999996 3163.008558628717 0.2559089660644531
61 1442.23643 1470.6601609999998 3665.322281785533 0.2598278522491455
62 1442.23643 1463.0605164999997 2687.6651150891644 0.2637817859649658
63 1442.23643 1461.9636237 2017.4985905008514 0.26794886589050293
64 1442.23643 1468.5221894999997 3591.350677405303 0.27199578285217285
65 1442.23643 1462.0048916000003 2468.408463299938 0.27600669860839844
66 1442.23643 1460.7526288999998 2795.5630049082447 0.2802298069000244
67 1442.23643 1461.9824882999997 2030.14157321929 0.2840428352355957
68 1442.23643 1462.2669016999998 2106.531511242186 0.2882349491119385
69 1442.23643 1469.9807591 3017.841114506113 0.2920408248901367
70 1442.23643 1477.5627665999998 3515.649576953458 0.2960197925567627
71 1442.23643 1472.5867224999997 3094.910137159993 0.3001887798309326
72 1442.23643 1471.4274676 3472.9062059251382 0.30426692962646484
73 1442.23643 1471.8743185999995 4829.826158687931 0.3084137439727783
74 1442.23643 1462.8795088 3194.282343662381 0.31289172172546387
75 1442.23643 1464.4691043999999 3421.928200419957 0.31717586517333984
76 1442.23643 1467.5523014000003 3294.8483295309684 0.32137489318847656
77 1442.23643 1463.9013832 2845.7646776796373 0.32594990730285645
78 1442.23643 1462.0569829000003 2172.8289048988804 0.33019089698791504
79 1442.23643 1468.4723683000004 2703.653518978277 0.3345179557800293
80 1442.23643 1463.9382943999997 2726.189241748205 0.33826398849487305
81 1442.23643 1454.2254592999996 1471.19425070412 0.3420839309692383
82 1442.23643 1462.3090903999996 2858.5167254665116 0.3466298580169678
83 1442.23643 1463.5474583 3459.4478627392273 0.35060811042785645
84 1442.23643 1459.3160512 2967.1537170790775 0.35455989837646484
85 1442.23643 1462.2848669999994 2272.3726714450777 0.35852479934692383
86 1442.23643 1461.9783151 2174.3819636425983 0.3626418113708496
87 1442.23643 1469.2819375000001 2947.258581151089 0.3665158748626709
88 1442.23643 1470.4801144999997 3285.365850967777 0.37032008171081543
89 1442.23643 1471.9202458 4101.964302058891 0.37421584129333496
90 1442.23643 1471.1399473000001 4122.320091680997 0.3781599998474121
91 1442.23643 1467.9673756999996 3607.6349206766113 0.3826878070831299
92 1442.23643 1458.7319781999997 1692.7705797455783 0.38707399368286133
93 1442.23643 1457.8600011000003 1637.1598946010847 0.39128589630126953
94 1442.23643 1452.7621150999998 1276.5652944783387 0.3959178924560547
95 1442.23643 1467.9951388 3157.2376829274567 0.40015482902526855
96 1442.23643 1466.3044932999996 2913.857060422425 0.4042789936065674
97 1442.23643 1467.0769381999999 3081.2695932027523 0.40815305709838867
98 1442.23643 1464.6801774999997 2497.693656302072 0.41217994689941406
99 1442.23643 1463.3838293 2496.080671697362 0.4167368412017822
100 1442.23643 1468.406682 3301.406165625902 0.42084503173828125
101 1442.23643 1464.1735086999997 2587.836579593494 0.42567896842956543
102 1442.23643 1459.4304263000001 2349.0048780129223 0.43052101135253906
103 1442.23643 1461.5364499999998 2302.5396087818635 0.43451905250549316
104 1442.23643 1465.2193147 2921.670423148358 0.4388768672943115
105 1442.23643 1463.1759399999999 2343.265096565371 0.44303202629089355
106 1442.23643 1457.4257684 1646.299726935942 0.447268009185791
107 1442.23643 1460.0837782999997 1828.1327484377916 0.4513278007507324
108 1442.23643 1459.6868625999998 1853.9876092849165 0.45578598976135254
109 1442.23643 1459.9488142 1839.5507682116781 0.46025896072387695
110 1442.23643 1462.4829801000003 2463.4401037109496 0.464465856552124
111 1442.23643 1462.2757033000005 2419.144335052119 0.4688718318939209
112 1442.23643 1460.1359766 2520.814961729677 0.47310686111450195
113 1442.23643 1463.9893848999998 3294.102788521703 0.47718381881713867
114 1442.23643 1465.9933766999998 3404.8670961057633 0.4813077449798584
115 1442.23643 1466.1973911999999 3580.5545758185986 0.4853379726409912
116 1442.23643 1473.7500587999998 4240.338343521689 0.4893479347229004
117 1442.23643 1473.9964966 4537.000619761445 0.4934239387512207
118 1442.23643 1471.1489727999997 3689.962152981735 0.49764490127563477
119 1442.23643 1467.6510024999995 3423.359409306785 0.5021319389343262
120 1442.23643 1471.0135542999997 3965.507611435085 0.5062308311462402
121 1442.23643 1474.995297 3503.107603397988 0.5104176998138428
122 1442.23643 1474.8835182 3347.3425561856725 0.5145208835601807
123 1442.23643 1476.1216114 3902.9392686732094 0.5183899402618408
124 1442.23643 1471.7488921 3236.986633575652 0.5225598812103271
125 1442.23643 1470.5693845999997 2983.5996764626493 0.5266070365905762
126 1442.23643 1471.9255929 3741.0484275518047 0.5306568145751953
127 1442.23643 1473.0112791 4272.891910398455 0.5348608493804932
128 1442.23643 1463.6977904999994 2756.425551266683 0.5390748977661133
129 1442.23643 1464.3378165 3922.810357647014 0.543159008026123
130 1442.23643 1468.2086615999997 3574.2285963642516 0.5472507476806641
131 1442.23643 1474.7344008 4222.920405438826 0.551210880279541
132 1442.23643 1469.7055736999996 3790.113031441473 0.5551769733428955
133 1442.23643 1469.1124249999996 3262.285644385586 0.5591809749603271
134 1442.23643 1468.5194062 3995.086190642453 0.5633137226104736
135 1442.23643 1455.8904472000002 1516.4086682082218 0.5673568248748779
136 1442.23643 1460.3763388 1753.6278266547406 0.5717978477478027
137 1442.23643 1458.1447960999994 1691.4661321861424 0.5761940479278564
138 1442.23643 1462.0909980000004 2010.2079145995717 0.5803167819976807
139 1442.23643 1460.183096 1980.4780010155675 0.5843307971954346
140 1442.23643 1461.2626968 2053.448912785103 0.5883529186248779
141 1442.23643 1458.6202729999998 1695.437317472405 0.5923466682434082
142 1442.23643 1464.3100884999994 2384.992851966872 0.5965638160705566
143 1442.23643 1463.4474424 2111.717180870203 0.6006388664245605
144 1442.23643 1459.1521847 1726.43068616487 0.6047558784484863
145 1442.23643 1460.2633546 1947.3061480979452 0.6089367866516113
146 1442.23643 1459.1383534999998 1601.844440745453 0.6131839752197266
147 1442.23643 1465.2652388999998 2036.4249981234293 0.6173169612884521
148 1442.23643 1465.2069810999997 2673.8216677552246 0.6214079856872559
149 1442.23643 1469.9541356999998 3316.6337775592856 0.6258528232574463
150 1442.23643 1465.8197771999996 2993.7784046987194 0.6301589012145996
151 1442.23643 1463.8949279999997 2525.171906056876 0.634131908416748
152 1442.23643 1460.8308498 2235.920059226696 0.6382808685302734
153 1442.23643 1460.4186845999998 2262.2503071416727 0.6424167156219482
154 1442.23643 1459.1061794999998 2402.8392375282024 0.6466989517211914
155 1442.23643 1462.892827 2963.544192387926 0.650789737701416
156 1442.23643 1462.4882977999996 3001.891517069204 0.6550028324127197
157 1442.23643 1460.1806834999995 2362.9967833584237 0.6591148376464844
158 1442.23643 1463.4154949 2321.671796469176 0.6632130146026611
159 1442.23643 1460.4914661999999 2243.164321824852 0.6671879291534424
160 1442.23643 1459.0563334 2095.854868575565 0.6711709499359131
161 1442.23643 1462.1685459 2741.5779395792993 0.6751279830932617
162 1442.23643 1460.2050012999998 2362.586637238461 0.6791348457336426
163 1442.23643 1464.9300648 3266.466998186018 0.6832928657531738
164 1442.23643 1456.44396 1945.0961849729508 0.6873068809509277
165 1442.23643 1464.0291008 2622.8960632000353 0.6913137435913086
166 1442.23643 1461.2133193999998 2174.9484510846128 0.6951940059661865
167 1442.23643 1457.3892171000002 1620.6831819340923 0.6990499496459961
168 1442.23643 1458.3862026 1555.4005303284084 0.7028520107269287
169 1442.23643 1461.8138834999997 1403.5897725874886 0.7068500518798828
170 1442.23643 1466.8153096999997 2269.9758011706813 0.710770845413208
171 1442.23643 1469.0834562000005 2923.935166164522 0.7148149013519287
172 1442.23643 1458.9066007 1824.159579422082 0.7188279628753662
173 1442.23643 1461.9183933999998 1980.4240976981384 0.722693681716919
174 1442.23643 1464.0213698999996 2072.575950194213 0.7266209125518799
175 1442.23643 1461.7803043 2180.0095048884523 0.7305047512054443
176 1442.23643 1464.0269317999998 2327.8292422261334 0.7343311309814453
177 1442.23643 1458.1641032999999 2132.9960672450293 0.738163948059082
178 1442.23643 1456.4606585999998 1672.688464675505 0.7421329021453857
179 1442.23643 1461.9717268999998 2381.911680271151 0.7459330558776855
180 1442.23643 1456.5670475 1867.510393442791 0.7498180866241455
181 1442.23643 1457.490415 2063.3869310292425 0.7536718845367432
182 1442.23643 1462.0739324 3857.0185160743254 0.7577657699584961
183 1442.23643 1459.6282643999998 2191.9059910270103 0.7615988254547119
184 1442.23643 1459.4092756 2217.9834355576972 0.765570878982544
185 1442.23643 1459.6078433999996 2018.0153487561763 0.7696030139923096
186 1442.23643 1461.7444961999997 1965.1210683247261 0.7735159397125244
187 1442.23643 1466.0752791999996 3138.3032621929433 0.7779529094696045
188 1442.23643 1465.7490847 2442.4295285321373 0.7826249599456787
189 1442.23643 1464.6776151 2342.0853011835165 0.7872128486633301
190 1442.23643 1465.6147929999997 2796.503007984383 0.7916216850280762
191 1442.23643 1455.7656837 1196.121149510728 0.7958319187164307
192 1442.23643 1451.9996588000001 958.1133935156207 0.8001389503479004
193 1442.23643 1459.9677464 2282.813241182435 0.8041367530822754
194 1442.23643 1470.1104879000004 2895.616431593273 0.8085618019104004
195 1442.23643 1469.731146 3187.630589870356 0.8124608993530273
196 1442.23643 1474.6543299 4629.632276980727 0.8163139820098877
197 1442.23643 1470.1927878 3731.3300207692605 0.8211519718170166
198 1442.23643 1468.2010223999998 2747.654114267634 0.8255999088287354
199 1442.23643 1464.5410598999997 2504.0066038260957 0.8299939632415771
200 1442.23643 1460.0371380999998 1957.0204191389378 0.8346109390258789
201 1442.23643 1463.6058024999998 2040.8585259064214 0.8389790058135986
202 1442.23643 1465.4958808 2759.3239634706656 0.8429570198059082
203 1442.23643 1466.0413763 2658.916192928728 0.8471148014068604
204 1442.23643 1464.9507965999999 2546.893042595432 0.8513369560241699
205 1442.23643 1465.9866820999998 3309.4594644793756 0.8553488254547119
206 1442.23643 1463.8803533999996 3165.7845299307014 0.8595917224884033
207 1442.23643 1462.2223247 2778.5183601481203 0.8639459609985352
208 1442.23643 1466.0472008 3244.6437043181663 0.8680388927459717
209 1442.23643 1460.2505691 2037.0970835127869 0.8722989559173584
210 1442.23643 1465.2836649999997 2642.8127934780637 0.8763539791107178
211 1442.23643 1467.2419392 3153.631605178727 0.8806099891662598
212 1442.23643 1456.8361711999999 1941.1630436496175 0.8846378326416016
213 1442.23643 1458.0791898000002 2376.3492539762283 0.8885560035705566
214 1442.23643 1458.7820740000002 2002.6089106300653 0.8923990726470947
215 1442.23643 1457.5923851 2057.8433487633515 0.8964920043945312
216 1442.23643 1462.0488669 2325.1927414520214 0.9004778861999512
217 1442.23643 1461.3342536 2058.2936004416483 0.9047279357910156
218 1442.23643 1458.8997370999998 1752.5608862531583 0.9086649417877197
219 1442.23643 1461.2028916 1941.2049913078406 0.9128899574279785
220 1442.23643 1462.5469085999998 2133.3321811258998 0.9167280197143555
221 1442.23643 1465.2808257999998 2326.788970251592 0.9210669994354248
222 1442.23643 1469.6457662999997 2462.4951562467545 0.9257588386535645
223 1442.23643 1466.1284682 2588.806012795701 0.9299991130828857
224 1442.23643 1459.2019148999998 1749.8359516144305 0.9341468811035156
225 1442.23643 1459.6374079999996 1661.2612891327249 0.938201904296875
226 1442.23643 1459.9885327 1916.8692284837814 0.942241907119751
227 1442.23643 1464.2232813999997 2902.5975792294657 0.9463050365447998
228 1442.23643 1467.1742646999999 3186.230516415769 0.9502129554748535
229 1442.23643 1467.7642781 3266.769543024899 0.9544198513031006
230 1442.23643 1475.653067 4349.162544242975 0.9584918022155762
231 1442.23643 1470.917133 3371.759873689828 0.9627618789672852
232 1442.23643 1467.3845695 2648.4478333254274 0.9669969081878662
233 1442.23643 1465.9440315 2487.2969095390345 0.9712669849395752
234 1442.23643 1463.7442323999996 2441.5561725058187 0.9756808280944824
235 1442.23643 1461.4699732999998 2473.315510141775 0.9796557426452637
236 1442.23643 1458.1155887999996 1601.713191042376 0.9841809272766113
237 1442.23643 1466.8119248000003 3021.225014626348 0.9887328147888184
238 1442.23643 1461.8760881 2637.4837547340635 0.9930069446563721
239 1442.23643 1464.3145239999994 2492.9818820658365 0.997143030166626
240 1442.23643 1461.8893535999998 2281.5995560714287 1.0012247562408447
241 1442.23643 1463.2676715 2646.9666606553174 1.005457878112793
242 1442.23643 1472.2383778999997 3487.4970155759174 1.0095148086547852
243 1442.23643 1468.3141869999997 2580.3580147845696 1.0136759281158447
244 1442.23643 1465.3210353 2433.307274610819 1.0174708366394043
245 1442.23643 1463.0774481 2484.6727956704026 1.0214319229125977
246 1442.23643 1464.3202068999997 2301.4386339317152 1.0255568027496338
247 1442.23643 1463.1421668 2193.713985131781 1.02935791015625
248 1442.23643 1468.8797774999998 3043.4266448388685 1.0335328578948975
249 1442.23643 1467.9835368 2588.5565706009206 1.0378048419952393
1442.23643 1.041666030883789
3
0 6941.438249999999 9366.4740676 792723.4077509169 0.003464937210083008
1 3228.6349 8736.4425162 1191928.478385815 0.008529901504516602
2 1937.98444 7465.8333019 3526999.274265741 0.013367176055908203
3 1694.4622399999998 6146.501280799999 6214962.46799603 0.017899036407470703
4 1693.7218299999997 4841.9439176000005 6534590.56152399 0.022176027297973633
5 1513.2204399999998 4305.3082601 5931306.3333522305 0.02633810043334961
6 1513.2204399999998 3614.7150176 5001190.097347759 0.03046894073486328
7 1442.23643 3114.586057 4177996.252397133 0.034455060958862305
8 1442.23643 2646.4556373 3356914.1549205766 0.03845787048339844
9 1442.23643 2357.9320123999996 2565720.5565535473 0.042646169662475586
10 1442.23643 2171.97598 1889482.5751365263 0.04672503471374512
11 1442.23643 1943.6662197000003 1338228.2755081481 0.0507659912109375
12 1442.23643 1836.3035196999997 888004.3793017954 0.05468297004699707
13 1442.23643 1762.1463385999994 719991.110931207 0.05868411064147949
14 1442.23643 1677.3363952999998 424556.5843169908 0.06266188621520996
15 1442.23643 1644.7393714 397431.05697552545 0.06656217575073242
16 1442.23643 1603.3891773000005 256990.01546293448 0.07051205635070801
17 1442.23643 1566.3336095 194483.3110142861 0.07440018653869629
18 1442.23643 1545.9965145 150553.67260537398 0.07833194732666016
19 1442.23643 1494.4707704999998 29801.17304968826 0.08232712745666504
20 1442.23643 1489.0325057 29184.497273157886 0.0863499641418457
21 1442.23643 1466.9291977999999 3663.84912368527 0.09023594856262207
22 1442.23643 1462.500703 3337.3757854282067 0.09421300888061523
23 1442.23643 1465.7961155 3886.2933407180158 0.0981299877166748
24 1442.23643 1467.8569590999998 4283.05014904621 0.10209393501281738
25 1442.23643 1471.3154092 4037.5630772361164 0.10602307319641113
26 1442.23643 1469.4919262999997 3924.8969256529736 0.11001992225646973
27 1442.23643 1469.0515818999995 3577.612917414217 0.11393117904663086
28 1442.23643 1470.243074 3256.3158627465937 0.11796402931213379
29 1442.23643 1463.1292313 2949.766731756646 0.12181305885314941
30 1442.23643 1464.1574351999996 2665.836137329339 0.12572813034057617
31 1442.23643 1473.6912717999994 3298.787696128252 0.12972497940063477
32 1442.23643 1467.9455873 3176.160680129307 0.13357806205749512
33 1442.23643 1460.5037520999997 1938.9999842869522 0.13743901252746582
34 1442.23643 1458.2471220999996 1703.61810451328 0.14126086235046387
35 1442.23643 1456.9274951 2032.3962709003595 0.14510607719421387
36 1442.23643 1459.3017954999998 1902.577910067784 0.1489109992980957
37 1442.23643 1461.8433539000002 2042.3022631448728 0.15317296981811523
38 1442.23643 1461.1066959999998 2136.7373730235117 0.15697789192199707
39 1442.23643 1455.6246762999997 1152.2425911302007 0.16098380088806152
40 1442.23643 1466.7734490999999 2347.391480554271 0.16502690315246582
41 1442.23643 1460.3865201999997 1527.6785969766913 0.1689929962158203
42 1442.23643 1456.6488937999998 1147.6057970956294 0.17281293869018555
43 1442.23643 1457.0147640999996 1364.4535238352953 0.17663908004760742
44 1442.23643 1461.1083451999998 1764.8727403808196 0.1804490089416504
45 1442.23643 1453.0456017000001 1274.7503722943663 0.18429803848266602
46 1442.23643 1455.1486991000002 1237.2832890175587 0.18814301490783691
47 1442.23643 1457.4398072 1486.2817598371 0.19213294982910156
48 1442.23643 1466.2086919999995 2266.2242265044706 0.19599604606628418
49 1442.23643 1466.3015731 2321.5420847887494 0.19977807998657227
50 1442.23643 1461.5831186000003 1931.4381423286268 0.2035980224609375
51 1442.23643 1465.2530712999996 2529.7642675658685 0.20738792419433594
52 1442.23643 1471.1418368999998 2787.683109224263 0.21118497848510742
53 1442.23643 1464.5099677 2005.160361319471 0.21505117416381836
54 1442.23643 1462.2884191999997 2266.8268928745483 0.21886110305786133
55 1442.23643 1465.2323491999996 2618.537837783469 0.2226850986480713
56 1442.23643 1461.5869389999998 1997.4451852255588 0.22649192810058594
57 1442.23643 1460.5616998 1828.568068522038 0.23052716255187988
58 1442.23643 1464.5024833999996 2522.6402758057784 0.23436188697814941
59 1442.23643 1464.1009190999996 2655.6173021618824 0.23822808265686035
60 1442.23643 1466.5285921 2919.8483697956044 0.24212312698364258
61 1442.23643 1459.5178887999996 2017.008364420986 0.24590396881103516
62 1442.23643 1460.3714561999996 2032.2202913233969 0.2496960163116455
63 1442.23643 1461.9067399999997 2168.060403367109 0.2535388469696045
64 1442.23643 1455.0987364999999 1283.8127315540776 0.2573368549346924
65 1442.23643 1457.7374793000001 1561.962212761208 0.261091947555542
66 1442.23643 1457.3612543000002 1592.3744826588868 0.26497793197631836
67 1442.23643 1461.3542301999998 2033.2443630246503 0.2689380645751953
68 1442.23643 1458.6820014999998 1955.0457481792232 0.2727839946746826
69 1442.23643 1459.5964478 1647.8210550088077 0.2765462398529053
70 1442.23643 1463.1233800999998 2222.4913002893604 0.2803158760070801
71 1442.23643 1461.1295728999999 1655.299251534321 0.28414106369018555
72 1442.23643 1466.2306912 2213.6285780979115 0.2879610061645508
73 1442.23643 1455.8753669999999 1284.9327326283785 0.29204583168029785
74 1442.23643 1462.1236502999996 2070.2784800981362 0.29604411125183105
75 1442.23643 1459.3473413999996 1834.68555578488 0.2999560832977295
76 1442.23643 1458.2839474 1755.2444890685476 0.3039979934692383
77 1442.23643 1464.9623757999996 2229.9341461486397 0.3078320026397705
78 1442.23643 1464.4509903999997 2296.3816693026015 0.31162190437316895
79 1442.23643 1463.4300168999998 2545.981415921802 0.31563806533813477
80 1442.23643 1459.674789 1868.589068739494 0.3195149898529053
81 1442.23643 1459.8388328 1986.8184653730768 0.323444128036499
82 1442.23643 1464.3022517999998 2585.5113227686875 0.3273811340332031
83 1442.23643 1459.1579161999998 1935.6158859279606 0.3313789367675781
84 1442.23643 1461.4275899999996 2553.579982906138 0.3354032039642334
85 1442.23643 1467.5623047 3644.0978876175877 0.33939313888549805
86 1442.23643 1456.322423 1355.4114368078933 0.3438448905944824
87 1442.23643 1458.5549431999998 1797.5098530688772 0.34796714782714844
88 1442.23643 1456.9088838999999 1411.0270309920952 0.35193896293640137
89 1442.23643 1460.9085851 1963.2786563190596 0.3559691905975342
90 1442.23643 1458.8209196999999 2192.0920713372852 0.35999298095703125
91 1442.23643 1454.6325137999997 1213.8233398243265 0.3640310764312744
92 1442.23643 1455.8059242999998 1303.459017698124 0.367901086807251
93 1442.23643 1460.0754150999999 2112.706308488166 0.3717610836029053
94 1442.23643 1457.0389214999998 1569.8830646566273 0.3755979537963867
95 1442.23643 1461.1113470999996 2822.1340092202836 0.3796839714050293
96 1442.23643 1462.6970127 2825.162859806746 0.38356590270996094
97 1442.23643 1457.7324474 3347.3089675825713 0.3874518871307373
98 1442.23643 1457.281087 1571.597588434495 0.3912038803100586
99 1442.23643 1459.8553942999997 1716.6024801293395 0.39506101608276367
100 1442.23643 1460.4573078999997 2417.7577045817948 0.3988821506500244
101 1442.23643 1463.4569270999998 3374.2771356519784 0.4026792049407959
102 1442.23643 1467.2272501 3160.360686768898 0.4064760208129883
103 1442.23643 1462.7004178999998 2799.9234703318616 0.4102940559387207
104 1442.23643 1465.7955420999997 3267.0279170510266 0.41411495208740234
105 1442.23643 1459.8874690999999 1641.0904927249574 0.4182310104370117
106 1442.23643 1463.1376887 2613.0853080566185 0.42214417457580566
107 1442.23643 1461.9839233 1980.699015510804 0.4259328842163086
108 1442.23643 1459.6165340999996 1545.8950661753881 0.42974400520324707
109 1442.23643 1457.8009259999997 1310.3724343038677 0.4335958957672119
110 1442.23643 1459.3996531999996 1546.4660328719908 0.4373798370361328
111 1442.23643 1455.4918002999998 978.5890351468272 0.44121813774108887
112 1442.23643 1462.5694491999998 1842.6276611238009 0.4451148509979248
113 1442.23643 1463.3940381 2386.6816513206054 0.44887781143188477
114 1442.23643 1466.2028372999996 2913.5978021393776 0.45269203186035156
115 1442.23643 1466.3888684999997 3482.4833114983153 0.45668888092041016
116 1442.23643 1474.9836736999998 3911.858707737498 0.46054887771606445
117 1442.23643 1469.5506346999996 2449.282409761236 0.4644339084625244
118 1442.23643 1463.9120775000001 2151.3716585431753 0.4681711196899414
119 1442.23643 1459.0772212 1803.6188070683315 0.4720289707183838
120 1442.23643 1456.6169218999996 1411.1968455392011 0.4758741855621338
121 1442.23643 1457.7792433999996 1702.6579358403676 0.47970104217529297
122 1442.23643 1459.9972444999999 1948.6669983413972 0.4835028648376465
123 1442.23643 1459.5270415 1838.1802833602746 0.48734188079833984
124 1442.23643 1459.4332479000002 1989.766987069859 0.4914698600769043
125 1442.23643 1462.1647251 2263.99913389601 0.49541687965393066
126 1442.23643 1461.7026268 2633.4500094921787 0.49943089485168457
127 1442.23643 1463.5052657999997 2774.702096583033 0.5034000873565674
128 1442.23643 1471.3491476999998 4018.3512766988883 0.5074288845062256
129 1442.23643 1472.5445496 3990.9004743194555 0.5112731456756592
130 1442.23643 1461.0346104999999 2051.7481714188716 0.5151219367980957
131 1442.23643 1458.5750062 1645.9149979511249 0.5189688205718994
132 1442.23643 1455.4985854 1319.5406022066315 0.5229170322418213
133 1442.23643 1463.0754504999995 2375.647319185838 0.526893138885498
134 1442.23643 1460.9105269999998 1956.8936937338667 0.5308220386505127
135 1442.23643 1466.6183492 3306.3383825477595 0.5346560478210449
136 1442.23643 1459.4923365000002 1983.6398938817254 0.5384960174560547
137 1442.23643 1462.4517091999996 2458.9955538889653 0.5424070358276367
138 1442.23643 1464.1471115999998 2548.908537212179 0.5462632179260254
139 1442.23643 1462.2334955 2276.1049818033025 0.5501670837402344
140 1442.23643 1459.2981737999999 2011.893664911772 0.5540602207183838
141 1442.23643 1460.2633949999997 1905.7811293129366 0.5579469203948975
142 1442.23643 1461.7049398999998 1882.4993206056467 0.5617361068725586
143 1442.23643 1462.3193669999996 1893.4991395389852 0.5654852390289307
144 1442.23643 1457.8270350999999 1504.5849420969344 0.5694758892059326
145 1442.23643 1462.2969705999997 2260.7944467331636 0.573538064956665
146 1442.23643 1465.4981961 2540.45371144767 0.5774030685424805
147 1442.23643 1468.5383430999998 2947.882367682764 0.5811929702758789
148 1442.23643 1462.4259916999997 2214.2550839181895 0.5850389003753662
149 1442.23643 1468.0540139999998 2844.4183889122155 0.5888168811798096
150 1442.23643 1463.4768930999999 2035.2754073668877 0.5926539897918701
151 1442.23643 1465.4869413 2303.0443644173515 0.5964829921722412
152 1442.23643 1464.1845276999998 2506.6371048618194 0.600456953048706
153 1442.23643 1459.4209646 1996.3473898914083 0.604403018951416
154 1442.23643 1460.5333357999998 2099.615420204071 0.6084380149841309
155 1442.23643 1460.7072022 1969.078739783873 0.6123201847076416
156 1442.23643 1461.4366896000001 2271.3835953004686 0.6161980628967285
157 1442.23643 1461.7410296999997 2173.189188606883 0.6200580596923828
158 1442.23643 1458.8121446000002 2160.647864197035 0.62381911277771
159 1442.23643 1466.3571011000001 2475.071533419947 0.6275961399078369
160 1442.23643 1461.5302255999998 1915.2973095384907 0.6316900253295898
161 1442.23643 1462.4444942999999 1941.4746029025657 0.6356608867645264
162 1442.23643 1468.6035599000002 3163.2841868823707 0.6395449638366699
163 1442.23643 1467.6704996000003 3246.638008427133 0.6435432434082031
164 1442.23643 1467.3944072000002 2754.3078866025157 0.6474020481109619
165 1442.23643 1463.4856225 2681.681637941911 0.6516931056976318
166 1442.23643 1458.0068923999997 1487.8183477380733 0.6555190086364746
167 1442.23643 1461.8843219 2247.1727527498633 0.6594488620758057
168 1442.23643 1459.3321955000001 2007.200650678052 0.6635489463806152
169 1442.23643 1462.4285194999998 1781.2765412969136 0.6673519611358643
170 1442.23643 1467.7795491 2563.855883961207 0.6714329719543457
171 1442.23643 1464.8155471000002 2601.290331429568 0.6762361526489258
172 1442.23643 1462.8354997999998 2063.059475837456 0.680523157119751
173 1442.23643 1460.8279011999998 1777.5540520179213 0.6848800182342529
174 1442.23643 1461.5825859 1673.7586608791435 0.6887590885162354
175 1442.23643 1458.5852714999999 1915.9710137510506 0.6930689811706543
176 1442.23643 1461.0923171999998 1968.8267328917514 0.697368860244751
177 1442.23643 1465.0063253 2352.979920983706 0.7015597820281982
178 1442.23643 1467.4735510999997 3335.8628392545065 0.7058730125427246
179 1442.23643 1472.7192866999997 3597.1900260195216 0.7098710536956787
180 1442.23643 1471.1930671999996 3835.375894598576 0.7138869762420654
181 1442.23643 1473.8289917999998 5096.519423323984 0.7180020809173584
182 1442.23643 1470.9956106 4165.981094210272 0.7223100662231445
183 1442.23643 1468.0368263000003 2854.9388106246483 0.7266290187835693
184 1442.23643 1463.3086829999997 2239.758851204248 0.7306251525878906
185 1442.23643 1467.0422598999999 2676.888321696768 0.7346398830413818
186 1442.23643 1462.3420605 2231.7927098818845 0.7386939525604248
187 1442.23643 1468.0434267 3029.273001356187 0.7425220012664795
188 1442.23643 1467.4524252 2526.5445260548686 0.7465591430664062
189 1442.23643 1462.3753619999998 1868.881825955373 0.7508618831634521
190 1442.23643 1463.2603649 2496.3896786079035 0.7548182010650635
191 1442.23643 1463.4564413 2350.3215578286745 0.7592611312866211
192 1442.23643 1459.8189622 1809.2536969719106 0.7631349563598633
193 1442.23643 1462.5472477 1807.0270316636586 0.7674009799957275
194 1442.23643 1461.5532773000002 1557.2985192235408 0.7715921401977539
195 1442.23643 1463.5464127999999 1906.4159913299948 0.7754030227661133
196 1442.23643 1465.5069769999996 2975.769819142222 0.7800469398498535
197 1442.23643 1460.2369097 2431.742945398791 0.7841732501983643
198 1442.23643 1461.906056 2150.16653715175 0.7885189056396484
199 1442.23643 1457.8933158 1899.4016686696843 0.7926101684570312
200 1442.23643 1455.6294807 1505.0013846596005 0.79671311378479
201 1442.23643 1459.2479926 1784.1676356203388 0.8010590076446533
202 1442.23643 1453.1505442 1185.7733316841777 0.8049230575561523
203 1442.23643 1454.8216554999997 1273.7119051680497 0.8089749813079834
204 1442.23643 1455.2749427999997 1407.6161997774084 0.813093900680542
205 1442.23643 1452.1037824 1039.4291430678093 0.8170630931854248
206 1442.23643 1455.5386530999997 1355.4904135008828 0.8210508823394775
207 1442.23643 1454.7332754999998 1255.0346093528638 0.8249640464782715
208 1442.23643 1458.0689717 2040.4265021282151 0.8288800716400146
209 1442.23643 1459.2626778999997 1837.156644477885 0.8329010009765625
210 1442.23643 1458.6399286 1823.467802552787 0.8369109630584717
211 1442.23643 1457.3708031 1366.2273145265453 0.8407649993896484
212 1442.23643 1460.4531115 2221.3650824183856 0.8445541858673096
213 1442.23643 1462.7003961 2662.6772897130954 0.848790168762207
214 1442.23643 1463.7769026 2345.016829049967 0.8528480529785156
215 1442.23643 1459.5457561 1773.9289069481608 0.8567581176757812
216 1442.23643 1456.6787636999995 1331.8414326415484 0.8607020378112793
217 1442.23643 1462.0419448999996 1996.4047435170028 0.8647079467773438
218 1442.23643 1465.7448598 3306.5293857193383 0.8694212436676025
219 1442.23643 1464.0341984 2500.5921078771876 0.8732879161834717
220 1442.23643 1464.4576864 2736.35438530321 0.8770890235900879
221 1442.23643 1456.1754115999997 1548.9928909969367 0.8816652297973633
222 1442.23643 1450.9211033999995 1129.0686555926488 0.8858339786529541
223 1442.23643 1460.8126346 2424.54184392741 0.8901000022888184
224 1442.23643 1463.9051750999997 2570.076139224476 0.8946900367736816
225 1442.23643 1465.4185612999997 2568.407702397985 0.8990890979766846
226 1442.23643 1464.7138535999995 2196.2706981397555 0.9033911228179932
227 1442.23643 1460.5977256999997 1880.131132116085 0.9075741767883301
228 1442.23643 1465.1240416 2498.852904574918 0.9114410877227783
229 1442.23643 1463.1636938 2165.704276259804 0.9159681797027588
230 1442.23643 1469.2132009000002 2677.5884129241963 0.920111894607544
231 1442.23643 1466.226155 2966.960276825095 0.9243431091308594
232 1442.23643 1459.5232192999997 2210.073349330792 0.9284560680389404
233 1442.23643 1458.6390998 2267.3291465301286 0.9324078559875488
234 1442.23643 1463.8017272999998 2472.5527995191987 0.9363620281219482
235 1442.23643 1461.8995317 2362.8075037861695 0.9404189586639404
236 1442.23643 1460.0789852999997 2074.7162719598173 0.9445140361785889
237 1442.23643 1458.9966319999999 2349.438461372566 0.9484071731567383
238 1442.23643 1464.9845681 2880.1528770671675 0.9524409770965576
239 1442.23643 1464.3481193 2115.3988521819206 0.9565279483795166
240 1442.23643 1465.2914782999997 1906.5651098919845 0.9607529640197754
241 1442.23643 1471.4610414999997 2397.144246939496 0.9645659923553467
242 1442.23643 1467.6851608999998 2408.657737445405 0.9685530662536621
243 1442.23643 1466.0038849999996 2820.0898088224512 0.9725019931793213
244 1442.23643 1459.6729679999996 1948.6233815128137 0.9765000343322754
245 1442.23643 1456.7787687999999 1676.9512679406303 0.9805870056152344
246 1442.23643 1459.2162680999995 1670.9297841900966 0.9846270084381104
247 1442.23643 1458.345102 1706.2744829720054 0.9885540008544922
248 1442.23643 1459.4450793999997 1683.683455941303 0.9926190376281738
249 1442.23643 1459.1876935999999 1771.6703056629383 0.9965789318084717
1442.23643 1.0005159378051758
