MO5
250 1408.76638
1
0 5958.092339999999 9263.7027256 926512.168545097 0.0032651424407958984
1 2344.2679 8468.8387664 1979660.3280438832 0.008979320526123047
2 1817.84398 6698.7075352 5810213.197154122 0.013525962829589844
3 1617.86067 5205.2680033 6935307.785431154 0.0189511775970459
4 1560.82437 4073.5307414 6128190.431602692 0.023374080657958984
5 1560.82437 3428.237109 4814303.000198587 0.02781224250793457
6 1516.1646 2745.786059000001 2729917.169986882 0.031815290451049805
7 1441.04516 2286.6242780000002 1292711.000000342 0.03598308563232422
8 1441.04516 2147.0547533000004 1066510.0008816884 0.04033613204956055
9 1441.04516 1963.2872519 705591.2048555742 0.04461812973022461
10 1441.04516 1819.6634474 431147.55269783334 0.04877018928527832
11 1441.04516 1721.3919748 293307.9658312741 0.052584171295166016
12 1441.04516 1660.6401509 209096.59112006682 0.05677008628845215
13 1441.04516 1609.5429613000001 180423.96439546923 0.061106204986572266
14 1441.04516 1602.7430884 175604.27314201585 0.0650932788848877
15 1441.04516 1550.6850804000005 125938.50781131389 0.06901311874389648
16 1416.67907 1508.7276214 45253.24279668703 0.07288122177124023
17 1416.67907 1501.2132008 44634.644195455985 0.07709312438964844
18 1416.67907 1481.4579103000003 14608.325328579522 0.08103394508361816
19 1416.67907 1469.838842 13904.543586919179 0.08492708206176758
20 1416.67907 1449.3151053 3899.9257334260533 0.08963513374328613
21 1416.67907 1440.7635358000005 2303.197953718827 0.09419012069702148
22 1416.67907 1444.5788444000004 2641.953571340855 0.09851622581481934
23 1416.67907 1440.3597670000004 2147.576002119469 0.10254216194152832
24 1416.67907 1440.0481158000005 2227.6813150871703 0.10670900344848633
25 1416.67907 1441.0962247000002 2436.5740142425448 0.11108517646789551
26 1416.67907 1437.9234430000006 2545.0273043404522 0.11515021324157715
27 1416.67907 1434.4831410000002 2049.482752335251 0.11913013458251953
28 1416.67907 1434.0128254000003 1871.9846284271525 0.12317728996276855
29 1416.67907 1429.2931413000003 1572.9948016485578 0.1271500587463379
30 1408.7663800000003 1431.4629002000001 1569.3136939196522 0.1309680938720703
31 1408.7663800000003 1443.5296063 1647.8833098261382 0.13472819328308105
32 1408.7663800000003 1439.3206309000002 1561.7553727975394 0.13871312141418457
33 1408.7663800000003 1437.0152088000002 1623.542935247418 0.14265108108520508
34 1408.7663800000003 1428.2334360000002 1124.176522777977 0.1466360092163086
35 1408.7663800000003 1430.0176913000003 1496.882206708626 0.15061402320861816
36 1408.7663800000003 1425.9070513000001 1233.8420650608923 0.15479111671447754
37 1408.7663800000003 1429.6719990999998 1637.6939051275144 0.15887832641601562
38 1408.7663800000003 1426.6240858999997 1120.4710294807044 0.16277503967285156
39 1408.7663800000003 1428.3776387000003 1828.0564908028855 0.16669225692749023
40 1408.7663800000003 1425.1968330999998 1371.4123667250594 0.17077231407165527
41 1408.7663800000003 1426.9716872000001 2472.818668518034 0.17479228973388672
42 1408.7663800000003 1424.4219883 1833.8579014669615 0.17870616912841797
43 1408.7663800000003 1427.0544958 2052.8701413207064 0.1824960708618164
44 1408.7663800000003 1424.5358979 1752.3780696421036 0.18651700019836426
45 1408.7663800000003 1426.6134446000003 1956.3983826935503 0.1905510425567627
46 1408.7663800000003 1425.4927610000002 1879.6124748521113 0.1945042610168457
47 1408.7663800000003 1426.2956144000002 1928.341629130386 0.19842100143432617
48 1408.7663800000003 1423.1615824000003 1515.4431704020958 0.2023181915283203
49 1408.7663800000003 1426.1602886000003 1835.4347454298468 0.20610308647155762
50 1408.7663800000003 1430.2555544999998 2074.8152778418425 0.21003222465515137
51 1408.7663800000003 1433.1029833999999 2301.2355795747058 0.21393728256225586
52 1408.7663800000003 1433.4681595999998 2694.35521853034 0.21789312362670898
53 1408.7663800000003 1425.9449355999998 1750.6929935486974 0.221724271774292
54 1408.7663800000003 1423.0329285999999 1604.001911936126 0.22550606727600098
55 1408.7663800000003 1424.3755011 1944.1512695013598 0.22941112518310547
56 1408.7663800000003 1426.0293828000001 2084.598498459477 0.23323416709899902
57 1408.7663800000003 1423.8504513 1894.7743874544685 0.23694419860839844
58 1408.7663800000003 1423.7951782999999 1844.0044912360881 0.24063420295715332
59 1408.7663800000003 1422.9133206 1650.566556004736 0.24457812309265137
60 1408.7663800000003 1430.7148255 2261.2469324670587 0.24888229370117188
61 1408.7663800000003 1426.0871498 1976.8259280138848 0.25335216522216797
62 1408.7663800000003 1428.7890263999998 2151.0663663946707 0.2577531337738037
63 1408.7663800000003 1422.0351246 1440.4297343564406 0.2616250514984131
64 1408.7663800000003 1420.9263937999997 1259.9299588975157 0.2656381130218506
65 1408.7663800000003 1421.2391772000003 1280.4851364957442 0.269942045211792
66 1408.7663800000003 1433.6600366000002 2753.0129662828094 0.2738161087036133
67 1408.7663800000003 1429.0870738 2314.4812970265602 0.27798914909362793
68 1408.7663800000003 1425.8758304000003 2103.744334720374 0.2820432186126709
69 1408.7663800000003 1427.4903979000003 2081.0309848487686 0.2861931324005127
70 1408.7663800000003 1437.9913642 3203.485955869853 0.29020214080810547
71 1408.7663800000003 1431.0021457999997 2854.808035449352 0.29439830780029297
72 1408.7663800000003 1427.9355031999999 2351.698578460335 0.2991981506347656
73 1408.7663800000003 1425.8109302999999 1966.7478289682826 0.3038341999053955
74 1408.7663800000003 1426.7573820999999 1992.5873906783347 0.30817508697509766
75 1408.7663800000003 1428.7046675999998 2033.35798285019 0.3126552104949951
76 1408.7663800000003 1425.1250528 1955.2864827220512 0.317080020904541
77 1408.7663800000003 1420.1002728 1325.191455237026 0.321242094039917
78 1408.7663800000003 1418.8786064000003 1090.8401277063508 0.3250741958618164
79 1408.7663800000003 1417.6246350000001 969.7193492095478 0.3294870853424072
80 1408.7663800000003 1423.5918832000002 1738.2809400651004 0.33350610733032227
81 1408.7663800000003 1423.3345389 1653.186196066385 0.3375563621520996
82 1408.7663800000003 1431.2669495999999 2307.532899796655 0.3419811725616455
83 1408.7663800000003 1423.6228868 1535.9743376337233 0.3461191654205322
84 1408.7663800000003 1427.174484 2282.5622672555173 0.3504011631011963
85 1408.7663800000003 1430.9451434999999 2531.1833230157845 0.35453104972839355
86 1408.7663800000003 1429.1669485999998 2861.84789580937 0.35854220390319824
87 1408.7663800000003 1424.4579845 1656.4563723442284 0.3626999855041504
88 1408.7663800000003 1420.6870974000003 1391.3204007330687 0.3666701316833496
89 1408.7663800000003 1421.7049833 1413.3573582716783 0.37055015563964844
90 1408.7663800000003 1422.4320822 1375.5297556575742 0.37437915802001953
91 1408.7663800000003 1422.7004897 1347.3982013946538 0.37834715843200684
92 1408.7663800000003 1418.1883532 782.3344801935636 0.38242316246032715
93 1408.7663800000003 1416.8776253 891.2233091573036 0.38663506507873535
94 1408.7663800000003 1425.6572629999998 1957.14660177733 0.3908390998840332
95 1408.7663800000003 1420.5325239000001 1554.6345814082254 0.39481115341186523
96 1408.7663800000003 1423.2090320999998 2006.209156809693 0.39902830123901367
97 1408.7663800000003 1421.0156273999999 1842.6275421781895 0.4030802249908447
98 1408.7663800000003 1421.6689783000004 1420.1202725913247 0.40697598457336426
99 1408.7663800000003 1426.0809054000001 1738.5171181038445 0.4109461307525635
100 1408.7663800000003 1426.0097966 1647.2793180287192 0.4151601791381836
101 1408.7663800000003 1424.5407871 1444.839510623908 0.4193611145019531
102 1408.7663800000003 1424.2667860000004 1631.585618985452 0.42354726791381836
103 1408.7663800000003 1426.4881264000003 1909.97778626334 0.4279212951660156
104 1408.7663800000003 1426.9859324000001 1763.8424812314845 0.43195414543151855
105 1408.7663800000003 1430.6923105 2405.6312269664 0.43575406074523926
106 1408.7663800000003 1428.1341725 1969.2455638604706 0.4396061897277832
107 1408.7663800000003 1429.7469952 2271.2071079041666 0.44367098808288574
108 1408.7663800000003 1426.5920115 1790.3758285229987 0.44846510887145996
109 1408.7663800000003 1430.0797223000002 2462.3259977028206 0.45261526107788086
110 1408.7663800000003 1428.8814477999997 2108.953364096799 0.4567232131958008
111 1408.7663800000003 1424.7804494 1817.308532021716 0.4610261917114258
112 1408.7663800000003 1424.7318235000002 1454.5469158871992 0.4648702144622803
113 1408.7663800000003 1421.4278047 1183.1268806942473 0.4688739776611328
114 1408.7663800000003 1423.8013191 1352.198448380884 0.4730870723724365
115 1408.7663800000003 1435.8046268 3568.803628612357 0.47686028480529785
116 1408.7663800000003 1427.0524543999998 2419.9958294880794 0.48125529289245605
117 1408.7663800000003 1426.9789049999997 2256.1654001096276 0.48594212532043457
118 1408.7663800000003 1422.6575291 1396.3251824893796 0.49011921882629395
119 1408.7663800000003 1425.6669988 2077.3156821987054 0.49453210830688477
120 1408.7663800000003 1422.2781544 1546.623562026277 0.4987342357635498
121 1408.7663800000003 1425.0761456999999 1762.007146044898 0.502871036529541
122 1408.7663800000003 1420.8164531 1402.6622874792724 0.5067851543426514
123 1408.7663800000003 1427.0472720999999 2034.50735168992 0.5107841491699219
124 1408.7663800000003 1429.4888459000001 2484.584726068916 0.5147891044616699
125 1408.7663800000003 1429.2416581 3309.556532767057 0.5188050270080566
126 1408.7663800000003 1425.2180822 2182.69097826062 0.5228259563446045
127 1408.7663800000003 1426.4145161 2271.7613922528194 0.5269501209259033
128 1408.7663800000003 1423.4114996 1685.6648119397641 0.5308489799499512
129 1408.7663800000003 1427.3529629999998 2073.27259416969 0.5349743366241455
130 1408.7663800000003 1425.7615211 1985.6307339039145 0.5390591621398926
131 1408.7663800000003 1425.3326845000001 1798.0363325210046 0.5430400371551514
132 1408.7663800000003 1424.5748753 1756.6531720637179 0.5470080375671387
133 1408.7663800000003 1424.2675674000002 1908.2326283715147 0.5509231090545654
134 1408.7663800000003 1424.5112735000002 1893.598194778021 0.5547950267791748
135 1408.7663800000003 1429.4164701 2393.0467883220645 0.5587520599365234
136 1408.7663800000003 1422.5610077999997 1920.3557851159844 0.5629072189331055
137 1408.7663800000003 1422.6480666 1823.9792952486016 0.5668292045593262
138 1408.7663800000003 1426.0721867000002 2046.4980707664727 0.571019172668457
139 1408.7663800000003 1428.2483416000002 2368.1761637276427 0.5758500099182129
140 1408.7663800000003 1427.2752524000002 2239.732962174351 0.5801951885223389
141 1408.7663800000003 1424.276214 1632.3841111797565 0.5846912860870361
142 1408.7663800000003 1428.3576955000003 2086.6840102706915 0.5891962051391602
143 1408.7663800000003 1431.8392393000001 2524.56974226765 0.5933523178100586
144 1408.7663800000003 1434.2137288000001 2816.241220485566 0.5976660251617432
145 1408.7663800000003 1435.6863787000004 3114.7807062360002 0.6018240451812744
146 1408.7663800000003 1433.9467093000005 2637.4489204022607 0.6058123111724854
147 1408.7663800000003 1431.8473056000003 2443.8885306404054 0.6098411083221436
148 1408.7663800000003 1426.460964 1782.4710097967486 0.6141891479492188
149 1408.7663800000003 1423.0874812 1269.6268405714793 0.6186380386352539
150 1408.7663800000003 1423.8717118 1210.7713836699986 0.6227061748504639
151 1408.7663800000003 1422.0288821000001 1307.7122517087892 0.6270720958709717
152 1408.7663800000003 1424.1123168 1906.5569504112336 0.6308531761169434
153 1408.7663800000003 1425.7147981000003 2242.7901628338805 0.6352100372314453
154 1408.7663800000003 1429.005486 2217.1165517020754 0.6390242576599121
155 1408.7663800000003 1429.1898972999998 2249.0787383108145 0.6429321765899658
156 1408.7663800000003 1423.6596302 1600.2549854394083 0.6469252109527588
157 1408.7663800000003 1420.526526 1591.8982728642848 0.650949239730835
158 1408.7663800000003 1420.1108383 1491.4495604799058 0.6554090976715088
159 1408.7663800000003 1421.1829981 1358.4932287971483 0.6596591472625732
160 1408.7663800000003 1425.8061457000001 1710.3400365801667 0.6638593673706055
161 1408.7663800000003 1427.0105625999997 1949.0954901766092 0.6682932376861572
162 1408.7663800000003 1428.1787649999999 2134.9391252433416 0.6724793910980225
163 1408.7663800000003 1432.3010674 2440.5902572755776 0.6767191886901855
164 1408.7663800000003 1423.8553845 1497.5271673365319 0.6807842254638672
165 1408.7663800000003 1429.9630389 2220.1321993181973 0.6849291324615479
166 1408.7663800000003 1428.9453334999998 2081.127568982846 0.6889622211456299
167 1408.7663800000003 1425.9442887999999 1636.495379077679 0.6932041645050049
168 1408.7663800000003 1421.5750509 1333.8454783570219 0.6973192691802979
169 1408.7663800000003 1424.1039647 1666.6618984861261 0.70135498046875
170 1408.7663800000003 1421.8845743000004 1435.9453740984582 0.7053470611572266
171 1408.7663800000003 1421.5675293000002 1379.2827038937958 0.7093501091003418
172 1408.7663800000003 1421.0706772999997 1259.6949874705122 0.7131922245025635
173 1408.7663800000003 1421.0246038999999 1162.2483530328666 0.7171041965484619
174 1408.7663800000003 1419.7184366 963.8185657952968 0.7209861278533936
175 1408.7663800000003 1423.952828 1551.8448007667396 0.7248439788818359
176 1408.7663800000003 1431.9805563 2209.032723312473 0.7287030220031738
177 1408.7663800000003 1432.5255852999999 2236.905545021445 0.7326781749725342
178 1408.7663800000003 1425.2756901999999 1687.8727942282671 0.7365832328796387
179 1408.7663800000003 1424.7186654 1511.3061681714735 0.740347146987915
180 1408.7663800000003 1424.8047206 1596.4927626928977 0.7444531917572021
181 1408.7663800000003 1427.1795997999998 1806.4495364332492 0.7485470771789551
182 1408.7663800000003 1425.5295718 1731.4763045676414 0.7524831295013428
183 1408.7663800000003 1422.2274625 1547.7555446777367 0.7563982009887695
184 1408.7663800000003 1425.7909161999999 1747.4266190857134 0.7602081298828125
185 1408.7663800000003 1430.7106488999998 3034.18085033227 0.7643411159515381
186 1408.7663800000003 1429.1727713 2679.668780585129 0.7686522006988525
187 1408.7663800000003 1423.3303713999996 1916.1208045230962 0.772996187210083
188 1408.7663800000003 1422.3008677999999 1755.7539432820934 0.7773802280426025
189 1408.7663800000003 1425.8882724000002 2358.1424832355538 0.781649112701416
190 1408.7663800000003 1425.0185537999998 2006.1611436272622 0.786283016204834
191 1408.7663800000003 1420.6892877999999 1253.1911375757568 0.7906050682067871
192 1408.7663800000003 1421.5132390999997 1300.1181616650465 0.7948663234710693
193 1408.7663800000003 1424.7287851 2176.318235346613 0.7990813255310059
194 1408.7663800000003 1425.0317601 1391.7718816962529 0.803117036819458
195 1408.7663800000003 1423.377693 1263.8205387324808 0.8069643974304199
196 1408.7663800000003 1425.7001883999997 1923.3754012181203 0.810819149017334
197 1408.7663800000003 1424.4356553 1897.7627700890102 0.8146543502807617
198 1408.7663800000003 1419.6490093999998 1374.5546115726931 0.8185510635375977
199 1408.7663800000003 1425.8811303 2007.7703342606424 0.8227100372314453
200 1408.7663800000003 1423.1880077 1637.0641047177924 0.8266751766204834
201 1408.7663800000003 1419.4163453 1160.7880303822637 0.8306341171264648
202 1408.7663800000003 1419.6770899 1100.3241366701018 0.8350450992584229
203 1408.7663800000003 1420.9891113999997 1348.5789373264008 0.8393092155456543
204 1408.7663800000003 1419.9237059 1068.4456958574985 0.8432722091674805
205 1408.7663800000003 1419.5875666 964.1003815222346 0.8473482131958008
206 1408.7663800000003 1423.7575857000002 1639.7828761001833 0.8512980937957764
207 1408.7663800000003 1426.8463844 2407.5948855614615 0.8555760383605957
208 1408.7663800000003 1424.2136827000002 1822.4639147616099 0.8597052097320557
209 1408.7663800000003 1425.5869457000001 2282.4674901806698 0.8637771606445312
210 1408.7663800000003 1425.6451604000001 1676.291404234445 0.8681583404541016
211 1408.7663800000003 1426.8898708999998 1471.3926238520553 0.8723461627960205
212 1408.7663800000003 1428.8485236999998 1874.542033502593 0.8762590885162354
213 1408.7663800000003 1425.9197809000002 1412.655971373567 0.8800530433654785
214 1408.7663800000003 1422.3286367000003 1389.2474803402295 0.8841273784637451
215 1408.7663800000003 1420.0082448 1127.2485432165297 0.8884222507476807
216 1408.7663800000003 1424.0725909 1847.3043012813152 0.8925752639770508
217 1408.7663800000003 1421.1732579999998 1208.9981359554627 0.8964951038360596
218 1408.7663800000003 1427.0402479 1866.979913164548 0.9004442691802979
219 1408.7663800000003 1425.2226234999998 1700.5579993055971 0.904212236404419
220 1408.7663800000003 1422.4917993 1250.1315621818756 0.9086582660675049
221 1408.7663800000003 1422.1542560999997 1524.3290222937708 0.9129741191864014
222 1408.7663800000003 1428.1123653 1922.4300825058192 0.917384147644043
223 1408.7663800000003 1424.7244746 1843.4031055781195 0.9216601848602295
224 1408.7663800000003 1425.0589662999998 2164.3217402858654 0.9254891872406006
225 1408.7663800000003 1426.7989395 2207.0478680357683 0.9297699928283691
226 1408.7663800000003 1422.9071278000001 1887.5958322579436 0.9343380928039551
227 1408.7663800000003 1419.954821 1116.1343812703778 0.9386122226715088
228 1408.7663800000003 1421.2344665000003 1395.5921163552005 0.9426290988922119
229 1408.7663800000003 1420.4093294000004 1027.9669132475624 0.9466869831085205
230 1408.7663800000003 1418.6320567999999 935.2231047438452 0.9507181644439697
231 1408.7663800000003 1420.7698601 1221.3977092321068 0.9546451568603516
232 1408.7663800000003 1425.1508322999998 1860.6258571589613 0.9587283134460449
233 1408.7663800000003 1421.7052013 1354.7385515052415 0.9627430438995361
234 1408.7663800000003 1420.6254310000002 1363.4560454814614 0.9666411876678467
235 1408.7663800000003 1427.7694230000002 2061.820675304127 0.9707362651824951
236 1408.7663800000003 1419.8141173999998 1247.0630259726597 0.9747252464294434
237 1408.7663800000003 1426.1997837 2256.8796349388863 0.9790351390838623
238 1408.7663800000003 1425.171721 1855.4831118328334 0.9838411808013916
239 1408.7663800000003 1419.9752775000002 1184.5887060345046 0.987924337387085
240 1408.7663800000003 1427.1164112999998 1872.5987054782347 0.9919652938842773
241 1408.7663800000003 1427.2571705999999 1913.4774254702572 0.9958012104034424
242 1408.7663800000003 1427.9118712999998 2148.2443932680253 0.9997642040252686
243 1408.7663800000003 1430.6847812 2337.662384628107 1.0036211013793945
244 1408.7663800000003 1426.2702485999998 1637.415648347168 1.0073962211608887
245 1408.7663800000003 1426.1574156999998 1562.929820830519 1.0119872093200684
246 1408.7663800000003 1428.7997079 2115.1465692555853 1.016160011291504
247 1408.7663800000003 1425.9189500000002 1815.1902559208193 1.020005226135254
248 1408.7663800000003 1419.3237858 960.1643939949543 1.023855209350586
249 1408.7663800000003 1426.3252754999996 1815.3426793394124 1.0276689529418945
1408.7663800000003 1.0313279628753662
2
0 7064.12835 9380.306939299999 847081.7135692276 0.0034780502319335938
1 3540.11837 8812.414827499999 1350698.8292001584 0.008729219436645508
2 2189.2724500000004 7402.3108144 4243445.614463856 0.013597249984741211
3 1684.2865499999998 5773.3619071 6299664.52698023 0.018183231353759766
4 1559.6140099999998 4491.9563696 5819982.804054129 0.02255105972290039
5 1559.6140099999998 3577.6576585999996 3986843.2230159896 0.026661157608032227
6 1493.5862599999998 3102.0523747999996 3101468.075151699 0.030628204345703125
7 1492.51197 2795.1357946000003 2887555.3724283613 0.03459310531616211
8 1480.4966599999998 2490.7462694 2589833.428998103 0.03856515884399414
9 1420.2192499999999 2256.2592314 2262919.460214549 0.04269123077392578
10 1408.7663800000003 2165.5334881 2132351.436244409 0.046700239181518555
11 1408.7663800000003 2035.4840724 1945641.2970056066 0.050924062728881836
12 1408.7663800000003 1830.328867 681310.6034516044 0.05514335632324219
13 1408.7663800000003 1732.6286824999997 541456.6056014405 0.05930018424987793
14 1408.7663800000003 1665.1251836 475093.21742172225 0.06332707405090332
15 1408.7663800000003 1632.2663117000002 410057.72622342734 0.06714129447937012
16 1408.7663800000003 1596.7692977 351095.8154846255 0.07097506523132324
17 1408.7663800000003 1564.1608628 331327.89033377636 0.0748591423034668
18 1408.7663800000003 1518.1680523 170351.0243694238 0.07886815071105957
19 1408.7663800000003 1497.9704345999999 140793.97385913384 0.08274531364440918
20 1408.7663800000003 1471.2751405 60117.77794927562 0.08655309677124023
21 1408.7663800000003 1454.9743741999998 36465.64946156903 0.0904240608215332
22 1408.7663800000003 1452.6474036999998 35825.25779250178 0.09434032440185547
23 1408.7663800000003 1453.1983369 34871.9525398532 0.09831023216247559
24 1408.7663800000003 1457.2620565 35319.40342639584 0.10228514671325684
25 1408.7663800000003 1443.6268024999997 8827.826628827379 0.10617518424987793
26 1408.7663800000003 1440.5498315999998 8397.375223001909 0.11025714874267578
27 1408.7663800000003 1440.1426484999997 8762.686612877895 0.1142122745513916
28 1408.7663800000003 1433.7773253999999 7799.898316302602 0.11827516555786133
29 1408.7663800000003 1435.4764321999996 7777.926439286841 0.12229418754577637
30 1408.7663800000003 1434.5318988999998 5826.763620259798 0.12608623504638672
31 1408.7663800000003 1429.5934484 5409.4463123467785 0.12987709045410156
32 1408.7663800000003 1424.3310341 3655.658101254634 0.1336512565612793
33 1408.7663800000003 1425.3138623999998 3721.9723931071876 0.13750720024108887
34 1408.7663800000003 1420.7017575 1272.0770929650441 0.14162421226501465
35 1408.7663800000003 1421.1703983999998 1466.2151902320586 0.14581608772277832
36 1408.7663800000003 1423.7213013 2295.014328038037 0.14966726303100586
37 1408.7663800000003 1427.5078839 2320.834357091047 0.15358901023864746
38 1408.7663800000003 1428.6001102999999 2189.597458932715 0.15808939933776855
39 1408.7663800000003 1427.9390775000002 2300.3348993624186 0.16251707077026367
40 1408.7663800000003 1423.609107 1891.7138014431298 0.16689324378967285
41 1408.7663800000003 1434.6971537999998 3426.336227744422 0.17087316513061523
42 1408.7663800000003 1436.8706083 3515.075845955713 0.17510032653808594
43 1408.7663800000003 1430.5890325999999 2649.215609664101 0.17971110343933105
44 1408.7663800000003 1423.3189518999998 2076.203643566729 0.18380117416381836
45 1408.7663800000003 1425.0535968999998 1589.4914027316163 0.18795228004455566
46 1408.7663800000003 1431.5539689999998 2703.1333532008266 0.1921532154083252
47 1408.7663800000003 1421.5091382999997 1470.878095326291 0.19588136672973633
48 1408.7663800000003 1429.3666093 2446.1678783346765 0.20023608207702637
49 1408.7663800000003 1423.5437845999998 1897.5134168041614 0.20445799827575684
50 1408.7663800000003 1427.7639905 2507.902829211968 0.2085552215576172
51 1408.7663800000003 1431.061521 2893.1618861221446 0.21248841285705566
52 1408.7663800000003 1425.633305 1922.3885443773318 0.21644115447998047
53 1408.7663800000003 1427.0718718999997 1798.7118786541623 0.2210862636566162
54 1408.7663800000003 1420.7636608999999 997.1892493156233 0.22571015357971191
55 1408.7663800000003 1423.1576533999998 1292.8047241139768 0.23008227348327637
56 1408.7663800000003 1427.7706562999997 1854.4991799834943 0.23434925079345703
57 1408.7663800000003 1427.0884090000002 1871.1425204636157 0.23839211463928223
58 1408.7663800000003 1430.1048194999998 2732.3055860490863 0.2423563003540039
59 1408.7663800000003 1432.3267307999997 2652.873100004573 0.2462022304534912
60 1408.7663800000003 1434.8540861 2766.3819642531034 0.2503931522369385
61 1408.7663800000003 1433.3590063 2545.0903760505716 0.2543764114379883
62 1408.7663800000003 1428.2297067000002 2096.0618139627077 0.25852537155151367
63 1408.7663800000003 1429.8986423000001 2420.899735909361 0.2624373435974121
64 1408.7663800000003 1428.0237651999998 2073.705028023066 0.2667241096496582
65 1408.7663800000003 1434.8337503 2379.227540977202 0.2708151340484619
66 1408.7663800000003 1428.3469673 2341.9866266562426 0.27481603622436523
67 1408.7663800000003 1425.648217 1648.5994757568267 0.27868223190307617
68 1408.7663800000003 1423.4182603999998 1650.1368983984469 0.2829132080078125
69 1408.7663800000003 1422.5937331 1932.6765230697242 0.2867252826690674
70 1408.7663800000003 1417.7506552 974.2508236676989 0.2910752296447754
71 1408.7663800000003 1428.1560540999997 2135.6248124314907 0.29486632347106934
72 1408.7663800000003 1431.7961298999999 2563.365208679344 0.29875922203063965
73 1408.7663800000003 1430.4346365 2369.8652687831227 0.3028132915496826
74 1408.7663800000003 1431.3223675 2397.8773047315863 0.30673837661743164
75 1408.7663800000003 1428.5327733000001 2336.2183315182583 0.31055116653442383
76 1408.7663800000003 1425.4020346 1814.2403032192833 0.31501317024230957
77 1408.7663800000003 1422.6123536 1343.9080143912051 0.31881022453308105
78 1408.7663800000003 1427.8188503000001 2540.435583264925 0.3229351043701172
79 1408.7663800000003 1428.1740145 2354.0554892229743 0.3276631832122803
80 1408.7663800000003 1436.218565 3648.587538248965 0.3322141170501709
81 1408.7663800000003 1435.9308011 3593.5905341940384 0.3366272449493408
82 1408.7663800000003 1433.6053610999998 3037.9577768611775 0.3405423164367676
83 1408.7663800000003 1425.6765368 1760.9456278737812 0.34525418281555176
84 1408.7663800000003 1428.3842218 2071.799865133096 0.34947824478149414
85 1408.7663800000003 1430.7243977999997 2062.2537944025335 0.35350513458251953
86 1408.7663800000003 1430.2194200999998 2192.401747671899 0.3573281764984131
87 1408.7663800000003 1431.0579945999998 2425.450702413984 0.3613901138305664
88 1408.7663800000003 1429.2527077999996 2155.658679973226 0.36589741706848145
89 1408.7663800000003 1427.8436052 1859.033073066565 0.36990904808044434
90 1408.7663800000003 1422.8112526999998 1612.9068358077045 0.3739502429962158
91 1408.7663800000003 1423.7244277 2033.5584481642345 0.3777942657470703
92 1408.7663800000003 1425.9270017 2617.7992388264583 0.3815643787384033
93 1408.7663800000003 1427.7914571999997 2639.182241132321 0.38603639602661133
94 1408.7663800000003 1434.8268884999998 3576.9204512189713 0.390195369720459
95 1408.7663800000003 1429.0926912999996 2164.4534406895777 0.3944833278656006
96 1408.7663800000003 1429.8532127999997 2410.0931574502056 0.39864230155944824
97 1408.7663800000003 1431.8433585999999 2747.364838570188 0.4029202461242676
98 1408.7663800000003 1429.7052067 2972.1654417763043 0.40714120864868164
99 1408.7663800000003 1434.4162277999997 3169.6409590814937 0.4111342430114746
100 1408.7663800000003 1433.7953509999998 2922.4023677080036 0.4151933193206787
101 1408.7663800000003 1429.805345 2707.915930962404 0.4195883274078369
102 1408.7663800000003 1431.1863603 2423.6874718672884 0.42406320571899414
103 1408.7663800000003 1431.7482627 2659.778123059274 0.4282991886138916
104 1408.7663800000003 1430.7692638999997 2400.9442116027644 0.43238234519958496
105 1408.7663800000003 1432.5843441 2714.8499436631187 0.43682003021240234
106 1408.7663800000003 1429.8532799 2244.7598491288886 0.4409472942352295
107 1408.7663800000003 1426.6400887 2115.7562457941785 0.44502711296081543
108 1408.7663800000003 1427.7493931999998 2254.6087520255637 0.44913625717163086
109 1408.7663800000003 1425.1637842999999 1899.382049469209 0.4533252716064453
110 1408.7663800000003 1422.4385006 1492.7147773892139 0.45734715461730957
111 1408.7663800000003 1424.2425653 1702.4264200072387 0.46177220344543457
112 1408.7663800000003 1422.2205841 1618.2695928965252 0.4659881591796875
113 1408.7663800000003 1429.0940813 2424.2617230482383 0.4702281951904297
114 1408.7663800000003 1426.5025415 1970.9292937553682 0.4742562770843506
115 1408.7663800000003 1425.2972610999998 1542.3981625957404 0.4781382083892822
116 1408.7663800000003 1431.2485435 2983.49159116851 0.4819912910461426
117 1408.7663800000003 1425.5545892999999 1840.8417897647182 0.4859142303466797
118 1408.7663800000003 1421.9979589000002 1532.2478814119695 0.4899461269378662
119 1408.7663800000003 1424.4918007 2256.6547314323193 0.4939842224121094
120 1408.7663800000003 1425.6228264 1996.6335487849958 0.49830126762390137
121 1408.7663800000003 1427.4082790999998 2367.2828301835507 0.5026752948760986
122 1408.7663800000003 1430.1419892 3267.864625723543 0.5066113471984863
123 1408.7663800000003 1429.5432741999998 3355.5760879539985 0.5104892253875732
124 1408.7663800000003 1427.5376651 3512.2882802342856 0.5144503116607666
125 1408.7663800000003 1423.0293313 1670.9792613190657 0.5184061527252197
126 1408.7663800000003 1431.7182426 2744.4331459023983 0.5227172374725342
127 1408.7663800000003 1436.2685334999999 2811.8886735786136 0.5266611576080322
128 1408.7663800000003 1428.8042605 2197.819819495935 0.5304203033447266
129 1408.7663800000003 1429.0200823999999 2286.8097368193903 0.5348680019378662
130 1408.7663800000003 1429.0880925 2388.9778502516956 0.5387752056121826
131 1408.7663800000003 1425.9887085 2292.7669078404865 0.5433351993560791
132 1408.7663800000003 1424.0546484000004 1809.9074133705237 0.5472261905670166
133 1408.7663800000003 1422.6837193999997 1785.886906567335 0.5509722232818604
134 1408.7663800000003 1421.6073105 1355.2414504407889 0.5555152893066406
135 1408.7663800000003 1427.5943808 2080.9215025567983 0.5597183704376221
136 1408.7663800000003 1432.0451694999997 3009.6110313352356 0.5635831356048584
137 1408.7663800000003 1432.6963503999996 3912.9071063544334 0.5675351619720459
138 1408.7663800000003 1430.0038773999997 4586.356353778082 0.5716443061828613
139 1408.7663800000003 1422.8144707 2906.9576254722233 0.5757551193237305
140 1408.7663800000003 1432.1483593 3713.183923074395 0.5796463489532471
141 1408.7663800000003 1425.1428859 2278.9702440710744 0.5840473175048828
142 1408.7663800000003 1420.1831461 1298.9897544136827 0.5888111591339111
143 1408.7663800000003 1422.9562644999999 1765.4850617609225 0.5930831432342529
144 1408.7663800000003 1421.0283928 1379.0452007008034 0.5973911285400391
145 1408.7663800000003 1421.2037475000002 1320.6562628776978 0.6012313365936279
146 1408.7663800000003 1429.7059153999999 2484.5385063468584 0.6051201820373535
147 1408.7663800000003 1429.7064256 2554.9263989314413 0.6095643043518066
148 1408.7663800000003 1430.9995179999999 3162.2882847749033 0.6136372089385986
149 1408.7663800000003 1432.3899825 3165.9682103123573 0.6175470352172852
150 1408.7663800000003 1426.9406488 2213.0378601997895 0.6214621067047119
151 1408.7663800000003 1426.7328745 2031.668193389043 0.6254892349243164
152 1408.7663800000003 1424.4376461999998 2052.9016396028264 0.6294703483581543
153 1408.7663800000003 1431.1207084999999 2557.7371724067316 0.6334443092346191
154 1408.7663800000003 1433.0219928999995 2505.078283537056 0.6373350620269775
155 1408.7663800000003 1427.1586505999999 2067.624778486079 0.6412701606750488
156 1408.7663800000003 1431.1712218999999 2698.2064867063646 0.6452252864837646
157 1408.7663800000003 1428.0920194 2700.981784102993 0.6494090557098389
158 1408.7663800000003 1429.4843530999997 2369.082496187226 0.6534950733184814
159 1408.7663800000003 1426.3966384 1729.895229407899 0.6572911739349365
160 1408.7663800000003 1425.8594837 1926.1672511587647 0.6618974208831787
161 1408.7663800000003 1426.9837258999999 2309.4899469946185 0.6664261817932129
162 1408.7663800000003 1428.5563013 2485.4750585168326 0.670769214630127
163 1408.7663800000003 1431.4207993 2681.612264598614 0.6745684146881104
164 1408.7663800000003 1436.2196884000002 3747.4286592192298 0.6783921718597412
165 1408.7663800000003 1437.4559361999998 3882.755901796822 0.6825931072235107
166 1408.7663800000003 1434.6096411 3448.388521117668 0.6867372989654541
167 1408.7663800000003 1436.319437 3893.208362193063 0.6908800601959229
168 1408.7663800000003 1436.2809282000003 3701.8499044204673 0.6950242519378662
169 1408.7663800000003 1441.0878064999997 4434.426465308796 0.6990742683410645
170 1408.7663800000003 1437.0733045000002 3068.5597381341586 0.7031490802764893
171 1408.7663800000003 1437.2969587000002 3919.314992056 0.7069242000579834
172 1408.7663800000003 1434.7154374000002 2940.5295128643197 0.7108142375946045
173 1408.7663800000003 1431.63018 2776.909150612722 0.7147033214569092
174 1408.7663800000003 1430.4559223 2262.2779440843033 0.7186172008514404
175 1408.7663800000003 1430.7810327 2381.015355334719 0.7225632667541504
176 1408.7663800000003 1434.0555551999998 4052.758582974423 0.7264261245727539
177 1408.7663800000003 1427.0323313000001 2075.7552100040148 0.7301733493804932
178 1408.7663800000003 1427.5678386 1945.9662076501147 0.7340359687805176
179 1408.7663800000003 1430.4483194 2322.861208638255 0.7380223274230957
180 1408.7663800000003 1429.4918893000004 2330.4949049090997 0.7420003414154053
181 1408.7663800000003 1430.1466368999995 2300.1449577781445 0.7459752559661865
182 1408.7663800000003 1426.7278084999998 2145.9598780723422 0.7501230239868164
183 1408.7663800000003 1421.0588463 1480.6887203533563 0.754061222076416
184 1408.7663800000003 1422.5888189000002 1461.5929865196463 0.7580151557922363
185 1408.7663800000003 1424.0553164 1607.8196517476601 0.7621562480926514
186 1408.7663800000003 1427.6509243000005 2235.350108287781 0.7661991119384766
187 1408.7663800000003 1425.4137373000003 1523.146175468136 0.7701330184936523
188 1408.7663800000003 1429.9681027000001 1904.5169060616518 0.7741901874542236
189 1408.7663800000003 1429.8958352000002 2209.4680832413314 0.7786393165588379
190 1408.7663800000003 1435.0835973000003 2590.8609441339863 0.7830033302307129
191 1408.7663800000003 1432.7166128000003 2545.5401268692335 0.7872121334075928
192 1408.7663800000003 1426.4763146000003 1797.3748441712066 0.7912991046905518
193 1408.7663800000003 1427.8474108 1834.0602725965164 0.795060396194458
194 1408.7663800000003 1427.4074939000002 1692.5662986855523 0.7993950843811035
195 1408.7663800000003 1429.1976302 2012.0822081185395 0.8038642406463623
196 1408.7663800000003 1428.8722038 2045.4130249201567 0.808110237121582
197 1408.7663800000003 1428.9574549 2724.8406655910276 0.8125240802764893
198 1408.7663800000003 1430.1417666 3370.0063086162636 0.8168542385101318
199 1408.7663800000003 1425.8339093999998 2208.196339650729 0.821176290512085
200 1408.7663800000003 1427.8197756999998 2336.5012849075733 0.8254411220550537
201 1408.7663800000003 1427.5727366999997 2291.7467611333345 0.8296482563018799
202 1408.7663800000003 1425.5847795999998 1989.3828870875839 0.8336372375488281
203 1408.7663800000003 1428.6676186999998 2230.752222690712 0.8377501964569092
204 1408.7663800000003 1423.7567393 1633.5629566960433 0.8418450355529785
205 1408.7663800000003 1425.1728093000002 1959.9890560418562 0.845750093460083
206 1408.7663800000003 1426.1797005 2208.5707908184877 0.8497023582458496
207 1408.7663800000003 1424.1393274999998 1557.885829505097 0.8537302017211914
208 1408.7663800000003 1429.7291120999998 2372.2670240017837 0.8577291965484619
209 1408.7663800000003 1429.7730485 2439.182738282075 0.8616712093353271
210 1408.7663800000003 1423.5586325 1526.7996791904186 0.8657052516937256
211 1408.7663800000003 1422.4743579999997 1502.433433944982 0.8699650764465332
212 1408.7663800000003 1421.3622412999998 1213.814219609782 0.8739073276519775
213 1408.7663800000003 1419.2381876 1127.664588731865 0.8776812553405762
214 1408.7663800000003 1427.5388787000002 2053.859956598367 0.8814840316772461
215 1408.7663800000003 1429.5489713999998 2282.0155682631394 0.8853092193603516
216 1408.7663800000003 1427.8053547999998 1995.882834278144 0.8895101547241211
217 1408.7663800000003 1429.1808879999999 1962.8823812609635 0.8939483165740967
218 1408.7663800000003 1428.5933639999996 1943.1076014651644 0.898139238357544
219 1408.7663800000003 1426.2969 1794.3143889699415 0.902252197265625
220 1408.7663800000003 1420.5760601000002 1302.6453196299078 0.9061832427978516
221 1408.7663800000003 1422.6832934 1810.9188207378131 0.9103102684020996
222 1408.7663800000003 1431.9371567 3590.4600051986467 0.9142012596130371
223 1408.7663800000003 1435.8242064000005 4467.273647388288 0.9180722236633301
224 1408.7663800000003 1430.9362283000003 2906.4856151917293 0.9223592281341553
225 1408.7663800000003 1428.1542541999997 2477.246431274083 0.9264833927154541
226 1408.7663800000003 1417.9415916000005 858.4236713847886 0.9305202960968018
227 1408.7663800000003 1429.2578073 2104.2409117091547 0.9345111846923828
228 1408.7663800000003 1431.2250194 2446.416828218168 0.938453197479248
229 1408.7663800000003 1425.8500493999998 1550.3715796227639 0.9423601627349854
230 1408.7663800000003 1428.7417291999998 2367.7449522934317 0.9461781978607178
231 1408.7663800000003 1432.7581721999998 2676.026746683056 0.9501261711120605
232 1408.7663800000003 1433.0937432999997 3014.378557411479 0.9540600776672363
233 1408.7663800000003 1432.4379307 2144.5199400029674 0.9579682350158691
234 1408.7663800000003 1434.7508521 3069.3816561515837 0.9618191719055176
235 1408.7663800000003 1425.8039311999999 2171.3305340765387 0.9659740924835205
236 1408.7663800000003 1423.3639963 2085.302220034294 0.9701061248779297
237 1408.7663800000003 1432.8518644000003 2896.725927052923 0.9741182327270508
238 1408.7663800000003 1431.4340594000003 2498.060420804583 0.9781532287597656
239 1408.7663800000003 1429.8754097000003 2289.8698338459126 0.9821591377258301
240 1408.7663800000003 1429.5095299999998 2146.8620786586903 0.9862551689147949
241 1408.7663800000003 1431.5680262 2412.8578891799993 0.9901430606842041
242 1408.7663800000003 1423.8619328999996 1685.8411184718354 0.993948221206665
243 1408.7663800000003 1428.3730294999998 2054.093056482444 0.9977622032165527
244 1408.7663800000003 1430.9217479999998 2946.226029051202 1.0014431476593018
245 1408.7663800000003 1426.9988130999998 1871.0738011044346 1.0052201747894287
246 1408.7663800000003 1424.2331728 1712.2054041961812 1.0090522766113281
247 1408.7663800000003 1422.9902154 1848.7779825387843 1.0128271579742432
248 1408.7663800000003 1427.3688824 2223.405643191529 1.016545057296753
249 1408.7663800000003 1428.2038296999997 1953.9580452437024 1.0203220844268799
1408.7663800000003 1.0241591930389404
3
0 6854.069729999999 9280.4045007 729537.0688745427 0.003491640090942383
1 3921.9623 8780.139893399999 1116881.310776924 0.008662700653076172
2 2025.96409 7673.3729171 3082319.031809934 0.013528823852539062
3 1732.1030200000002 6294.6308637 5762999.924684418 0.018009662628173828
4 1538.62028 5046.7302676 6288951.262664121 0.022348642349243164
5 1451.32177 3961.8786462999997 5481797.995948549 0.026613712310791016
6 1447.74863 3348.9152030999994 4304076.6712874165 0.03072977066040039
7 1445.4903299999996 2719.6367961000005 2812267.638221792 0.0348207950592041
8 1445.4903299999996 2363.7278579 2026198.2198814093 0.038983821868896484
9 1443.83731 2188.2796820999997 1672993.4666194438 0.04311871528625488
10 1414.0047599999998 2002.2303901999999 1208164.1564359341 0.04704475402832031
11 1414.0047599999998 1886.6063214 1060474.5430422602 0.051077842712402344
12 1414.0047599999998 1818.2645254999998 965703.1693308215 0.055177927017211914
13 1414.0047599999998 1590.4166515000002 216116.9313804079 0.05927276611328125
14 1414.0047599999998 1545.5482455 152403.52026455547 0.06333589553833008
15 1414.0047599999998 1518.9436295000005 82203.06803292845 0.06749796867370605
16 1414.0047599999998 1490.6687176 30372.360505532353 0.0715487003326416
17 1414.0047599999998 1482.4994223000003 31603.566650348283 0.0755167007446289
18 1414.0047599999998 1474.1425860000004 29799.463155882266 0.07978487014770508
19 1414.0047599999998 1471.0825731000002 28481.363384234537 0.08372354507446289
20 1414.0047599999998 1453.9611690000002 15831.399747084117 0.08752894401550293
21 1414.0047599999998 1450.6174383000002 15990.091118973245 0.09180688858032227
22 1414.0047599999998 1439.8585256000003 4438.09538482993 0.09625077247619629
23 1414.0047599999998 1438.5550021000004 4194.227925242674 0.10039186477661133
24 1414.0047599999998 1436.4519498000002 3840.573889258573 0.10442876815795898
25 1414.0047599999998 1435.1900620000001 2745.161303375288 0.1082906723022461
26 1414.0047599999998 1434.4017918000004 2388.5833712847407 0.11216473579406738
27 1414.0047599999998 1437.6440834000002 2828.56811257203 0.11617374420166016
28 1414.0047599999998 1435.7652010000002 3138.782245443728 0.1203148365020752
29 1414.0047599999998 1435.2648115000002 2224.474161599655 0.12421870231628418
30 1414.0047599999998 1424.7639551000002 1115.2556069386355 0.12811493873596191
31 1414.0047599999998 1423.7356014000004 835.4142656988092 0.13190174102783203
32 1414.0047599999998 1428.1592150000004 1368.5012438540655 0.13577485084533691
33 1414.0047599999998 1430.7761597000003 1884.909746760099 0.13968157768249512
34 1414.0047599999998 1428.5919939000003 1458.1162288458343 0.14356565475463867
35 1414.0047599999998 1435.4759445 2214.325998075682 0.14760375022888184
36 1414.0047599999998 1431.0282757000002 1710.0648425143625 0.15165972709655762
37 1414.0047599999998 1432.7359196000002 1794.7991928074473 0.15587258338928223
38 1414.0047599999998 1431.0065278 1403.6989991304174 0.15998578071594238
39 1414.0047599999998 1432.3257230999998 1856.4101687137302 0.1639397144317627
40 1414.0047599999998 1438.4959347 2779.0733971398604 0.16790461540222168
41 1414.0047599999998 1443.3950788000002 4319.5173339448365 0.1718897819519043
42 1414.0047599999998 1439.7065969 3660.2955462166133 0.17587971687316895
43 1414.0047599999998 1434.3862522000002 2315.9122483400565 0.17981171607971191
44 1411.11286 1430.7108181000003 1824.9961093328054 0.18372869491577148
45 1411.11286 1431.8120256 1585.347236079512 0.18767380714416504
46 1411.11286 1435.1403723 1775.4770391254578 0.19159483909606934
47 1411.11286 1428.3739130999998 1318.7068418923573 0.1956777572631836
48 1411.11286 1427.7787573999997 1496.1387234354197 0.19954991340637207
49 1411.11286 1429.6863244999997 1536.2474920198702 0.2035057544708252
50 1411.11286 1427.7976462999995 1380.4509878729348 0.20729279518127441
51 1411.11286 1426.3562474999997 1095.963254654102 0.21111774444580078
52 1411.11286 1426.2328462999994 1301.2831424536746 0.21508574485778809
53 1411.11286 1428.2769234999996 1517.6017209577085 0.21892881393432617
54 1411.11286 1427.5782507999995 1704.2099528975282 0.2227005958557129
55 1411.11286 1433.7973305999997 2530.745056884476 0.22655677795410156
56 1411.11286 1430.5315841999995 2176.569028225733 0.23044681549072266
57 1411.11286 1431.0698225999995 2561.853113453456 0.23436784744262695
58 1411.11286 1429.3623840999996 2465.710581255519 0.23824381828308105
59 1411.11286 1427.9310070999993 2108.950891370942 0.2420496940612793
60 1411.11286 1429.9204468999994 2468.2192028626882 0.2458949089050293
61 1411.11286 1430.0936830999997 2167.0784441495202 0.24964475631713867
62 1411.11286 1425.1081765999998 1838.1917305624331 0.253551721572876
63 1411.11286 1425.7341416999996 1828.7356814008208 0.25734972953796387
64 1411.11286 1425.6292846 1333.0069715116456 0.26120972633361816
65 1411.11286 1428.2493394999995 1938.6616657836826 0.26496362686157227
66 1411.11286 1428.0355196999997 1772.4469656793704 0.26891374588012695
67 1411.11286 1425.8365958999996 1356.206841672756 0.27285075187683105
68 1411.11286 1429.8938894999997 2293.8094613752614 0.2766258716583252
69 1411.11286 1428.0017134999996 1983.3669798220546 0.2804269790649414
70 1411.11286 1430.6138952999995 2073.806775349467 0.2841496467590332
71 1411.11286 1428.6152584999998 1503.507366797672 0.28792881965637207
72 1411.11286 1427.7189801999994 1690.7603524750675 0.2916567325592041
73 1411.11286 1429.2234853999992 2238.086853068189 0.2955167293548584
74 1411.11286 1434.0736637999994 3033.6354127362674 0.2992367744445801
75 1411.11286 1431.8787973999995 2478.2795510239453 0.30300283432006836
76 1411.11286 1426.2794667999995 1636.9690114936734 0.30692195892333984
77 1411.11286 1429.3709447999995 2442.2728294157523 0.310788631439209
78 1411.11286 1429.9249901999992 2060.659009874531 0.31462574005126953
79 1411.11286 1431.7966673999995 1999.506441442979 0.31845879554748535
80 1411.11286 1424.1481237999997 1131.8538284350843 0.3223867416381836
81 1411.11286 1429.2682892999999 1972.8744846088084 0.32631564140319824
82 1411.11286 1429.3914205999995 1670.007950652399 0.33054375648498535
83 1411.11286 1427.6500930999996 1987.5203583879545 0.3343837261199951
84 1411.11286 1430.4182654999995 2387.1455675703914 0.33847498893737793
85 1411.11286 1431.9563174999996 2247.1827024602558 0.342911958694458
86 1411.11286 1431.0882005999995 2050.680900092845 0.34714484214782715
87 1411.11286 1429.3368086999992 1837.3764697755676 0.35100793838500977
88 1411.11286 1428.6779598999995 2217.5966100028886 0.3549466133117676
89 1411.11286 1426.9321842999998 1491.198835393108 0.35895276069641113
90 1411.11286 1431.2218357999996 1724.4068011522093 0.36290884017944336
91 1411.11286 1428.8892417999994 2236.9167293079013 0.3668496608734131
92 1411.11286 1427.6052161999996 1945.3072426329873 0.37071681022644043
93 1411.11286 1426.3842797999998 1918.8684329419798 0.37468481063842773
94 1411.11286 1427.2215487999995 1988.2001956441352 0.3786618709564209
95 1411.11286 1428.3699314999994 1848.1755641377574 0.38269472122192383
96 1411.11286 1432.5737070999994 2266.6525147464854 0.38696980476379395
97 1411.11286 1429.7294117999993 2268.079340901638 0.39090776443481445
98 1411.11286 1431.6743104999996 2225.1790874360836 0.3950467109680176
99 1411.11286 1440.6635686999996 3137.561375169744 0.3990757465362549
100 1411.11286 1438.8433327999996 3373.8433063034317 0.4031248092651367
101 1411.11286 1436.2370846999995 3189.835100740778 0.40700578689575195
102 1411.11286 1432.4974031999993 2858.065551871989 0.4109628200531006
103 1411.11286 1430.4432634999996 1848.5626169304192 0.4147677421569824
104 1411.11286 1426.6795720999994 1548.4754776470568 0.41861772537231445
105 1411.11286 1429.5234648999997 1907.410309908491 0.42250585556030273
106 1411.11286 1423.7516747999998 1092.178789088809 0.4262866973876953
107 1411.11286 1425.1533865999995 1467.7731021064458 0.43013763427734375
108 1411.11286 1421.2992695999994 1126.649285495346 0.4339425563812256
109 1411.11286 1426.3360508999997 1564.0582791550287 0.4377279281616211
110 1411.11286 1434.8992697999995 3226.242620600768 0.4414658546447754
111 1411.11286 1428.6070870999995 1794.4096052978184 0.44534873962402344
112 1411.11286 1424.2426276999995 1255.3001771252225 0.4491567611694336
113 1411.11286 1424.4128043999995 1376.8921736204813 0.4529907703399658
114 1411.11286 1424.6802422999992 1491.8610243003186 0.4568767547607422
115 1411.11286 1428.2611624999997 2061.7336404387024 0.46086883544921875
116 1411.11286 1427.8211550999995 1520.488756809269 0.464693546295166
117 1411.11286 1426.7041096999994 1640.7803499510158 0.4684128761291504
118 1411.11286 1423.6017707999997 1150.3587240507813 0.47229576110839844
119 1411.11286 1425.9595517999996 1853.083037320963 0.4762256145477295
120 1411.11286 1432.7682582999996 2548.2482728530076 0.48017382621765137
121 1411.11286 1433.4127248999998 3622.475986697229 0.48410868644714355
122 1411.11286 1427.5365878999996 2691.4043487096974 0.4880788326263428
123 1411.11286 1427.3115401999996 2277.561401359335 0.4919557571411133
124 1411.11286 1423.4325652999996 1457.4615498874714 0.4959757328033447
125 1411.11286 1428.1285734999994 1829.4555788531388 0.49985361099243164
126 1411.11286 1435.3603284999992 2855.044998689488 0.503856897354126
127 1411.11286 1434.8407370999994 3143.9673597417645 0.5079007148742676
128 1411.11286 1437.6073965999997 3693.340155474765 0.5117907524108887
129 1411.11286 1438.2149009999996 3914.5837536775107 0.5156338214874268
130 1411.11286 1441.2966666999994 4100.2599181203705 0.5195627212524414
131 1411.11286 1437.2022829999996 2478.7312833482815 0.523472785949707
132 1411.11286 1434.9229589999993 2315.4976703145453 0.5273756980895996
133 1411.11286 1430.9868556999995 1809.141386116575 0.5312728881835938
134 1411.11286 1426.0621174999997 1319.8559313872233 0.5352425575256348
135 1411.11286 1436.2169603999998 3446.908980807002 0.5389916896820068
136 1411.11286 1428.9154085999999 2713.1324370347284 0.5428767204284668
137 1411.11286 1430.8828090999998 2457.115136888658 0.5469787120819092
138 1411.11286 1432.0574186999997 2328.773168374222 0.5508847236633301
139 1411.11286 1431.8045293999994 2335.911192411857 0.5546996593475342
140 1411.11286 1434.3285839999996 2894.2281326655434 0.5586087703704834
141 1411.11286 1434.2555662999994 2932.6366447182536 0.5625157356262207
142 1411.11286 1426.6511841999995 1807.0594221874824 0.5663778781890869
143 1411.11286 1434.7174200999996 2777.86638660676 0.57027268409729
144 1411.11286 1429.8473490999995 2218.299745994829 0.5741686820983887
145 1411.11286 1430.4426082999996 3069.4721454510277 0.5779497623443604
146 1411.11286 1434.8322179999998 3376.181834885033 0.5817468166351318
147 1411.11286 1431.1411060999994 2976.093753482863 0.5856757164001465
148 1411.11286 1434.1311344999997 2515.8723945593365 0.5895276069641113
149 1411.11286 1440.0302756999995 3330.281475240213 0.5934607982635498
150 1411.11286 1437.4619359999997 4034.9964946882974 0.5973827838897705
151 1411.11286 1435.6764690999992 3905.763144567046 0.6013147830963135
152 1411.11286 1432.7503751999996 2626.7549859237024 0.6051697731018066
153 1411.11286 1432.0351832999995 2355.4543454466966 0.6091568470001221
154 1411.11286 1429.8533662999998 2289.531852688189 0.6129367351531982
155 1411.11286 1429.4407325999991 2053.287163971245 0.6168088912963867
156 1411.11286 1422.1023641999993 1343.0660012327023 0.6208288669586182
157 1411.11286 1429.2602602999996 1836.3044753371037 0.6246516704559326
158 1411.11286 1423.7576400999997 1189.9994550812498 0.6284847259521484
159 1411.11286 1426.7237922999993 1366.360806670416 0.6324858665466309
160 1411.11286 1428.3811834999995 1582.6325155330953 0.6363787651062012
161 1411.11286 1432.3572063 1752.3342612347824 0.6403305530548096
162 1411.11286 1429.2350570999997 1458.632473467308 0.6442649364471436
163 1411.11286 1427.6354341999997 1417.0138219524827 0.6484067440032959
164 1411.11286 1425.0168608999995 1235.3086321867918 0.6522858142852783
165 1411.11286 1429.0381758 1569.9315472418705 0.6561017036437988
166 1411.11286 1427.0076654999998 1449.8034034271247 0.6599428653717041
167 1411.11286 1429.3184640999993 1710.9584688257735 0.6637177467346191
168 1411.11286 1424.4156144999997 1537.2901627672604 0.6674938201904297
169 1411.11286 1428.1089698999992 1981.082246957352 0.6712639331817627
170 1411.11286 1425.1420089999997 1862.1113194322038 0.6750037670135498
171 1411.11286 1430.5170042999996 2436.140154375889 0.6788628101348877
172 1411.11286 1426.6804397999995 1975.739786082296 0.6827547550201416
173 1411.11286 1430.7756201999996 2575.1209218839776 0.686729907989502
174 1411.11286 1433.2531797999993 2561.629551181434 0.6907258033752441
175 1411.11286 1428.2162351999993 1724.830896437435 0.694638729095459
176 1411.11286 1427.7650025999994 1819.9557775904984 0.6985836029052734
177 1411.11286 1431.8189568999994 2679.588232418325 0.7024326324462891
178 1411.11286 1431.4946248999997 2899.651301769612 0.7063627243041992
179 1411.11286 1433.0268383999999 3082.4981412377397 0.7105927467346191
180 1411.11286 1423.2255862999996 1564.4052207452937 0.7145588397979736
181 1411.11286 1425.3949137999996 1750.0259063668286 0.7184908390045166
182 1411.11286 1421.2199324999995 1470.9827160374844 0.7224047183990479
183 1411.11286 1427.6443440999997 2241.6161294047683 0.7263076305389404
184 1411.11286 1433.5449907999998 2716.8356859904166 0.7301437854766846
185 1411.11286 1424.2827976999997 1364.981227304141 0.7339537143707275
186 1411.11286 1422.4355163999996 1158.5881092178126 0.7380497455596924
187 1411.11286 1421.9979455999994 1175.898859103449 0.7419767379760742
188 1411.11286 1420.6281228999997 1012.936850301238 0.7457756996154785
189 1411.11286 1424.8040772999996 1368.3450720362432 0.7497007846832275
190 1411.11286 1425.0284359999994 1647.3495511266165 0.7535347938537598
191 1411.11286 1425.9796556999997 1788.143223908391 0.7576236724853516
192 1411.11286 1426.0143173 1929.9595683632672 0.7615139484405518
193 1411.11286 1427.9716770999999 1654.684599000543 0.7652297019958496
194 1411.11286 1424.8387406999996 1408.8265033994508 0.7691535949707031
195 1411.11286 1426.7613275999995 1864.9233368722919 0.7730617523193359
196 1411.11286 1429.7020412999998 2330.328819843334 0.7768948078155518
197 1411.11286 1423.6404247999994 1036.1335697327734 0.7807857990264893
198 1411.11286 1422.0363856999995 945.9962795595393 0.7846267223358154
199 1411.11286 1429.4467569999997 1646.932989743508 0.7885167598724365
200 1411.11286 1431.1689116999996 1761.6394803726428 0.7924387454986572
201 1411.11286 1429.2727458999996 2013.6102861808456 0.7964696884155273
202 1411.11286 1429.8016781999995 1900.0323052362107 0.8002727031707764
203 1411.11286 1424.6574561999994 1920.835617503867 0.8041338920593262
204 1411.11286 1424.8574867999996 1916.6151548378923 0.8079249858856201
205 1411.11286 1426.8679998999994 1771.4024434461453 0.8116495609283447
206 1411.11286 1438.1591311999996 3153.64682300025 0.8154408931732178
207 1411.11286 1431.5520696 2277.968435137393 0.819260835647583
208 1411.11286 1434.7233453999997 2846.342192253491 0.8230438232421875
209 1411.11286 1427.8026996999993 1849.8826141279208 0.8268258571624756
210 1411.11286 1432.1559627999998 2663.9458670805166 0.8306787014007568
211 1411.11286 1437.4803033999995 3412.2543700233173 0.8346476554870605
212 1411.11286 1440.1800216999995 3130.5605002714915 0.8385488986968994
213 1411.11286 1429.0737390999993 1981.7546456885705 0.8424427509307861
214 1411.11286 1433.2554919999995 2259.8077138940134 0.846240758895874
215 1411.11286 1431.5023867999996 1788.2164344456646 0.8500196933746338
216 1411.11286 1433.8147590999995 2266.1942889562747 0.8538627624511719
217 1411.11286 1431.8759614999994 2092.6931092345512 0.8575558662414551
218 1411.11286 1429.6780575999992 1494.6345045194985 0.8613498210906982
219 1411.11286 1427.5402930999996 1888.733138533032 0.8651525974273682
220 1411.11286 1427.1227950999994 1872.665837160243 0.8688457012176514
221 1411.11286 1424.3402216999996 1482.822632972784 0.8728387355804443
222 1411.11286 1430.0544123999996 1970.6847266498894 0.8767287731170654
223 1411.11286 1429.6985233999994 2072.338203861547 0.8806536197662354
224 1411.11286 1427.0467063999997 1611.1788131821124 0.8843777179718018
225 1411.11286 1424.0417705999994 1083.621395840075 0.888084888458252
226 1411.11286 1429.9991325999995 1681.117494848954 0.8918807506561279
227 1411.11286 1432.7296931999995 2530.4035729680354 0.8958187103271484
228 1411.11286 1431.7016395999995 2927.0872608137834 0.8996937274932861
229 1411.11286 1434.3487775999995 3533.0309156455733 0.903620719909668
230 1411.11286 1430.8413685999994 2584.4328021882507 0.9077355861663818
231 1411.11286 1425.9230913999997 1643.0753396176838 0.9116826057434082
232 1411.11286 1425.6452446999995 1716.8960312111385 0.915564775466919
233 1411.11286 1424.3184786999998 1586.5704998265119 0.9194357395172119
234 1411.11286 1421.8820537999998 1329.6326542716147 0.9232678413391113
235 1411.11286 1427.7269415999995 2103.2471084383888 0.9269607067108154
236 1411.11286 1429.6783639999996 2292.811823455059 0.930811882019043
237 1411.11286 1431.7311038999997 3080.8470341271104 0.9345176219940186
238 1411.11286 1429.2958148999996 1995.946274918342 0.9382798671722412
239 1411.11286 1427.5359689999996 1953.3288399528067 0.9420926570892334
240 1411.11286 1429.2791754999992 1892.5620736648284 0.9459457397460938
241 1411.11286 1427.4213903999996 1843.394053781042 0.9498448371887207
242 1411.11286 1428.1525803999996 2076.4244192082683 0.9538087844848633
243 1411.11286 1427.8376009999995 2141.7400258605903 0.9577388763427734
244 1411.11286 1433.4698551999995 2573.2893917758634 0.9615726470947266
245 1411.11286 1433.3307231999995 2778.072246293136 0.9654998779296875
246 1411.11286 1437.2145917999997 3173.9278449440685 0.9693927764892578
247 1411.11286 1437.5788888999998 3104.769708057504 0.9732358455657959
248 1411.11286 1436.9808998999997 2589.3813959186027 0.9771177768707275
249 1411.11286 1432.3686079999998 2267.466856907068 0.9810318946838379
1411.11286 0.9849467277526855
