MQ1
250 4091.00946
1
0 66278.19512 77549.87993953333 21535079.38922074 0.03028702735900879
1 28070.24133 74618.98556563334 33846469.03641552 0.0753929615020752
2 12773.93391 65020.696953599996 217811385.39645544 0.10991883277893066
3 4971.56715 52474.605210366666 457575537.6340444 0.1389479637145996
4 4495.22098 39913.54676693333 605401213.1069478 0.16384100914001465
5 4443.15013 32336.285341733335 537888427.2484905 0.1867969036102295
6 4230.0778 24312.9610172 437946319.8223352 0.20780205726623535
7 4091.00946 20635.8009257 394949403.4383581 0.22746801376342773
8 4091.00946 16691.665965666667 320412101.50154835 0.2457718849182129
9 4091.00946 13571.229817366666 248736708.48462698 0.26303887367248535
10 4091.00946 11084.307147833333 175505982.47622335 0.27983784675598145
11 4091.00946 9662.2780881 131345160.21583173 0.2955451011657715
12 4091.00946 8170.9843366999985 90022587.80853559 0.3120408058166504
13 4091.00946 7371.868159433333 74729464.04370174 0.3274528980255127
14 4091.00946 6450.509768266667 56322705.249981165 0.3425109386444092
15 4091.00946 5931.477357233332 41131537.247017995 0.357468843460083
16 4091.00946 5308.6417596 23466089.02210387 0.3719038963317871
17 4091.00946 4938.260645066667 16571990.517576147 0.38690185546875
18 4091.00946 4776.1213804 13244117.736947801 0.4012260437011719
19 4091.00946 4527.0561717 4212970.590883833 0.4161210060119629
20 4091.00946 4359.1152035000005 2090045.9949201338 0.43042778968811035
21 4091.00946 4260.1677678666665 1293419.9582628985 0.44434189796447754
22 4091.00946 4233.266664466667 1047786.8006620503 0.4582021236419678
23 4091.00946 4208.130891366667 902400.6754994978 0.47284698486328125
24 4091.00946 4149.4334001 328094.8640688459 0.487123966217041
25 4091.00946 4151.084348833333 364866.15965565125 0.5016157627105713
26 4091.00946 4127.338029299999 39570.107692256075 0.5157580375671387
27 4091.00946 4117.854619 37210.41825874588 0.5294919013977051
28 4091.00946 4121.228588833334 38113.46040655158 0.5443179607391357
29 4091.00946 4116.890748533333 36429.054105938914 0.5591108798980713
30 4091.00946 4118.3099354000005 37963.816150530925 0.5738489627838135
31 4091.00946 4116.789234766667 36354.20011232396 0.5880670547485352
32 4091.00946 4127.910285466667 40650.92623131081 0.6027209758758545
33 4091.00946 4125.312196 39678.046198676966 0.6178338527679443
34 4091.00946 4120.850318966666 37931.3746791721 0.6322870254516602
35 4091.00946 4116.2651313666665 36208.77374861389 0.6459479331970215
36 4091.00946 4107.104434133334 4825.85174489629 0.6606159210205078
37 4091.00946 4112.868862466667 6046.578752577501 0.6749088764190674
38 4091.00946 4115.306594033334 8091.921241305738 0.6888308525085449
39 4091.00946 4107.7498786333335 4817.481905892029 0.7027640342712402
40 4091.00946 4110.4719929 5872.3581924235195 0.7179019451141357
41 4091.00946 4111.623851766667 6479.355800386173 0.7324469089508057
42 4091.00946 4110.099171233334 6082.848352567383 0.7462940216064453
43 4091.00946 4104.901771999999 3777.8904481619256 0.7599091529846191
44 4091.00946 4109.912670799999 4967.517093979015 0.7733349800109863
45 4091.00946 4110.707013533334 5524.9201570467985 0.7864110469818115
46 4091.00946 4113.866113766667 6704.728778510013 0.8008518218994141
47 4091.00946 4110.5804088 5661.127157430876 0.8159637451171875
48 4091.00946 4110.4652908 6774.069530848433 0.8299720287322998
49 4091.00946 4104.3218073 5159.784479210918 0.8437597751617432
50 4091.00946 4108.682914466666 5910.434856414396 0.8575439453125
51 4091.00946 4103.691290933333 4322.299617253965 0.871802806854248
52 4091.00946 4101.266786 2831.0037662301993 0.8858909606933594
53 4091.00946 4102.1214531 3207.8260873729105 0.9000759124755859
54 4091.00946 4104.072848466667 3306.0995539637406 0.9139950275421143
55 4091.00946 4104.1362368 3074.439567288879 0.9275698661804199
56 4091.00946 4101.312084633334 2764.3858029823673 0.9412338733673096
57 4091.00946 4102.502831833333 2911.602276748733 0.954683780670166
58 4091.00946 4107.909020133334 4492.971940781991 0.9679698944091797
59 4091.00946 4112.799805766666 7658.880433850959 0.9818291664123535
60 4091.00946 4113.6141511 7533.0751133472195 0.9957399368286133
61 4091.00946 4105.422304033334 4244.290368596444 1.009617805480957
62 4091.00946 4102.463383733334 3192.930234343703 1.0233089923858643
63 4091.00946 4104.376361333334 3605.535397930535 1.0368099212646484
64 4091.00946 4104.8710888 4810.963342349563 1.0500459671020508
65 4091.00946 4108.847911466667 6005.578963751843 1.0634019374847412
66 4091.00946 4113.6108158666675 7416.657769417168 1.0768120288848877
67 4091.00946 4110.662145866666 6520.1107872640605 1.0902378559112549
68 4091.00946 4104.4958997 3840.585137244089 1.1038010120391846
69 4091.00946 4113.5373178 7484.104525359835 1.1175737380981445
70 4091.00946 4103.714472033334 3028.496025574551 1.1310818195343018
71 4091.00946 4102.8670447 3105.4314719876816 1.144813060760498
72 4091.00946 4100.483332 1954.2480566361671 1.1588690280914307
73 4091.00946 4103.391826066667 3497.7432603755483 1.1728219985961914
74 4091.00946 4103.244041566667 3319.777630095897 1.1866469383239746
75 4091.00946 4104.123537866666 3562.7264353929413 1.2000350952148438
76 4091.00946 4100.531844666667 2374.2878761193447 1.213637113571167
77 4091.00946 4105.581583533333 4198.660277344585 1.2274408340454102
78 4091.00946 4107.8450686666665 5120.347500612987 1.2421550750732422
79 4091.00946 4110.690536200001 5531.87369951235 1.2563021183013916
80 4091.00946 4109.639592166667 6030.333369378697 1.270124912261963
81 4091.00946 4105.7577367 4582.699258154052 1.2838399410247803
82 4091.00946 4104.9829346 4171.2200177709 1.2973370552062988
83 4091.00946 4105.906197233334 4898.372252180515 1.311521053314209
84 4091.00946 4107.898030666667 5794.425267902278 1.3258419036865234
85 4091.00946 4107.510761333333 5346.425978599648 1.3399579524993896
86 4091.00946 4110.3850677 6194.108764190548 1.3543448448181152
87 4091.00946 4108.5528664 5381.864823695289 1.367898941040039
88 4091.00946 4104.6820011 3978.5950173242863 1.381636142730713
89 4091.00946 4103.252121933334 3636.893596850532 1.3959779739379883
90 4091.00946 4109.8520819333335 5171.274032876647 1.4103929996490479
91 4091.00946 4106.7596182666675 4449.018789297308 1.4248619079589844
92 4091.00946 4109.774898633334 5472.298636821994 1.4395520687103271
93 4091.00946 4108.233334166667 4857.231238648572 1.4536471366882324
94 4091.00946 4110.296977800001 5299.753453908727 1.467376947402954
95 4091.00946 4106.190701133332 3815.1079839095287 1.4814598560333252
96 4091.00946 4111.1271686 5520.779379221437 1.494987964630127
97 4091.00946 4107.605048733333 4395.090851805793 1.5084757804870605
98 4091.00946 4115.524944033334 6802.86628864715 1.521846055984497
99 4091.00946 4114.326459766667 7130.352533309722 1.535295009613037
100 4091.00946 4116.180964133334 8451.62067070301 1.549070119857788
101 4091.00946 4109.375193566667 5897.284512584258 1.5629949569702148
102 4091.00946 4102.796809633334 3720.3718578720604 1.577502965927124
103 4091.00946 4107.8875535 4848.340220267098 1.5923378467559814
104 4091.00946 4111.7388688 5912.32305544281 1.606722116470337
105 4091.00946 4108.110334166667 5336.486951824335 1.620485782623291
106 4091.00946 4109.149258966666 5574.4812738745595 1.634361982345581
107 4091.00946 4108.791068733333 5291.9278622951215 1.6482548713684082
108 4091.00946 4106.6521636 4295.068561242155 1.6620509624481201
109 4091.00946 4106.0615668 4008.7981643118997 1.675894021987915
110 4091.00946 4107.476138066667 5251.697245514067 1.6893460750579834
111 4091.00946 4110.6003994 6505.875327110478 1.7030420303344727
112 4091.00946 4104.374396233334 6334.182297518592 1.716998815536499
113 4091.00946 4103.4900778 3287.5560868735383 1.7314307689666748
114 4091.00946 4105.813203233333 3726.325965968879 1.7463979721069336
115 4091.00946 4109.038295533333 4831.263995814348 1.760638952255249
116 4091.00946 4113.3649576 5713.475587890595 1.7749979496002197
117 4091.00946 4107.4256326 4279.248398667652 1.7893340587615967
118 4091.00946 4108.946353133333 5120.443141227316 1.8034920692443848
119 4091.00946 4113.689955966666 6659.597437298995 1.817878007888794
120 4091.00946 4114.2380977 7591.087721965791 1.8318231105804443
121 4091.00946 4116.7994636 8431.611989610323 1.8462650775909424
122 4091.00946 4114.070699500001 6951.191984647803 1.860625982284546
123 4091.00946 4107.766341900001 4765.487554681308 1.876720905303955
124 4091.00946 4106.894636366667 4157.567825653849 1.8909728527069092
125 4091.00946 4109.8058136 5052.643042080703 1.9053959846496582
126 4091.00946 4105.3432997 4361.777378507544 1.920464038848877
127 4091.00946 4102.6199775000005 3629.5669212510375 1.9351389408111572
128 4091.00946 4103.3790152 3480.7215504814103 1.9499809741973877
129 4091.00946 4104.6019271333325 4486.589611389494 1.9640529155731201
130 4091.00946 4108.047383266668 6022.558086067888 1.9778838157653809
131 4091.00946 4103.935247566667 3330.940987354339 1.9920718669891357
132 4091.00946 4108.3760612333335 5142.403483222938 2.0058071613311768
133 4091.00946 4105.5390234999995 4160.606433632046 2.019439935684204
134 4091.00946 4103.154851866667 4220.514024118796 2.0330889225006104
135 4091.00946 4102.656492666667 3761.07146854166 2.046696901321411
136 4091.00946 4103.3176482 3985.0259600699196 2.0602290630340576
137 4091.00946 4105.671463066667 4657.14220414374 2.0739638805389404
138 4091.00946 4104.089350933334 3376.207331871881 2.0875020027160645
139 4091.00946 4100.631095633333 1782.350631464472 2.100985050201416
140 4091.00946 4104.5313863 2996.3424679153804 2.1149260997772217
141 4091.00946 4105.2925399 3200.203180315187 2.1284008026123047
142 4091.00946 4105.315704866667 3906.842762472871 2.1419870853424072
143 4091.00946 4103.955412733334 3396.7420750965443 2.1572139263153076
144 4091.00946 4107.217677266667 5444.010121255758 2.1710410118103027
145 4091.00946 4107.5891838 4021.309018563081 2.184619903564453
146 4091.00946 4112.2799614000005 5608.802791651156 2.198162794113159
147 4091.00946 4109.323745133333 5100.229243546489 2.212033987045288
148 4091.00946 4105.3716518 4070.247619818873 2.2265310287475586
149 4091.00946 4103.719093966666 3640.4324277504843 2.2412919998168945
150 4091.00946 4108.4129334 4733.160408491917 2.2560338973999023
151 4091.00946 4106.321664833334 4222.6707989801735 2.270469903945923
152 4091.00946 4101.678077533334 2689.307784300615 2.2853150367736816
153 4091.00946 4102.3190073333335 3883.6241343342995 2.299798011779785
154 4091.00946 4102.785269433333 3278.696446117798 2.314018964767456
155 4091.00946 4103.0489122 3302.07353800687 2.3283379077911377
156 4091.00946 4104.9821403999995 4444.443365761103 2.3426098823547363
157 4091.00946 4102.528969800001 4030.23909791598 2.3572001457214355
158 4091.00946 4107.384851366666 5582.3275738495295 2.3715789318084717
159 4091.00946 4107.603209966666 5211.484553579243 2.3860228061676025
160 4091.00946 4106.960082466667 5205.647330592336 2.4010260105133057
161 4091.00946 4105.676042966667 5418.19652128204 2.4157087802886963
162 4091.00946 4100.422038200001 2662.0046391002056 2.430649995803833
163 4091.00946 4099.990639233333 1950.3226263633685 2.445284128189087
164 4091.00946 4104.697798100001 3948.875418640929 2.459743022918701
165 4091.00946 4107.974182866667 4424.58587069517 2.474742889404297
166 4091.00946 4102.889952433334 2801.4005453975615 2.4886388778686523
167 4091.00946 4106.042082166667 4135.204116234195 2.502856969833374
168 4091.00946 4104.736137966666 4331.661806684295 2.5166969299316406
169 4091.00946 4106.943625566667 5358.77121966527 2.5301408767700195
170 4091.00946 4106.060771500001 5601.178276068688 2.5436019897460938
171 4091.00946 4114.912057233333 8403.109897954218 2.556976795196533
172 4091.00946 4108.8841991 6395.5499083292225 2.570413112640381
173 4091.00946 4105.5617471333335 4877.270577546929 2.5842318534851074
174 4091.00946 4104.949898166667 5641.135547032959 2.597930908203125
175 4091.00946 4105.446355699999 4797.664076815398 2.6111438274383545
176 4091.00946 4104.233667166667 4033.2898848422765 2.6246588230133057
177 4091.00946 4103.614181466666 3526.944635247444 2.6385278701782227
178 4091.00946 4104.0475313 3683.0446117587417 2.652254819869995
179 4091.00946 4104.278593533334 3973.617073607654 2.666285991668701
180 4091.00946 4103.684732500001 3297.596590619718 2.680377960205078
181 4091.00946 4104.428444499999 3298.081837453975 2.6941580772399902
182 4091.00946 4102.183204200001 2890.919236787241 2.7075560092926025
183 4091.00946 4103.1122362333335 3172.0172313102134 2.7212588787078857
184 4091.00946 4106.244900533334 4472.858907378937 2.7349119186401367
185 4091.00946 4105.559077133333 3789.8788621049157 2.7488160133361816
186 4091.00946 4105.3671494 4054.265923261467 2.7621958255767822
187 4091.00946 4102.131495933334 3241.7817094356938 2.775953769683838
188 4091.00946 4103.578445666667 3596.0202570731144 2.7904858589172363
189 4091.00946 4102.309688266667 3795.6314932890514 2.8046109676361084
190 4091.00946 4102.922268866666 3162.5757099010502 2.818586826324463
191 4091.00946 4103.471823766667 3377.227040392057 2.8325438499450684
192 4091.00946 4104.745716666666 4291.745977299291 2.846734046936035
193 4091.00946 4106.893369 4727.957051306214 2.8611719608306885
194 4091.00946 4106.4218666 7254.0635271411065 2.8754937648773193
195 4091.00946 4105.862471066666 7369.657316568615 2.8897998332977295
196 4091.00946 4105.502072666666 7412.813233823432 2.9038357734680176
197 4091.00946 4106.968607466666 6964.600422153217 2.918494939804077
198 4091.00946 4104.9938339 4302.111174323482 2.9324638843536377
199 4091.00946 4101.701904233334 2925.560505950699 2.9470248222351074
200 4091.00946 4103.192975400001 3696.4742317053724 2.960988998413086
201 4091.00946 4109.1588756 5997.7229132417215 2.975598096847534
202 4091.00946 4110.9354791000005 6546.368402628294 2.99035382270813
203 4091.00946 4111.430465733333 6123.603077960087 3.005490779876709
204 4091.00946 4109.543558166667 6200.219509032631 3.0201668739318848
205 4091.00946 4103.3877497 4200.909790543292 3.0343217849731445
206 4091.00946 4110.259252266666 7125.753120391316 3.048475742340088
207 4091.00946 4110.8158194 6880.30701543448 3.0626649856567383
208 4091.00946 4108.7566195 5646.547301035996 3.077613115310669
209 4091.00946 4103.539699800001 4295.538680969345 3.092197895050049
210 4091.00946 4108.053261633334 6450.697727071939 3.1064188480377197
211 4091.00946 4101.943761966666 3734.9952422893693 3.1205618381500244
212 4091.00946 4106.164906999999 5217.543753659443 3.1345720291137695
213 4091.00946 4099.653154266667 2711.7127033974566 3.1482508182525635
214 4091.00946 4105.4593540333335 4253.147014486923 3.162203788757324
215 4091.00946 4107.374433166668 4842.193638489902 3.177072763442993
216 4091.00946 4108.0405346 4874.4214533368295 3.191826820373535
217 4091.00946 4108.3165308 5069.434583177507 3.2072649002075195
218 4091.00946 4107.5999252 5073.16788502867 3.222087860107422
219 4091.00946 4103.470333866667 3420.556683004399 3.2364988327026367
220 4091.00946 4107.3149313 4820.653860224482 3.2516820430755615
221 4091.00946 4110.5807886 5742.202006574272 3.2663559913635254
222 4091.00946 4111.8213065 5553.5743014643085 3.280972957611084
223 4091.00946 4107.996829766666 5338.944142603239 3.2963030338287354
224 4091.00946 4106.5103604000005 5819.035572148825 3.3106789588928223
225 4091.00946 4102.219996299999 3234.9030606882343 3.325575828552246
226 4091.00946 4099.2122138 2350.739727110077 3.340251922607422
227 4091.00946 4099.814761466667 2175.397625853186 3.3550679683685303
228 4091.00946 4106.551309566667 4528.167871021412 3.3688690662384033
229 4091.00946 4108.4249996 5558.898655847078 3.383466958999634
230 4091.00946 4112.6885213333335 6119.846804682736 3.3982231616973877
231 4091.00946 4105.287946366666 3943.946152781092 3.4129750728607178
232 4091.00946 4103.428739466667 3879.7186237503247 3.4273569583892822
233 4091.00946 4097.019306733334 1965.5405437597651 3.4427950382232666
234 4091.00946 4101.984986666666 3662.97303471408 3.4574198722839355
235 4091.00946 4106.298597066667 5712.092399952645 3.472317934036255
236 4091.00946 4107.7016355333335 5593.754953667286 3.4870219230651855
237 4091.00946 4104.053210166667 3506.510812188769 3.5017778873443604
238 4091.00946 4106.175892200001 4085.2543715933616 3.5166149139404297
239 4091.00946 4109.4420179 5254.157970117751 3.530608892440796
240 4091.00946 4105.369524433333 4917.884588389954 3.5451090335845947
241 4091.00946 4106.983832666667 4773.35451569106 3.559148073196411
242 4091.00946 4107.885911766667 5804.760739999789 3.572715997695923
243 4091.00946 4110.257894766668 6356.212039101903 3.58646297454834
244 4091.00946 4102.768194033333 3607.659423190014 3.600606918334961
245 4091.00946 4108.9669353 5258.432923966324 3.61483097076416
246 4091.00946 4111.0092158 6383.581865273927 3.629056930541992
247 4091.00946 4105.404314599999 3819.94872655317 3.643293857574463
248 4091.00946 4102.446102133333 3021.184895686695 3.657094955444336
249 4091.00946 4102.571744033334 3157.8186410189337 3.6708757877349854
4091.00946 3.6854257583618164
2
0 64195.803920000006 78282.97166366667 21103259.209863365 0.02834320068359375
1 30633.367820000003 75179.67976363334 42208814.746216185 0.07244324684143066
2 12730.96997 64982.2373417 266721317.84542033 0.10730409622192383
3 7156.51055 51988.1553527 527184438.8814314 0.13593816757202148
4 4820.5365 40559.66239773334 596921233.3823558 0.16028904914855957
5 4483.13723 31328.36849433333 592292657.4922346 0.18134617805480957
6 4282.1388799999995 24460.095547533332 482053202.4313661 0.20089221000671387
7 4282.1388799999995 19281.258646033333 381925209.56808263 0.2206892967224121
8 4174.15769 14834.189919166667 234046058.4027185 0.23816299438476562
9 4174.15769 12126.542531166666 167588562.7258971 0.2543020248413086
10 4171.50209 10168.1329245 129153937.65403992 0.2699263095855713
11 4171.50209 8721.9163747 83761241.90976676 0.2857699394226074
12 4171.50209 7445.8955359 58512997.03610359 0.30094003677368164
13 4171.50209 6229.5610747 24605045.821901903 0.31583690643310547
14 4162.22018 5820.700095233334 20447417.784726817 0.3306260108947754
15 4114.94098 5399.3605612 15075625.412347559 0.3453481197357178
16 4114.94098 5070.614031700001 9757328.23079269 0.3598620891571045
17 4114.94098 4904.243279933334 8383906.134948912 0.3746161460876465
18 4114.94098 4689.7327157 6737950.007152713 0.3894970417022705
19 4114.94098 4633.5006254 6557995.527538417 0.4043452739715576
20 4114.94098 4528.217651166667 6081669.7757199025 0.41931700706481934
21 4114.94098 4471.772838566667 5867474.910934217 0.43457889556884766
22 4114.94098 4411.374115466667 4520196.539424198 0.44917917251586914
23 4114.94098 4371.858977133334 4152834.205461836 0.4639313220977783
24 4114.94098 4205.269950166667 430816.33218795597 0.478193998336792
25 4114.94098 4202.518501066666 430761.06843441667 0.49350810050964355
26 4114.94098 4196.494438033334 407637.36179199925 0.5078589916229248
27 4114.94098 4198.045616900001 409820.8425524401 0.5223901271820068
28 4114.94098 4161.740124133334 113435.7113078568 0.5365750789642334
29 4114.94098 4154.376283166666 80057.87396676606 0.55165696144104
30 4114.94098 4142.504607633334 76777.49334216845 0.5667641162872314
31 4114.94098 4144.538714 76961.7539177742 0.5808811187744141
32 4114.94098 4134.864367533333 5410.558131294148 0.5958361625671387
33 4114.94098 4132.495851799999 5422.162084849756 0.6102662086486816
34 4114.94098 4140.002295566667 8626.801956486786 0.6247212886810303
35 4114.94098 4137.7024611666675 7094.984969384738 0.6386041641235352
36 4114.94098 4135.7806613 6132.80421411873 0.652313232421875
37 4114.94098 4138.226019433333 7965.927583689839 0.6663351058959961
38 4114.94098 4133.835213900001 6705.11731572291 0.6804139614105225
39 4114.94098 4132.397778400001 5027.7823220091595 0.6942672729492188
40 4114.94098 4133.647154166667 5603.974274894554 0.7083709239959717
41 4114.94098 4133.225032333334 4827.76005185886 0.722728967666626
42 4114.94098 4130.197749733334 4437.505792084618 0.7373921871185303
43 4114.94098 4129.0874028 3797.3496041779313 0.7518951892852783
44 4114.94098 4124.361508333333 2875.0446968035367 0.7661881446838379
45 4114.94098 4129.0551278 4012.918761344341 0.7802109718322754
46 4114.94098 4130.014563933333 4845.855623971447 0.7941980361938477
47 4114.94098 4125.912694266666 3226.489521980319 0.8081059455871582
48 4114.94098 4130.420690666667 4696.318717963215 0.8217852115631104
49 4114.94098 4127.738586500001 3482.948098134338 0.8361790180206299
50 4114.94098 4126.9274014 3330.9760404223034 0.8503339290618896
51 4114.94098 4137.398616533334 7465.891818724709 0.8643221855163574
52 4114.94098 4133.078981966667 5211.709280711955 0.8778760433197021
53 4114.94098 4126.054463033334 3317.4003565065836 0.8915691375732422
54 4114.94098 4133.050079966667 5400.286398070093 0.9050309658050537
55 4114.94098 4133.7914310333335 5682.99417553139 0.9187052249908447
56 4114.94098 4128.222318900001 3847.7170387642254 0.9323992729187012
57 4114.94098 4126.882131666667 3667.9690886709577 0.9457919597625732
58 4114.94098 4129.198946366667 4473.56788763959 0.9593760967254639
59 4114.94098 4128.061636433335 4029.4100675493355 0.973391056060791
60 4114.94098 4129.575468800001 4270.167893547376 0.9870059490203857
61 4091.00946 4130.959117733333 4764.424890396683 1.000680923461914
62 4091.00946 4128.537494466666 6324.511118384925 1.014301061630249
63 4091.00946 4121.558082766666 4887.688813525183 1.0278470516204834
64 4091.00946 4120.456053533334 5997.46777452783 1.0413341522216797
65 4091.00946 4111.945722066667 3193.00534011684 1.0548930168151855
66 4091.00946 4113.8177807 4107.422051473114 1.068479061126709
67 4091.00946 4111.293553266666 4139.687279246792 1.082108974456787
68 4091.00946 4109.656331033334 4275.3246546895 1.0957460403442383
69 4091.00946 4113.003982266668 5044.373827185764 1.1094470024108887
70 4091.00946 4113.591165 5758.518518445771 1.1229910850524902
71 4091.00946 4109.563181633333 5294.010025843978 1.136763095855713
72 4091.00946 4106.163457566668 3267.0167171059875 1.1500310897827148
73 4091.00946 4107.047098766667 4301.243004719438 1.1638541221618652
74 4091.00946 4109.843029433334 5222.762906688459 1.1780011653900146
75 4091.00946 4105.7922904 3423.059413823515 1.1920859813690186
76 4091.00946 4103.282537433333 3323.1210430615197 1.2056450843811035
77 4091.00946 4103.2902153 2977.2997951601383 1.2195250988006592
78 4091.00946 4105.023922766667 3786.859696841593 1.2334551811218262
79 4091.00946 4107.9200280333325 5700.00290422367 1.2470741271972656
80 4091.00946 4110.730264933333 6259.000551576554 1.261019229888916
81 4091.00946 4111.534422533334 6721.221806490926 1.2752020359039307
82 4091.00946 4107.691904133333 4332.750288355616 1.288905143737793
83 4091.00946 4108.748584433334 4870.929294780375 1.3029823303222656
84 4091.00946 4111.752841966666 5739.022651211387 1.3169150352478027
85 4091.00946 4104.7675015 4318.1118437983205 1.3309440612792969
86 4091.00946 4106.4513928333345 4755.9205369631945 1.3445372581481934
87 4091.00946 4107.3326306 4836.80080026341 1.3582642078399658
88 4091.00946 4109.152788966667 5262.556965342507 1.3725981712341309
89 4091.00946 4105.227690433334 3641.5725856123267 1.387017011642456
90 4091.00946 4108.982463366667 5007.604005114299 1.4014642238616943
91 4091.00946 4118.383439 8511.252505222445 1.4151439666748047
92 4091.00946 4118.021321633334 8274.378823000034 1.4290721416473389
93 4091.00946 4125.9594455 10575.169213633142 1.4427709579467773
94 4091.00946 4113.8856837 6462.6049839832685 1.4562339782714844
95 4091.00946 4113.020939133334 6280.651996852839 1.4703009128570557
96 4091.00946 4106.8745919 5096.94984934875 1.4841909408569336
97 4091.00946 4105.0625598666675 3907.0813888517505 1.4979939460754395
98 4091.00946 4106.605071566667 4944.427188788954 1.5117712020874023
99 4091.00946 4103.503011433333 3956.536894349314 1.5257501602172852
100 4091.00946 4104.953880366666 4573.001030969297 1.5397241115570068
101 4091.00946 4110.003503766667 6575.799795670409 1.5536820888519287
102 4091.00946 4108.395004266667 5970.024529648195 1.567256212234497
103 4091.00946 4108.170452200001 5401.774861085596 1.5808939933776855
104 4091.00946 4112.041875066667 6248.100288820037 1.5943481922149658
105 4091.00946 4112.0958068 5987.174391204874 1.6084380149841309
106 4091.00946 4112.752010933333 7292.374953030003 1.6224710941314697
107 4091.00946 4114.055342733333 7612.196095240284 1.6366181373596191
108 4091.00946 4110.908668133334 6134.439003847598 1.6502971649169922
109 4091.00946 4110.345919966667 5477.752035366991 1.663707971572876
110 4091.00946 4110.007982133334 5400.480085874488 1.6775290966033936
111 4091.00946 4111.445295766666 5972.111163513982 1.691014289855957
112 4091.00946 4108.475001366667 5286.274940372164 1.704360008239746
113 4091.00946 4104.862571799999 3869.1761509887283 1.7184741497039795
114 4091.00946 4106.4383201 4758.537842588567 1.7322192192077637
115 4091.00946 4111.0534384 6333.449536509297 1.746324062347412
116 4091.00946 4109.664815566667 5707.585491037859 1.7602980136871338
117 4091.00946 4112.3602306 6372.830175395524 1.7737181186676025
118 4091.00946 4115.490622933333 9247.277384226083 1.787276029586792
119 4091.00946 4105.054219966667 4016.2568507820506 1.800832986831665
120 4091.00946 4109.5265484 5640.952289419358 1.8145101070404053
121 4091.00946 4110.033529066667 6017.802816103887 1.8281641006469727
122 4091.00946 4114.7055224666665 7208.128368935554 1.842118263244629
123 4091.00946 4114.222394766667 6351.327036676763 1.8562731742858887
124 4091.00946 4114.930768866667 7487.174089327705 1.8713111877441406
125 4091.00946 4107.7738346 5006.46736503848 1.8862202167510986
126 4091.00946 4109.768689233333 5665.968060349895 1.8999950885772705
127 4091.00946 4116.098006766668 7127.314702162227 1.9135801792144775
128 4091.00946 4114.5711998 6242.914689734333 1.9277100563049316
129 4091.00946 4110.694741833333 4700.47388988596 1.9419939517974854
130 4091.00946 4112.0911874 6182.14053963515 1.9565200805664062
131 4091.00946 4106.5360466 4507.631684619491 1.970724105834961
132 4091.00946 4103.893157366667 3355.1417004811033 1.9852039813995361
133 4091.00946 4104.560692133334 3646.787916980794 1.9993369579315186
134 4091.00946 4104.051016100001 3768.4986909972567 2.0130131244659424
135 4091.00946 4109.325545866667 5734.631228877772 2.0268869400024414
136 4091.00946 4109.5190346 5358.238790631575 2.0405619144439697
137 4091.00946 4112.443094766666 6295.340149658489 2.0543322563171387
138 4091.00946 4110.3864422 5913.226022444483 2.067836284637451
139 4091.00946 4104.971527233333 3869.8581792940395 2.081418037414551
140 4091.00946 4105.208534533334 3838.5415777756757 2.095555067062378
141 4091.00946 4111.3375885000005 6334.179099675031 2.110394239425659
142 4091.00946 4107.004054366666 4955.37597363382 2.124568223953247
143 4091.00946 4109.756445833333 6057.5882506775715 2.1388139724731445
144 4091.00946 4104.0347826 3886.235808870751 2.152757167816162
145 4091.00946 4106.9829967666665 4601.70108125618 2.1663832664489746
146 4091.00946 4109.8903824 5872.311091434324 2.1808531284332275
147 4091.00946 4112.955444133334 6705.17465013849 2.1945369243621826
148 4091.00946 4115.234267133333 7674.4047642050045 2.2082691192626953
149 4091.00946 4116.051492766666 8883.956477484613 2.2220890522003174
150 4091.00946 4112.462101766668 5830.220210121369 2.2357680797576904
151 4091.00946 4107.830534366666 4189.205314903756 2.2492260932922363
152 4091.00946 4105.852431666667 3821.1303196412077 2.263037919998169
153 4091.00946 4109.059784066666 5036.980435133912 2.2768290042877197
154 4091.00946 4101.727065533333 3185.7486206908857 2.290544271469116
155 4091.00946 4102.828350066667 2811.382176150648 2.3047642707824707
156 4091.00946 4105.3443783 3713.3319760205486 2.3190650939941406
157 4091.00946 4111.481162533333 6148.639375092217 2.333376169204712
158 4091.00946 4109.4270768 5147.191072773265 2.3477470874786377
159 4091.00946 4110.080498766667 5649.250384509153 2.362218141555786
160 4091.00946 4112.210124266666 5788.980257953137 2.3768420219421387
161 4091.00946 4110.3671365 5590.873353673844 2.3914999961853027
162 4091.00946 4109.989507766666 5432.323823009546 2.406343936920166
163 4091.00946 4109.298813833334 5289.735851666145 2.420938014984131
164 4091.00946 4109.989997433333 5646.894053018562 2.435702085494995
165 4091.00946 4107.452186666666 4748.804461486198 2.450248956680298
166 4091.00946 4114.646814600001 7394.164734783972 2.4643330574035645
167 4091.00946 4112.3527773333335 6559.098053134052 2.4780900478363037
168 4091.00946 4110.7117275 6109.360931053786 2.491816997528076
169 4091.00946 4109.666601833334 5469.269047242488 2.5052669048309326
170 4091.00946 4103.2631326 3414.2807730497457 2.5188920497894287
171 4091.00946 4104.711672533333 3706.5286755186007 2.532494068145752
172 4091.00946 4104.7628515666665 4690.826756044174 2.5459141731262207
173 4091.00946 4108.249820533333 5260.881694468454 2.559612274169922
174 4091.00946 4105.4469111 3998.8061332090997 2.573460102081299
175 4091.00946 4108.567821333334 4348.4081602548595 2.587188959121704
176 4091.00946 4109.479531533334 4698.480524114706 2.601425886154175
177 4091.00946 4114.656856533334 6444.6842862315025 2.6156980991363525
178 4091.00946 4112.6390734999995 6076.013892369947 2.629423141479492
179 4091.00946 4108.3581288333335 5344.95112106342 2.643947124481201
180 4091.00946 4103.6390296 3067.0328024647383 2.657597064971924
181 4091.00946 4112.197442333333 6675.903380273919 2.6710240840911865
182 4091.00946 4115.496726233334 6272.353494259612 2.684624195098877
183 4091.00946 4111.929056333333 5730.181450809161 2.697972059249878
184 4091.00946 4117.3577736666675 8077.473838421646 2.7118031978607178
185 4091.00946 4117.373764800001 7697.485094188096 2.725616216659546
186 4091.00946 4115.0459273666675 8224.934277000568 2.7392570972442627
187 4091.00946 4113.9594299 7579.54311448295 2.7526142597198486
188 4091.00946 4115.488948433334 7517.763228028105 2.7664051055908203
189 4091.00946 4106.7569416 4214.211833779459 2.7804431915283203
190 4091.00946 4105.758402799999 4120.45248479653 2.7935760021209717
191 4091.00946 4109.652695433333 4992.5715033687975 2.807394027709961
192 4091.00946 4102.800563333333 3053.625658591857 2.821768045425415
193 4091.00946 4104.871259866667 4436.636879762046 2.836247205734253
194 4091.00946 4107.058471733333 5519.189611848144 2.851844072341919
195 4091.00946 4108.158705033333 4421.806195051897 2.8662960529327393
196 4091.00946 4108.738373466666 5039.904919859455 2.881531238555908
197 4091.00946 4109.514233166667 5723.266863627997 2.896156072616577
198 4091.00946 4112.388954833333 6194.437507000383 2.9101881980895996
199 4091.00946 4110.2273940000005 6102.661960388452 2.925272226333618
200 4091.00946 4115.689331333334 7573.740527172887 2.9403440952301025
201 4091.00946 4105.048664100001 3879.293104756688 2.9552011489868164
202 4091.00946 4108.996169366667 5198.8027630206325 2.9702091217041016
203 4091.00946 4114.5507531 6557.336610900594 2.9843971729278564
204 4091.00946 4112.468109066666 6910.047169438681 2.9982919692993164
205 4091.00946 4111.981917566666 6520.596389511068 3.01253604888916
206 4091.00946 4113.3949688 7684.357220060077 3.0274810791015625
207 4091.00946 4108.048464666667 5046.026829154315 3.041862964630127
208 4091.00946 4104.853925866666 3940.9892413954476 3.056368112564087
209 4091.00946 4103.7016867 3949.7749530733495 3.0702691078186035
210 4091.00946 4109.7849863 6177.468948394827 3.0843052864074707
211 4091.00946 4112.782261666666 6243.1348597428205 3.098116159439087
212 4091.00946 4112.1180231 5809.791660197264 3.1120240688323975
213 4091.00946 4106.111387333333 4889.067224800949 3.126230001449585
214 4091.00946 4103.050334 3205.171066145158 3.1401469707489014
215 4091.00946 4105.949449433334 4126.887936028302 3.1540820598602295
216 4091.00946 4104.6504835999995 3958.487743762202 3.1686580181121826
217 4091.00946 4105.901773566667 4065.494004678391 3.1831328868865967
218 4091.00946 4104.504214433334 3666.5250048480198 3.19692325592041
219 4091.00946 4113.5184852 6093.1213521967 3.2103970050811768
220 4091.00946 4113.255692199999 6425.4773013549775 3.223875045776367
221 4091.00946 4109.461075066666 6331.160809553753 3.237455129623413
222 4091.00946 4109.8374324666665 5843.279147184472 3.251373052597046
223 4091.00946 4111.464629466667 5772.677888835633 3.264786958694458
224 4091.00946 4110.468796066667 5341.375943117718 3.2786149978637695
225 4091.00946 4107.7907055 4601.823149196813 3.2923901081085205
226 4091.00946 4107.358098933333 4452.506118620353 3.305708169937134
227 4091.00946 4109.3594587 5488.274394913919 3.319359064102173
228 4091.00946 4110.625775866667 6398.5454044799735 3.3334059715270996
229 4091.00946 4112.736443966667 6433.441968559601 3.348267078399658
230 4091.00946 4108.245639933334 5586.087306646209 3.3634541034698486
231 4091.00946 4109.005814433333 6283.207734446225 3.3769779205322266
232 4091.00946 4108.751692566667 5396.994214951164 3.392226219177246
233 4091.00946 4105.202485166667 3658.391905360563 3.406687021255493
234 4091.00946 4104.8077275333335 3249.4210122765435 3.421787977218628
235 4091.00946 4107.850884400001 4348.501555112231 3.4362471103668213
236 4091.00946 4107.028652733334 3761.042734221397 3.4509880542755127
237 4091.00946 4103.614015566667 3165.2500804393503 3.4654111862182617
238 4091.00946 4109.261624266666 5832.386013483585 3.4798991680145264
239 4091.00946 4110.594417233334 6375.67080282541 3.493934154510498
240 4091.00946 4116.127375266667 7548.206923399411 3.5084002017974854
241 4091.00946 4116.7019691666665 8155.956683907787 3.523206949234009
242 4091.00946 4115.370447033333 6676.283696622444 3.5380799770355225
243 4091.00946 4120.7213415666665 9325.630409642377 3.552381992340088
244 4091.00946 4118.928610966666 7941.510165858194 3.567152261734009
245 4091.00946 4110.503901633333 5642.922076206544 3.5819270610809326
246 4091.00946 4111.813859633333 6043.738087774956 3.5971012115478516
247 4091.00946 4111.6791932666665 6016.960051048639 3.6117501258850098
248 4091.00946 4113.632839466667 6828.877086895066 3.6258580684661865
249 4091.00946 4112.919369066666 7478.674617045449 3.6400070190429688
4091.00946 3.6539831161499023
3
0 63424.56132 77884.2298853 19199966.24590798 0.02921581268310547
1 21091.48912 74156.75716533333 40685093.6476344 0.07298493385314941
2 9979.01783 61979.453789499996 319982328.4496336 0.1068410873413086
3 6158.9611 49754.422915166666 531473203.2436967 0.13695287704467773
4 4865.4594099999995 37905.761800533335 554814045.2296995 0.1614360809326172
5 4638.03659 30615.6245762 523993747.1408371 0.18294906616210938
6 4638.03659 24548.4236031 457868336.0838869 0.20310688018798828
7 4412.83601 19833.988463666665 344956631.9526934 0.2230360507965088
8 4281.13665 15835.478356033334 267018497.29813045 0.24165701866149902
9 4281.13665 12841.500585866666 193350901.9906019 0.2583479881286621
10 4136.05767 10584.347337199999 147510623.33203465 0.2746431827545166
11 4136.05767 9328.890095766668 127826990.4767957 0.29018616676330566
12 4136.05767 8102.181917500001 87613105.52877541 0.30562400817871094
13 4136.05767 6710.7200004666665 55649736.82617139 0.3203868865966797
14 4136.05767 6187.3228077 40520571.539793804 0.33452701568603516
15 4091.00946 5862.132479700001 33820819.82427566 0.3488302230834961
16 4091.00946 5363.154398000001 19131822.571819372 0.364238977432251
17 4091.00946 5101.366737966667 15961948.760958537 0.3785970211029053
18 4091.00946 4909.612304000001 13805650.082575085 0.39383482933044434
19 4091.00946 4691.419007633333 9295314.116269529 0.4083750247955322
20 4091.00946 4569.381448800001 6676247.921209286 0.4230690002441406
21 4091.00946 4490.6018675333335 5871739.861405814 0.43775200843811035
22 4091.00946 4400.653158433333 3881510.141449638 0.45244789123535156
23 4091.00946 4360.541414566667 3052414.173574886 0.4668440818786621
24 4091.00946 4335.469891033334 2907448.330515759 0.48096609115600586
25 4091.00946 4272.443728366667 2531216.407068826 0.4946260452270508
26 4091.00946 4257.700346600001 2496508.565227432 0.5081889629364014
27 4091.00946 4181.3215502 974198.983936079 0.5221009254455566
28 4091.00946 4133.041092400001 154483.7116547891 0.5369598865509033
29 4091.00946 4106.2434226 3801.5306735611584 0.5516419410705566
30 4091.00946 4108.816330833333 5174.296264091358 0.5665299892425537
31 4091.00946 4105.955920766666 4157.462175068204 0.5808558464050293
32 4091.00946 4107.465121866667 5461.056380241325 0.5952050685882568
33 4091.00946 4109.026088833334 6320.530852905949 0.6106879711151123
34 4091.00946 4109.327602333334 6331.3375781918085 0.6254711151123047
35 4091.00946 4107.9261971 4459.939239036609 0.6399519443511963
36 4091.00946 4106.7262181333335 4152.531608497827 0.6546111106872559
37 4091.00946 4108.811642266667 4591.8183781399275 0.6693971157073975
38 4091.00946 4106.9831398 3820.118697440278 0.6834850311279297
39 4091.00946 4110.9352316 5631.57714753773 0.6977691650390625
40 4091.00946 4108.3091996 4751.845828394309 0.7124929428100586
41 4091.00946 4115.6706662999995 7574.00864797761 0.7282969951629639
42 4091.00946 4109.198710633334 5054.506048480871 0.7435660362243652
43 4091.00946 4109.284661466667 4714.259078093227 0.7587680816650391
44 4091.00946 4114.606867766666 6948.542684681937 0.7735030651092529
45 4091.00946 4107.988426133334 4523.91042401572 0.7884089946746826
46 4091.00946 4107.808997666667 4920.623944523689 0.8031289577484131
47 4091.00946 4111.8519038 7870.395527083471 0.8171448707580566
48 4091.00946 4110.3684213 7333.245482490707 0.8315789699554443
49 4091.00946 4100.682496066666 2574.326399092379 0.8460991382598877
50 4091.00946 4103.996325666667 3900.189477292754 0.8605411052703857
51 4091.00946 4109.744255133333 4652.764101885062 0.8750901222229004
52 4091.00946 4109.1858059 4633.257883481114 0.8889100551605225
53 4091.00946 4104.240902933334 3043.895349282386 0.9026761054992676
54 4091.00946 4105.458741333333 3672.9021730404984 0.9171371459960938
55 4091.00946 4108.200653300001 5276.734170648315 0.9314379692077637
56 4091.00946 4109.789781133334 5760.681198525537 0.946181058883667
57 4091.00946 4112.078892166666 6191.600107554357 0.9603621959686279
58 4091.00946 4107.6281396 4766.839931162807 0.9745619297027588
59 4091.00946 4107.064598433333 4242.457047212639 0.9883511066436768
60 4091.00946 4102.721615066667 2636.4736253797428 1.0023231506347656
61 4091.00946 4105.017612333333 3453.879381697134 1.0163280963897705
62 4091.00946 4110.2689662 5226.89091317704 1.0303490161895752
63 4091.00946 4109.1521287666665 4621.496603908086 1.044503927230835
64 4091.00946 4110.281432033334 4696.292084282281 1.0585410594940186
65 4091.00946 4108.8014919 4728.619107188832 1.0720160007476807
66 4091.00946 4105.000629333334 3654.2389247655187 1.0859191417694092
67 4091.00946 4106.753743166668 4134.717723488457 1.1002779006958008
68 4091.00946 4106.554798966667 4248.53817202955 1.1148169040679932
69 4091.00946 4104.817671766667 3793.433980701905 1.1291601657867432
70 4091.00946 4103.9915013 4487.162773052825 1.1430418491363525
71 4091.00946 4100.061667933333 2566.836150575395 1.156639814376831
72 4091.00946 4099.4451048 2317.528738015797 1.1703100204467773
73 4091.00946 4104.6708368 3726.9711441405443 1.1842310428619385
74 4091.00946 4109.9263016 5400.939617505018 1.1977310180664062
75 4091.00946 4109.301645366668 5666.888104039374 1.2114231586456299
76 4091.00946 4111.576783033333 6146.6229987096585 1.2249670028686523
77 4091.00946 4108.013552066666 4581.949215131414 1.238450050354004
78 4091.00946 4105.3097997 3872.270237130154 1.2517201900482178
79 4091.00946 4102.0376465 2853.359792853088 1.2653510570526123
80 4091.00946 4104.207007133334 3757.7676722629144 1.2787740230560303
81 4091.00946 4106.152399133333 4402.524243542731 1.2935030460357666
82 4091.00946 4108.516337566668 5557.90778416746 1.3078970909118652
83 4091.00946 4114.730123366667 9140.71317023411 1.3226451873779297
84 4091.00946 4109.679388500001 6068.993188532434 1.3382019996643066
85 4091.00946 4108.140663800001 5185.408956743054 1.3527231216430664
86 4091.00946 4112.645248633334 6125.493093661318 1.3673958778381348
87 4091.00946 4110.675550733333 5135.621870345448 1.3815782070159912
88 4091.00946 4109.349639566666 4511.846891515173 1.3965458869934082
89 4091.00946 4104.525483166667 3469.2665839942633 1.4107580184936523
90 4091.00946 4106.0768763666665 3997.8473466538985 1.426292896270752
91 4091.00946 4105.823805366666 4196.235423984443 1.44107985496521
92 4091.00946 4104.488523833334 3398.876310768881 1.455286979675293
93 4091.00946 4108.3864716 4335.872656674727 1.4693548679351807
94 4091.00946 4101.6019914 2333.6348805786133 1.4831898212432861
95 4091.00946 4100.279087533334 2586.041937695925 1.4970650672912598
96 4091.00946 4103.187681966667 3418.8828726660795 1.5116729736328125
97 4091.00946 4102.940078866667 3403.7029582247474 1.5262501239776611
98 4091.00946 4106.138525966667 4736.134316651902 1.5406088829040527
99 4091.00946 4103.760180266667 4368.721198785018 1.5545499324798584
100 4091.00946 4103.012787300001 3460.6571296156153 1.570030927658081
101 4091.00946 4104.232324466667 3338.850809809855 1.5893239974975586
102 4091.00946 4112.370327166666 5701.069929829296 1.6040208339691162
103 4091.00946 4108.710708466668 5234.779304283688 1.618021011352539
104 4091.00946 4109.8282407 6039.6872317524685 1.6338798999786377
105 4091.00946 4107.618314666666 5189.018337310554 1.6484158039093018
106 4091.00946 4110.085512333334 5262.6425069779525 1.6636838912963867
107 4091.00946 4109.1424776 4962.6797550326155 1.6779890060424805
108 4091.00946 4103.9464692 3438.877994932139 1.692044973373413
109 4091.00946 4107.5344053 4439.828996888311 1.7072060108184814
110 4091.00946 4109.076252433334 4673.560438017527 1.7221081256866455
111 4091.00946 4107.8610387 4587.3017000006985 1.7368109226226807
112 4091.00946 4109.447505133334 5294.735237655457 1.7514488697052002
113 4091.00946 4105.818788233333 4248.330020316468 1.7670619487762451
114 4091.00946 4104.998582566667 3665.436287814616 1.7817518711090088
115 4091.00946 4106.074483533334 4256.662265365771 1.7966680526733398
116 4091.00946 4107.8887281 4623.221908822471 1.810953140258789
117 4091.00946 4111.3392099 7562.888595663613 1.825551986694336
118 4091.00946 4105.1888656 4489.778614689378 1.8401679992675781
119 4091.00946 4106.528316733335 5064.858231529818 1.855247974395752
120 4091.00946 4106.363324333333 4825.830923115857 1.8691620826721191
121 4091.00946 4108.3115921 5068.829979330327 1.8837130069732666
122 4091.00946 4106.2299108333345 4685.556935291549 1.8980472087860107
123 4091.00946 4109.514146133334 6164.242156152497 1.911850929260254
124 4091.00946 4104.586110033333 4257.686548369102 1.9254958629608154
125 4091.00946 4112.629982233333 6921.476141402372 1.9393620491027832
126 4091.00946 4113.616567633333 7446.163472520049 1.9532980918884277
127 4091.00946 4110.504434833333 5983.073461692394 1.9676141738891602
128 4091.00946 4114.867448533333 7227.806496247366 1.9823498725891113
129 4091.00946 4111.960553733333 6340.459697247247 1.996290922164917
130 4091.00946 4108.097262633333 4625.601465794153 2.010019063949585
131 4091.00946 4104.751616233334 3709.1795400640212 2.02396297454834
132 4091.00946 4101.6525769 2880.1894974264815 2.0375771522521973
133 4091.00946 4107.0150374 5113.8334342208245 2.0513429641723633
134 4091.00946 4113.5303678 7119.297483734776 2.065031051635742
135 4091.00946 4113.0891311333335 7510.162760626248 2.078636884689331
136 4091.00946 4108.062409733334 5625.252014540765 2.0926060676574707
137 4091.00946 4111.094242766667 6102.966182119739 2.106304883956909
138 4091.00946 4109.232823933334 6005.863046070849 2.120265007019043
139 4091.00946 4106.9745278 4804.8510957981425 2.134186029434204
140 4091.00946 4103.8025643 3182.770613246482 2.1481828689575195
141 4091.00946 4107.439953466666 4958.565428318768 2.1617681980133057
142 4091.00946 4109.985339533334 5465.712366492489 2.1757380962371826
143 4091.00946 4107.633672633333 4849.614752596499 2.1898767948150635
144 4091.00946 4113.172441466667 6228.628443383015 2.203465223312378
145 4091.00946 4121.8783984 9148.153570695607 2.2172651290893555
146 4091.00946 4117.303079533333 9390.048811493385 2.2315139770507812
147 4091.00946 4116.100435533333 8920.402880529487 2.24605393409729
148 4091.00946 4109.333159600001 7236.061158131758 2.2601308822631836
149 4091.00946 4112.118506666667 7687.34235092182 2.273970127105713
150 4091.00946 4108.4254074 6245.581740376018 2.287825107574463
151 4091.00946 4113.553770133334 9563.7088897725 2.301593065261841
152 4091.00946 4111.729956866668 7286.371012163254 2.3160579204559326
153 4091.00946 4113.030580533333 9093.811624319964 2.330167055130005
154 4091.00946 4110.512637966666 5922.134977990383 2.3447511196136475
155 4091.00946 4110.1652644333335 5651.4004543418205 2.359131097793579
156 4091.00946 4108.943571333333 5783.482593099804 2.373414993286133
157 4091.00946 4105.439011266667 3929.980151991977 2.387831926345825
158 4091.00946 4102.070681266667 2954.969702191331 2.40232515335083
159 4091.00946 4102.274089333334 3449.530003923835 2.4170620441436768
160 4091.00946 4103.796438 3976.2650311875313 2.4318370819091797
161 4091.00946 4105.1437444 4225.364113749357 2.446312189102173
162 4091.00946 4103.6574925 3631.927314899588 2.460628032684326
163 4091.00946 4109.6004349 5981.1560897547615 2.474910020828247
164 4091.00946 4106.185589066667 4195.768576157181 2.4893460273742676
165 4091.00946 4104.5512745333335 3311.928777072159 2.5038371086120605
166 4091.00946 4109.881160966667 5148.292162800128 2.518193006515503
167 4091.00946 4112.903324366666 6483.357574994915 2.5325119495391846
168 4091.00946 4113.2412539666675 7022.446624621699 2.5468549728393555
169 4091.00946 4113.5373137 7356.701917207514 2.5608460903167725
170 4091.00946 4113.015598 5996.545427709262 2.574949026107788
171 4091.00946 4111.372467100001 6194.206712292246 2.5887231826782227
172 4091.00946 4107.743879133333 4671.433076559515 2.602652072906494
173 4091.00946 4103.6506237 3667.050227756153 2.616899013519287
174 4091.00946 4104.641842633334 3833.2720419316047 2.630892038345337
175 4091.00946 4105.952826233334 3619.399919443992 2.6449310779571533
176 4091.00946 4102.148249766667 2680.4016231305245 2.6594700813293457
177 4091.00946 4104.414626333333 4037.82951415443 2.67435884475708
178 4091.00946 4105.419575166667 3536.3574184438694 2.688736915588379
179 4091.00946 4107.423955266667 4120.902053625086 2.7029590606689453
180 4091.00946 4106.656597733333 5283.896230335321 2.716564178466797
181 4091.00946 4109.911019133333 5480.875813858212 2.73061203956604
182 4091.00946 4106.9583148 4312.604121930453 2.744633913040161
183 4091.00946 4109.075659900001 6218.26078516611 2.75931715965271
184 4091.00946 4109.138807633333 5444.891255997087 2.7740728855133057
185 4091.00946 4107.759970666667 5600.925115253186 2.7883849143981934
186 4091.00946 4112.4747473666675 7213.918212244078 2.8030989170074463
187 4091.00946 4109.963012666666 6409.366572155784 2.8172080516815186
188 4091.00946 4104.3415082 3674.8551157844254 2.8315889835357666
189 4091.00946 4111.397447400001 6859.222932737462 2.845763921737671
190 4091.00946 4108.969425833334 6195.364580374452 2.8602840900421143
191 4091.00946 4109.768064033333 6371.356429712945 2.8753271102905273
192 4091.00946 4103.825678566666 4148.465781505676 2.8900580406188965
193 4091.00946 4104.164924766666 4899.3536116696 2.9044299125671387
194 4091.00946 4107.187138166667 5016.556299735541 2.918498992919922
195 4091.00946 4106.2554552 4582.122107121111 2.932157039642334
196 4091.00946 4110.4465784 6392.675003862951 2.9457709789276123
197 4091.00946 4105.422141399999 4046.7182390850317 2.9599809646606445
198 4091.00946 4106.3782098 4046.085783082826 2.9743499755859375
199 4091.00946 4104.994727166667 3597.8526727913345 2.9881701469421387
200 4091.00946 4104.666120466667 4208.374431533814 3.0018789768218994
201 4091.00946 4110.147417033333 5888.012409333934 3.015726089477539
202 4091.00946 4104.5325717666665 4312.439405888127 3.030134916305542
203 4091.00946 4108.1639308 5792.642675772237 3.044788122177124
204 4091.00946 4106.911877033333 4487.849963104668 3.058739185333252
205 4091.00946 4111.790679199999 7594.439324811745 3.0727269649505615
206 4091.00946 4107.6706908666665 5698.494645487222 3.0865108966827393
207 4091.00946 4103.218192366668 4051.1484502679614 3.100478172302246
208 4091.00946 4103.7753731 4296.3157924439 3.114335060119629
209 4091.00946 4107.863022733334 5356.341262189971 3.1284070014953613
210 4091.00946 4108.6022298 4664.983173299311 3.142326831817627
211 4091.00946 4107.858838333334 4567.5641319588785 3.156031847000122
212 4091.00946 4105.415133866666 4407.578974631347 3.170146942138672
213 4091.00946 4105.440159566666 4490.388873368081 3.1840789318084717
214 4091.00946 4106.8206203 4869.451951246728 3.1979141235351562
215 4091.00946 4106.4831724666665 6171.352668922027 3.2120730876922607
216 4091.00946 4112.941804033334 8674.100968473556 3.225778102874756
217 4091.00946 4109.585644666668 7922.172876773747 3.2393879890441895
218 4091.00946 4104.864371466666 5831.110986992718 3.2558770179748535
219 4091.00946 4107.151067233333 6583.824348636702 3.275498151779175
220 4091.00946 4107.641890533334 7092.572941827278 3.2903709411621094
221 4091.00946 4106.616190199999 7609.883130117906 3.3050379753112793
222 4091.00946 4108.829406133334 6307.56074425856 3.3196280002593994
223 4091.00946 4112.460893366667 7666.399948207593 3.3336899280548096
224 4091.00946 4112.307876466667 6696.363179095868 3.3473150730133057
225 4091.00946 4107.4622384 4540.573703129477 3.3610551357269287
226 4091.00946 4106.196278699999 4295.295468556083 3.3755428791046143
227 4091.00946 4104.526220833334 3770.2635994130064 3.3949220180511475
228 4091.00946 4106.696974766666 4465.347521323563 3.410046100616455
229 4091.00946 4107.305968866666 4171.698285861664 3.4246151447296143
230 4091.00946 4106.4906992333335 4268.063327275667 3.4395220279693604
231 4091.00946 4113.236616966667 6205.990102151572 3.4544920921325684
232 4091.00946 4113.977915400001 7057.782907998018 3.469447135925293
233 4091.00946 4115.1102891 7386.244856799735 3.4839468002319336
234 4091.00946 4111.678611733334 6715.602628755137 3.4982900619506836
235 4091.00946 4112.702232899999 7875.906058833646 3.5128579139709473
236 4091.00946 4108.632412133334 5911.749762590371 3.527259111404419
237 4091.00946 4107.117413266666 5067.869971459222 3.541428804397583
238 4091.00946 4115.655390366666 7265.08354924501 3.5553481578826904
239 4091.00946 4113.095933066667 7257.844491894238 3.5698320865631104
240 4091.00946 4107.172993266667 4805.453536150733 3.5841498374938965
241 4091.00946 4106.963189433333 5182.349931077568 3.598565101623535
242 4091.00946 4108.872527066666 5535.178215908665 3.61220383644104
243 4091.00946 4107.0555639 4716.664837725263 3.6259350776672363
244 4091.00946 4114.499244133333 7083.226296300905 3.640069007873535
245 4091.00946 4114.372917733333 7017.031463860211 3.654090166091919
246 4091.00946 4112.7286318666675 6818.347369464802 3.667423963546753
247 4091.00946 4110.251308333333 5349.887597828593 3.6812241077423096
248 4091.00946 4108.5037391333335 4851.555391103701 3.6948251724243164
249 4091.00946 4109.404622666667 5393.131755998943 3.708178997039795
4091.00946 3.721514940261841
