MQ2
250 4028.32573
1
0 59493.60335 70711.03111696668 16963619.286876842 0.02832794189453125
1 22552.773960000002 67860.71675963333 26065652.296041146 0.07191991806030273
2 9238.325130000001 56142.04234390001 259993281.06897175 0.1052248477935791
3 5977.78256 44568.4953765 476092655.66530824 0.13306784629821777
4 4952.355460000001 35794.448838133336 512526576.33473104 0.1566789150238037
5 4652.596229999999 28215.697560900004 469196307.2679989 0.17722487449645996
6 4471.05836 22580.861213166667 397952205.93420196 0.19638395309448242
7 4471.05836 17922.49066923333 333848227.1943621 0.21402597427368164
8 4223.53059 13932.7145278 210234530.89396006 0.2303938865661621
9 4223.53059 11193.7224506 134468006.18034893 0.2462308406829834
10 4128.90501 9141.4755572 90392502.14189845 0.26116490364074707
11 4118.92058 7710.878597000001 64878038.63360727 0.27570295333862305
12 4118.92058 6980.828560933333 56485459.24725137 0.2901618480682373
13 4118.92058 6463.293037166667 48379522.32784841 0.3047327995300293
14 4118.92058 6137.0972053666665 43876863.28112343 0.3192920684814453
15 4118.92058 5730.304931466666 32579478.766618557 0.3333249092102051
16 4118.92058 5114.212122333332 16339503.031032085 0.3471977710723877
17 4118.92058 4966.196585733333 14774577.841532726 0.3612048625946045
18 4118.92058 4848.786545066666 12270135.830183472 0.3750438690185547
19 4118.92058 4751.615547466666 11070720.48214539 0.3886268138885498
20 4073.67686 4612.141605366665 8752506.483187865 0.4024360179901123
21 4073.67686 4544.510257399999 8434239.876695195 0.4168839454650879
22 4028.3257299999996 4483.065507466666 8151893.948790611 0.4308037757873535
23 4028.3257299999996 4415.245590899999 7675334.992481346 0.44527506828308105
24 4028.3257299999996 4377.8360722 7592623.990248516 0.45911478996276855
25 4028.3257299999996 4371.667232 7573430.459595248 0.47314977645874023
26 4028.3257299999996 4320.297019933332 6763247.426785956 0.48755979537963867
27 4028.3257299999996 4083.2812369333333 55598.99830751866 0.5014660358428955
28 4028.3257299999996 4065.4307414 9798.08197425329 0.5150868892669678
29 4028.3257299999996 4068.003259566666 11271.489148290146 0.5290019512176514
30 4028.3257299999996 4064.6130202333334 11232.587600893803 0.5425899028778076
31 4028.3257299999996 4061.7756943999993 10342.287186421965 0.5559849739074707
32 4028.3257299999996 4059.1228352999997 9984.256106351797 0.569242000579834
33 4028.3257299999996 4058.091027599999 8503.341083740677 0.582953929901123
34 4028.3257299999996 4055.875813566666 8454.934399807513 0.5967209339141846
35 4028.3257299999996 4047.0448497999996 5809.394033676105 0.6105329990386963
36 4028.3257299999996 4047.6285947999995 6765.748995826571 0.624924898147583
37 4028.3257299999996 4045.340181866667 5417.98250625033 0.6392269134521484
38 4028.3257299999996 4045.4540439999996 5177.618004644628 0.6533811092376709
39 4028.3257299999996 4043.061890633333 4665.741263030628 0.6671338081359863
40 4028.3257299999996 4044.2803003000004 4789.358684357904 0.6808171272277832
41 4028.3257299999996 4036.8474347666665 2411.140266588339 0.6945610046386719
42 4028.3257299999996 4037.758350933333 2460.909481337227 0.7081749439239502
43 4028.3257299999996 4043.9865115333323 4598.176407833132 0.721580982208252
44 4028.3257299999996 4040.431877566666 3527.032241003912 0.735245943069458
45 4028.3257299999996 4042.074946833334 3816.0253996436063 0.7487280368804932
46 4028.3257299999996 4046.657576499999 5116.159288337766 0.762152910232544
47 4028.3257299999996 4044.1384955333338 4462.202656540171 0.7758760452270508
48 4028.3257299999996 4040.7412180666665 3310.3562753320966 0.789607048034668
49 4028.3257299999996 4043.5155767666665 4122.849576453621 0.8032469749450684
50 4028.3257299999996 4041.644212766666 2849.602547473424 0.8168718814849854
51 4028.3257299999996 4046.204399333333 6116.793978084393 0.8306279182434082
52 4028.3257299999996 4047.376088366667 5827.429543710406 0.844714879989624
53 4028.3257299999996 4043.8500811 4208.084012085655 0.8588850498199463
54 4028.3257299999996 4042.1962669333334 3052.484904666207 0.8729479312896729
55 4028.3257299999996 4038.0500772999994 2608.465948484909 0.8866229057312012
56 4028.3257299999996 4039.9330872666665 3372.0343664557035 0.900378942489624
57 4028.3257299999996 4036.7497759333332 2122.6636386562054 0.9141297340393066
58 4028.3257299999996 4044.4829265333333 5468.31707066928 0.9276080131530762
59 4028.3257299999996 4042.566750666667 5115.169078654611 0.9410710334777832
60 4028.3257299999996 4038.1456030999993 3607.961947870633 0.954571008682251
61 4028.3257299999996 4038.533297633333 3695.8449565742567 0.967972993850708
62 4028.3257299999996 4041.8363512333326 4873.058583849017 0.981389045715332
63 4028.3257299999996 4046.1741644666663 5685.530889375498 0.9948179721832275
64 4028.3257299999996 4045.9363026333335 5810.978990805404 1.0081138610839844
65 4028.3257299999996 4046.038255566666 5570.950943175444 1.021615982055664
66 4028.3257299999996 4040.3184447 3450.277814959823 1.0350041389465332
67 4028.3257299999996 4045.300239799999 6094.802363741197 1.04830002784729
68 4028.3257299999996 4045.7186234 5617.758822124326 1.0622828006744385
69 4028.3257299999996 4047.195125933333 6212.516608880978 1.0757088661193848
70 4028.3257299999996 4043.4290051666662 4669.547493761109 1.0890638828277588
71 4028.3257299999996 4042.9288099333326 4162.487691021326 1.1033859252929688
72 4028.3257299999996 4043.014183133333 3819.6885493172285 1.117969036102295
73 4028.3257299999996 4041.4124259333335 3475.676198592719 1.1325900554656982
74 4028.3257299999996 4045.2198332 5349.900068983744 1.1471531391143799
75 4028.3257299999996 4045.0157595999995 5019.4513065600895 1.1608328819274902
76 4028.3257299999996 4043.457190666666 4388.108229419645 1.1744019985198975
77 4028.3257299999996 4044.2296125333337 4864.439144942642 1.1883089542388916
78 4028.3257299999996 4044.056953533333 5550.997743888731 1.2019598484039307
79 4028.3257299999996 4042.4387203999995 3715.2604167258582 1.2152979373931885
80 4028.3257299999996 4044.2696690999996 4192.272183258352 1.2291488647460938
81 4028.3257299999996 4042.071274966666 4398.461160396096 1.242825984954834
82 4028.3257299999996 4045.4887777666668 5051.432270437106 1.2563908100128174
83 4028.3257299999996 4046.047591666666 5299.54230646288 1.2707908153533936
84 4028.3257299999996 4040.0440890333334 2798.7062804260454 1.284524917602539
85 4028.3257299999996 4041.2193552999997 4354.18485238832 1.2983200550079346
86 4028.3257299999996 4045.9768487333326 4897.659814512938 1.3121378421783447
87 4028.3257299999996 4042.4767067 3693.438079415123 1.3258898258209229
88 4028.3257299999996 4037.6465852333336 2310.4996863303404 1.3395459651947021
89 4028.3257299999996 4039.262820933333 2833.5857105030245 1.3534550666809082
90 4028.3257299999996 4040.011010833333 2935.492739234742 1.367384910583496
91 4028.3257299999996 4041.6783235 3414.5468787508808 1.381019115447998
92 4028.3257299999996 4045.5522589999996 4908.7916861599215 1.3950350284576416
93 4028.3257299999996 4044.337513266667 4304.835130966607 1.4086780548095703
94 4028.3257299999996 4044.6286622 4971.832575054709 1.4224059581756592
95 4028.3257299999996 4040.6233615999995 3666.204778138761 1.436234951019287
96 4028.3257299999996 4043.776664566666 4479.88324768847 1.4501659870147705
97 4028.3257299999996 4045.9148789666665 6027.214604133796 1.4635660648345947
98 4028.3257299999996 4045.239267666666 5017.593228303068 1.4774010181427002
99 4028.3257299999996 4049.059421366666 6364.163111941849 1.4911978244781494
100 4028.3257299999996 4049.5491630666666 6846.353914458727 1.504753828048706
101 4028.3257299999996 4048.575840533333 6563.467202092134 1.5182688236236572
102 4028.3257299999996 4045.086581366667 4702.017946739436 1.5317409038543701
103 4028.3257299999996 4045.0532811666667 4441.905253956384 1.545597791671753
104 4028.3257299999996 4044.0988224999996 3774.0795180664213 1.5597569942474365
105 4028.3257299999996 4044.416593733333 4037.7394251845662 1.573396921157837
106 4028.3257299999996 4041.4380751666667 2833.5201471947234 1.587007999420166
107 4028.3257299999996 4038.229221433334 2320.9213791561015 1.6006429195404053
108 4028.3257299999996 4037.9927339333326 2255.7426689489216 1.6144309043884277
109 4028.3257299999996 4042.5873550999995 4433.25730331467 1.6281859874725342
110 4028.3257299999996 4043.8818368666666 4644.4380248762845 1.6424927711486816
111 4028.3257299999996 4044.451295233333 5467.663995750686 1.6563050746917725
112 4028.3257299999996 4046.6519842999996 6072.191264553136 1.669980764389038
113 4028.3257299999996 4039.4831145666662 3984.445067990991 1.6838040351867676
114 4028.3257299999996 4048.3618146333333 6931.497879161052 1.69730806350708
115 4028.3257299999996 4041.510312633333 4137.855138084673 1.7107517719268799
116 4028.3257299999996 4046.971837633333 7046.307573431681 1.7243597507476807
117 4028.3257299999996 4042.533652766667 4768.605204036183 1.7381291389465332
118 4028.3257299999996 4041.7430828333327 4832.413257242815 1.7517728805541992
119 4028.3257299999996 4044.6149803333333 4617.273452431043 1.7658050060272217
120 4028.3257299999996 4046.5998319333326 5429.178102034712 1.7795729637145996
121 4028.3257299999996 4044.1206046333336 5264.490359080091 1.7932069301605225
122 4028.3257299999996 4045.7893592666665 5903.25209095165 1.8067989349365234
123 4028.3257299999996 4043.016913399999 5239.825334054542 1.8202941417694092
124 4028.3257299999996 4045.1148648 5218.584797857189 1.8341097831726074
125 4028.3257299999996 4043.8992605999997 4382.426833286704 1.8485181331634521
126 4028.3257299999996 4040.0106625666654 3030.563246162035 1.8627088069915771
127 4028.3257299999996 4038.169258 2785.4361510318536 1.876680850982666
128 4028.3257299999996 4043.9519187333335 4531.806715235969 1.8906500339508057
129 4028.3257299999996 4043.9225829666666 4851.180012453075 1.9044408798217773
130 4028.3257299999996 4043.4258698 4070.7924111690077 1.9183590412139893
131 4028.3257299999996 4039.3964727 3518.4412410202854 1.9325339794158936
132 4028.3257299999996 4045.389267633333 5728.906100050976 1.9464890956878662
133 4028.3257299999996 4049.2477266999995 6130.12674201304 1.9603469371795654
134 4028.3257299999996 4045.8867973999995 4942.398155827524 1.973895788192749
135 4028.3257299999996 4040.949589466667 3383.3910064989454 1.987414836883545
136 4028.3257299999996 4040.2820437999994 3260.4262948340315 2.0012898445129395
137 4028.3257299999996 4042.303970333333 4716.92848110591 2.0158088207244873
138 4028.3257299999996 4041.841043799999 4230.240960595153 2.029989004135132
139 4028.3257299999996 4042.3672893666662 4501.462609554894 2.0445408821105957
140 4028.3257299999996 4041.8095127666666 4177.424343233153 2.0588319301605225
141 4028.3257299999996 4041.2583436333325 4359.480901169116 2.0727007389068604
142 4028.3257299999996 4047.396086 6545.971565995645 2.086397886276245
143 4028.3257299999996 4046.1366126 5428.195513705571 2.1008670330047607
144 4028.3257299999996 4042.0210884333333 4099.914956950326 2.1145668029785156
145 4028.3257299999996 4038.945157433333 3784.9965185547358 2.1284189224243164
146 4028.3257299999996 4040.7926754 3718.5972387000306 2.143359899520874
147 4028.3257299999996 4049.1045618999997 6257.854995834697 2.1575160026550293
148 4028.3257299999996 4052.1143444333334 7015.553789064176 2.171327829360962
149 4028.3257299999996 4040.6893859333327 3141.100815490122 2.1856629848480225
150 4028.3257299999996 4042.599469266666 4133.611108081602 2.200300931930542
151 4028.3257299999996 4045.3765812999986 4352.365069133386 2.2149980068206787
152 4028.3257299999996 4044.442797666666 3995.7376549006176 2.2296619415283203
153 4028.3257299999996 4040.054699166666 2700.7140524751276 2.244014024734497
154 4028.3257299999996 4042.3739980666664 4328.217214497232 2.2582850456237793
155 4028.3257299999996 4041.1424259333335 3670.502455384556 2.2726540565490723
156 4028.3257299999996 4035.7306553666667 2186.74859251619 2.286320924758911
157 4028.3257299999996 4039.8991406 3185.363165574221 2.3005919456481934
158 4028.3257299999996 4039.1426813 2445.737626258194 2.31483793258667
159 4028.3257299999996 4038.513881233333 2184.092268435873 2.329131841659546
160 4028.3257299999996 4039.406753199999 2366.6325893345397 2.3429019451141357
161 4028.3257299999996 4039.4246792999998 2209.2275744545163 2.356733798980713
162 4028.3257299999996 4039.8067773 2550.3185548131237 2.371100902557373
163 4028.3257299999996 4045.911924 5869.527319321264 2.385340929031372
164 4028.3257299999996 4046.2505414333327 6058.189929737083 2.3993630409240723
165 4028.3257299999996 4046.8396065999996 6000.773204112866 2.4130699634552
166 4028.3257299999996 4047.1602795000003 5893.471554814313 2.4273247718811035
167 4028.3257299999996 4047.3497668 4960.626002570865 2.442044734954834
168 4028.3257299999996 4044.9090734666665 4213.461998859989 2.456117868423462
169 4028.3257299999996 4047.235389066667 5111.381432690476 2.470082998275757
170 4028.3257299999996 4043.235338466667 3636.95620766478 2.4840281009674072
171 4028.3257299999996 4043.6058065999996 4688.228981373861 2.498042106628418
172 4028.3257299999996 4039.0749966999997 3507.936435524741 2.5117568969726562
173 4028.3257299999996 4035.0731540999996 1473.2613099901719 2.525381088256836
174 4028.3257299999996 4036.7407746666663 2549.094691425339 2.539062976837158
175 4028.3257299999996 4034.8479795333324 1512.8512381659164 2.5536208152770996
176 4028.3257299999996 4035.432943133333 1962.9055006610683 2.5679640769958496
177 4028.3257299999996 4038.113275933333 2282.314816906699 2.5821170806884766
178 4028.3257299999996 4041.293934233333 4177.559006791943 2.5959200859069824
179 4028.3257299999996 4042.404294066667 4685.73641508714 2.6099979877471924
180 4028.3257299999996 4039.076763033333 3049.3697681848357 2.623933792114258
181 4028.3257299999996 4044.659095133333 5285.039756096513 2.6374151706695557
182 4028.3257299999996 4042.811069333333 3833.764472626197 2.6512818336486816
183 4028.3257299999996 4042.4798568333326 3706.1717262068887 2.664822816848755
184 4028.3257299999996 4041.5812416666668 4356.127329149347 2.6784379482269287
185 4028.3257299999996 4035.5513798999996 1613.965877993913 2.692436933517456
186 4028.3257299999996 4038.4849856333326 2236.7319664060715 2.7060110569000244
187 4028.3257299999996 4038.4509846999995 2872.5107469981263 2.7194409370422363
188 4028.3257299999996 4045.9421627999996 6085.672672309658 2.733268976211548
189 4028.3257299999996 4045.9615547666667 5182.953124881243 2.747075080871582
190 4028.3257299999996 4042.4603111999995 4184.364696164311 2.760800838470459
191 4028.3257299999996 4039.9580344666665 3405.923003046489 2.774570941925049
192 4028.3257299999996 4040.662662433333 4135.242195470546 2.788198947906494
193 4028.3257299999996 4043.3523655000004 5077.572337532451 2.801910877227783
194 4028.3257299999996 4039.834076933333 3022.6894015446987 2.8159730434417725
195 4028.3257299999996 4036.4967552999997 1532.9693433596158 2.8299970626831055
196 4028.3257299999996 4037.315119066666 2196.955573360611 2.8441720008850098
197 4028.3257299999996 4038.6007480999997 2564.660668608023 2.8587167263031006
198 4028.3257299999996 4044.4883730666666 4694.1262989196675 2.873049020767212
199 4028.3257299999996 4042.953923033333 4402.78770683158 2.88759183883667
200 4028.3257299999996 4043.4210303999994 4712.871905667213 2.9020168781280518
201 4028.3257299999996 4043.904051233333 3975.341736502405 2.916059970855713
202 4028.3257299999996 4048.4714080999993 5755.061544874911 2.9298207759857178
203 4028.3257299999996 4044.225984033332 4621.585830551994 2.943563938140869
204 4028.3257299999996 4044.337326566667 4842.564185245421 2.9571728706359863
205 4028.3257299999996 4045.2572732999997 4831.425152355788 2.9709930419921875
206 4028.3257299999996 4045.771809933333 5207.027728440683 2.9847309589385986
207 4028.3257299999996 4046.5853838333333 5690.823430385584 2.998641014099121
208 4028.3257299999996 4045.300442466666 4912.742803026487 3.012241840362549
209 4028.3257299999996 4045.5926563999997 5482.991916298166 3.0262420177459717
210 4028.3257299999996 4047.5782003 6440.878044038942 3.039813995361328
211 4028.3257299999996 4038.6800857333333 2516.532719197913 3.053380012512207
212 4028.3257299999996 4038.5869238 2942.77645587306 3.067858934402466
213 4028.3257299999996 4041.329492033333 4097.143061265061 3.0821449756622314
214 4028.3257299999996 4042.5794147999995 3761.3601525384465 3.0970511436462402
215 4028.3257299999996 4044.1072054999995 4045.1516538508545 3.1122219562530518
216 4028.3257299999996 4039.8733678666667 2340.47838010814 3.126269817352295
217 4028.3257299999996 4042.3099021 4538.091101361419 3.139819860458374
218 4028.3257299999996 4045.704683466666 5979.302748157397 3.153960943222046
219 4028.3257299999996 4042.517884933333 4266.5893060768985 3.1680498123168945
220 4028.3257299999996 4039.7450708000006 3275.873947982384 3.1818339824676514
221 4028.3257299999996 4042.1172317333335 3425.895507079549 3.1957788467407227
222 4028.3257299999996 4043.2895904999996 4376.667546671779 3.209346055984497
223 4028.3257299999996 4036.3629135666665 1712.0854422034665 3.2233409881591797
224 4028.3257299999996 4033.7737982999997 996.7624997034801 3.2375028133392334
225 4028.3257299999996 4043.8115033666663 4656.11462341392 3.2523000240325928
226 4028.3257299999996 4048.265756633333 5734.815536110761 3.266558885574341
227 4028.3257299999996 4046.6301491333334 6049.038695577493 3.2821338176727295
228 4028.3257299999996 4047.3426227 6234.271113328545 3.2962238788604736
229 4028.3257299999996 4049.5720878333336 6077.824692901602 3.3098039627075195
230 4028.3257299999996 4045.0927859666663 4032.283365550773 3.323946952819824
231 4028.3257299999996 4045.9018740666666 4372.253166287067 3.3378069400787354
232 4028.3257299999996 4041.4246626333334 3624.631627954358 3.35155987739563
233 4028.3257299999996 4043.043069433333 4541.118915149624 3.3653810024261475
234 4028.3257299999996 4045.705688033333 6294.2617149670505 3.3796420097351074
235 4028.3257299999996 4050.5203546666667 7773.69649335194 3.393991708755493
236 4028.3257299999996 4045.708690833333 6419.1191577013005 3.408209800720215
237 4028.3257299999996 4047.7680846999997 7126.855779190664 3.421846866607666
238 4028.3257299999996 4051.7564908333325 7470.9105293114635 3.4355199337005615
239 4028.3257299999996 4045.5764311999997 5817.908632254248 3.449563980102539
240 4028.3257299999996 4041.909727866667 3615.3862157498984 3.4631218910217285
241 4028.3257299999996 4035.1191374333325 1453.303222149436 3.4768691062927246
242 4028.3257299999996 4037.2742272666665 1622.8780325253067 3.490755081176758
243 4028.3257299999996 4036.7660064333336 1716.3016620738913 3.5046539306640625
244 4028.3257299999996 4040.6664887 3429.1145550826277 3.518040895462036
245 4028.3257299999996 4044.0290502333332 5555.9917494456 3.532155990600586
246 4028.3257299999996 4041.9526410333333 5479.808273084339 3.5461108684539795
247 4028.3257299999996 4035.3908813333323 1874.2832320186876 3.5597119331359863
248 4028.3257299999996 4042.5912052999997 4564.945529243256 3.573643922805786
249 4028.3257299999996 4041.0554531666667 3801.658107175729 3.5880019664764404
4028.3257299999996 3.601989984512329
2
0 57980.33559 70987.15857146666 18582866.17960441 0.02886795997619629
1 22591.78605 67707.38951580001 32195821.72347859 0.07196807861328125
2 9950.857849999999 55973.20862713333 278014211.92345655 0.10469889640808105
3 5990.78488 46081.00980006667 444294775.5542169 0.1319868564605713
4 4844.59015 34722.338847666666 527032739.8889212 0.15498590469360352
5 4769.8933799999995 26696.198719166667 469394144.44354063 0.17667698860168457
6 4121.89236 21394.1196543 383292777.95083505 0.19579815864562988
7 4121.89236 17021.6969748 281479925.13815695 0.2133188247680664
8 4111.49613 13595.648534400001 207159521.6197969 0.23003005981445312
9 4111.49613 11988.2748767 177704543.6857249 0.24565792083740234
10 4111.49613 9255.358060566667 108187760.58032894 0.2610950469970703
11 4111.49613 7841.423371466668 75407854.70808871 0.2758769989013672
12 4111.49613 6996.428480166665 45945471.85033134 0.2898991107940674
13 4111.49613 6432.1299203 38877095.412953086 0.30415892601013184
14 4111.49613 5845.2282148333325 27978275.69125557 0.31891417503356934
15 4111.49613 5452.600450233333 18820422.95595285 0.3333110809326172
16 4111.49613 5063.780379233334 11523519.337196149 0.3473391532897949
17 4111.49613 4738.950179833334 6444957.100475668 0.3610351085662842
18 4111.49613 4609.283900966666 4713439.344380964 0.374614953994751
19 4111.49613 4443.903957699999 2607729.5627576653 0.3882620334625244
20 4111.49613 4396.864143666667 2407920.84989988 0.4019479751586914
21 4111.49613 4302.265054866667 1158057.3822467858 0.4153170585632324
22 4111.49613 4245.2833703999995 941564.1363486211 0.42893004417419434
23 4097.07889 4231.204434333334 880485.6946105141 0.4424147605895996
24 4097.07889 4205.5680914333325 621557.747079681 0.45591306686401367
25 4088.4469800000006 4160.489659766667 114460.96701123867 0.4694709777832031
26 4088.4469800000006 4139.257177233333 15303.867569183816 0.4830441474914551
27 4088.4469800000006 4129.550898833334 13754.432171394104 0.49644899368286133
28 4088.4469800000006 4122.4469512333335 13021.97562806465 0.5100522041320801
29 4088.4469800000006 4115.402889066668 11373.12574191303 0.5235369205474854
30 4088.4469800000006 4108.6328331 6944.203379932167 0.5370121002197266
31 4088.4469800000006 4110.959474566667 9095.288009807844 0.5506141185760498
32 4088.4469800000006 4112.586817100001 11214.67540085778 0.5642800331115723
33 4028.3257299999996 4108.833931200001 5257.4714781521025 0.5779130458831787
34 4028.3257299999996 4092.1434585 7395.165259747515 0.5916390419006348
35 4028.3257299999996 4081.616050466667 6741.157512222881 0.6052329540252686
36 4028.3257299999996 4069.550364433334 4924.334372038705 0.6187889575958252
37 4028.3257299999996 4061.3441151666666 4306.236688035854 0.632537841796875
38 4028.3257299999996 4056.2679088333334 4242.364098120568 0.6461808681488037
39 4028.3257299999996 4056.3201105333324 5276.129491602248 0.6596419811248779
40 4028.3257299999996 4051.944076566667 5007.865440817291 0.673616886138916
41 4028.3257299999996 4053.1342955999994 5298.315672744351 0.6874110698699951
42 4028.3257299999996 4051.2795516333335 4858.144008910292 0.7008781433105469
43 4028.3257299999996 4047.4590294666664 3924.516535771288 0.7148737907409668
44 4028.3257299999996 4043.8036208666667 3552.799010433362 0.7286868095397949
45 4028.3257299999996 4041.0647681666665 2750.6512338124703 0.7422950267791748
46 4028.3257299999996 4041.4568570666665 3301.372964372078 0.7560949325561523
47 4028.3257299999996 4043.4712077999993 3683.9437960653077 0.7696259021759033
48 4028.3257299999996 4040.6985595333326 2934.6653864134073 0.7832388877868652
49 4028.3257299999996 4040.4184121666663 3521.088005722152 0.7969880104064941
50 4028.3257299999996 4042.5622688 3658.9597427123476 0.8106818199157715
51 4028.3257299999996 4045.4965807666663 4923.434263949972 0.8242061138153076
52 4028.3257299999996 4043.4689767999994 4489.392413811376 0.8376719951629639
53 4028.3257299999996 4040.163106266667 2860.865314753876 0.8512058258056641
54 4028.3257299999996 4039.071036066666 2231.4894393996615 0.8648030757904053
55 4028.3257299999996 4041.428395566667 3282.2221260843075 0.8783969879150391
56 4028.3257299999996 4040.669749533333 2717.243528040074 0.8923048973083496
57 4028.3257299999996 4043.2560186333326 3915.8840845686173 0.906458854675293
58 4028.3257299999996 4045.2798188666666 4343.093161542121 0.9209580421447754
59 4028.3257299999996 4049.772461166666 6003.91212936571 0.9349489212036133
60 4028.3257299999996 4047.0771062000003 5306.853913726712 0.948523998260498
61 4028.3257299999996 4048.425382466666 5786.2434112286255 0.9622869491577148
62 4028.3257299999996 4047.5461543666665 5479.763077406148 0.9761788845062256
63 4028.3257299999996 4048.5437301999996 6940.470730952008 0.9896929264068604
64 4028.3257299999996 4040.716255033333 4902.873305940241 1.003546953201294
65 4028.3257299999996 4039.918915666666 3985.4867229098336 1.0171411037445068
66 4028.3257299999996 4041.0595310999997 3981.4861874355593 1.0305240154266357
67 4028.3257299999996 4041.2023496999996 4007.3112318493627 1.0442161560058594
68 4028.3257299999996 4044.0503458 4659.7671220710145 1.0578529834747314
69 4028.3257299999996 4043.7858311999994 5166.564258538041 1.0715389251708984
70 4028.3257299999996 4046.442101433333 5652.114421087627 1.0851898193359375
71 4028.3257299999996 4045.1065343000005 4967.748298568495 1.0987498760223389
72 4028.3257299999996 4048.4950006 5999.616921066103 1.1122019290924072
73 4028.3257299999996 4048.4877335666665 6489.732664532938 1.125817060470581
74 4028.3257299999996 4044.2699617333337 5140.951392406427 1.1393649578094482
75 4028.3257299999996 4041.9092851666665 3703.002494396364 1.1530208587646484
76 4028.3257299999996 4039.631930966666 2968.547890764304 1.167255163192749
77 4028.3257299999996 4045.3941051 4604.898609168243 1.1815860271453857
78 4028.3257299999996 4049.727943866666 6380.3543159955125 1.195608139038086
79 4028.3257299999996 4042.7504775333327 4149.92717377284 1.2092459201812744
80 4028.3257299999996 4046.4452036666667 4820.9095120845395 1.2227630615234375
81 4028.3257299999996 4050.0845495999993 6089.598076219644 1.2362980842590332
82 4028.3257299999996 4051.169514933333 6803.287302068147 1.250053882598877
83 4028.3257299999996 4047.385775966666 6019.214338048726 1.2635090351104736
84 4028.3257299999996 4043.7474835000003 4644.261375925725 1.277256965637207
85 4028.3257299999996 4045.854647166666 5202.123001848468 1.2910521030426025
86 4028.3257299999996 4042.514741866666 3889.808301954482 1.3046209812164307
87 4028.3257299999996 4042.084889366666 3516.2485575410924 1.3180339336395264
88 4028.3257299999996 4044.253856499999 4347.8322804557 1.3318579196929932
89 4028.3257299999996 4047.1603653333327 4927.701876700204 1.3455018997192383
90 4028.3257299999996 4044.875824433333 4013.7070258209637 1.3591010570526123
91 4028.3257299999996 4044.4592050999995 4126.48744298342 1.3729588985443115
92 4028.3257299999996 4042.8207830999995 4075.6280556116176 1.3864479064941406
93 4028.3257299999996 4045.854596233333 4717.8156303421265 1.3996620178222656
94 4028.3257299999996 4040.553974866666 3750.6301197921284 1.4131300449371338
95 4028.3257299999996 4041.1602919333336 4041.802641711291 1.4265170097351074
96 4028.3257299999996 4044.287248633333 5107.378895266778 1.4398431777954102
97 4028.3257299999996 4038.91621 3527.2868331309323 1.4538769721984863
98 4028.3257299999996 4043.7371192333335 4221.604936680715 1.4675929546356201
99 4028.3257299999996 4046.281988366666 6342.390424696825 1.4812071323394775
100 4028.3257299999996 4044.9539143333336 5559.554942249531 1.495074987411499
101 4028.3257299999996 4045.8472360333335 5438.044962150808 1.5089280605316162
102 4028.3257299999996 4039.6186512666663 2785.0540751431604 1.5224478244781494
103 4028.3257299999996 4044.9592368999993 4919.537893401464 1.5360009670257568
104 4028.3257299999996 4045.833344366667 5340.62759645549 1.5496840476989746
105 4028.3257299999996 4040.450777466666 3139.102409326581 1.5631628036499023
106 4028.3257299999996 4041.0656278999986 3056.9615575898647 1.5770812034606934
107 4028.3257299999996 4044.0364516666655 3893.47894223173 1.5904710292816162
108 4028.3257299999996 4043.0413032666665 3639.4103115492485 1.604046106338501
109 4028.3257299999996 4042.006045766666 3910.8255611807967 1.6176769733428955
110 4028.3257299999996 4039.1075432 2633.8258812902 1.63106107711792
111 4028.3257299999996 4043.412766833333 3927.2820093578425 1.6443488597869873
112 4028.3257299999996 4049.3293210666666 7077.211870680153 1.657977819442749
113 4028.3257299999996 4048.145864533333 5869.710807846707 1.6728250980377197
114 4028.3257299999996 4045.2657611999994 4551.535421578295 1.6875450611114502
115 4028.3257299999996 4043.177488233333 4932.35777150769 1.7029640674591064
116 4028.3257299999996 4048.613705133333 5191.0254747536665 1.7179949283599854
117 4028.3257299999996 4043.9991394999997 3467.766839491388 1.7330470085144043
118 4028.3257299999996 4045.1954179999993 4027.745816541741 1.7484338283538818
119 4028.3257299999996 4045.936975433333 4527.403606889063 1.7634351253509521
120 4028.3257299999996 4045.9888824 4811.047830202566 1.7782011032104492
121 4028.3257299999996 4044.9980622666662 4975.3311023010765 1.793524980545044
122 4028.3257299999996 4044.4323847333326 4955.159331256994 1.8078348636627197
123 4028.3257299999996 4047.786485966666 5485.574575228731 1.8216509819030762
124 4028.3257299999996 4045.0369022666664 3776.5390834006216 1.835526943206787
125 4028.3257299999996 4044.778954833333 3474.8627859284884 1.8490509986877441
126 4028.3257299999996 4039.2811214999992 2304.206900261619 1.8623099327087402
127 4028.3257299999996 4039.5686181333335 2906.9987307559018 1.8761610984802246
128 4028.3257299999996 4039.144764766667 2749.4901700042715 1.890481948852539
129 4028.3257299999996 4040.398642433333 3684.2577222911564 1.904412031173706
130 4028.3257299999996 4043.3198583 4501.262444022635 1.9183738231658936
131 4028.3257299999996 4043.350209166667 4280.649065082557 1.9320268630981445
132 4028.3257299999996 4044.0996617666665 4757.5792061296515 1.9457061290740967
133 4028.3257299999996 4041.2138879 3547.6493161118246 1.959594964981079
134 4028.3257299999996 4043.336274833333 4550.387802029682 1.9730160236358643
135 4028.3257299999996 4051.396849933333 6949.798464155965 1.9862468242645264
136 4028.3257299999996 4049.0833896999993 6114.929841491904 1.9998650550842285
137 4028.3257299999996 4047.6563069999993 5430.908935274792 2.0135409832000732
138 4028.3257299999996 4047.7090168333334 5377.528300550086 2.0271270275115967
139 4028.3257299999996 4051.4834554333333 6416.825248598713 2.0410828590393066
140 4028.3257299999996 4046.953715066666 4723.577423204794 2.0547590255737305
141 4028.3257299999996 4045.9750218 4331.634798498615 2.0679879188537598
142 4028.3257299999996 4043.1378330666666 4137.305853449462 2.0816221237182617
143 4028.3257299999996 4040.3943375999993 2855.299056589433 2.095510959625244
144 4028.3257299999996 4041.665683966667 3474.924228106112 2.109246015548706
145 4028.3257299999996 4045.5674591999996 4941.154622467019 2.123044967651367
146 4028.3257299999996 4041.729526033333 3353.419988511197 2.1368000507354736
147 4028.3257299999996 4043.1493966333337 4212.827369244574 2.1503381729125977
148 4028.3257299999996 4044.3886347333328 5006.9809221257465 2.1643550395965576
149 4028.3257299999996 4042.6273143 4298.794366627519 2.178463935852051
150 4028.3257299999996 4048.0242053333327 6617.556793030134 2.1920220851898193
151 4028.3257299999996 4046.566844466667 5848.083567729429 2.205657958984375
152 4028.3257299999996 4049.9840252666663 6796.88631164238 2.219249963760376
153 4028.3257299999996 4044.3402965666664 4134.496740985758 2.2325069904327393
154 4028.3257299999996 4046.2981258666664 4973.252329367801 2.2462379932403564
155 4028.3257299999996 4048.9500476666663 5906.806690432547 2.25980806350708
156 4028.3257299999996 4056.2986273999995 8436.322765572842 2.273433208465576
157 4028.3257299999996 4055.8745912666664 8524.13126207663 2.2872209548950195
158 4028.3257299999996 4049.5825749 6711.038413274803 2.3005869388580322
159 4028.3257299999996 4049.9562736999997 6222.805427733832 2.3142831325531006
160 4028.3257299999996 4048.6613847666667 5851.932469841349 2.328078031539917
161 4028.3257299999996 4044.9825938999993 4948.52068092835 2.341560125350952
162 4028.3257299999996 4051.645086833333 7172.34723300502 2.3548359870910645
163 4028.3257299999996 4046.2524955666663 5303.184420584689 2.3685288429260254
164 4028.3257299999996 4046.0927693666667 5020.942351276687 2.382143020629883
165 4028.3257299999996 4039.1914156 2718.5774475792227 2.395564079284668
166 4028.3257299999996 4042.8160388 3860.9744596568867 2.40928316116333
167 4028.3257299999996 4043.4023494999997 4294.738907790903 2.422816038131714
168 4028.3257299999996 4053.197644366667 7638.741846418186 2.4361658096313477
169 4028.3257299999996 4045.304494633333 3963.011865510683 2.4497148990631104
170 4028.3257299999996 4040.7637175 3111.913668542233 2.463409900665283
171 4028.3257299999996 4039.002925166666 2665.7656540420576 2.476989984512329
172 4028.3257299999996 4041.8278880999997 3424.4329675822005 2.4906749725341797
173 4028.3257299999996 4045.6239812333324 4936.697194006853 2.5042669773101807
174 4028.3257299999996 4046.596435799999 5291.952735739075 2.5178380012512207
175 4028.3257299999996 4045.2782052333328 5872.063182504306 2.5318069458007812
176 4028.3257299999996 4044.9045276999996 4353.286261063522 2.545306921005249
177 4028.3257299999996 4046.585888133333 5243.218632967974 2.558804988861084
178 4028.3257299999996 4047.886147933333 5533.661126939966 2.572528839111328
179 4028.3257299999996 4045.3215652999997 5110.6839084282055 2.586138963699341
180 4028.3257299999996 4046.7400325999997 6027.762230241893 2.5995750427246094
181 4028.3257299999996 4051.3857592333325 6632.7312308929995 2.613248109817505
182 4028.3257299999996 4050.3229960333333 5980.591320042744 2.6269760131835938
183 4028.3257299999996 4046.324893199999 5308.442632142404 2.640601873397827
184 4028.3257299999996 4043.384206966666 3962.276658750976 2.6543619632720947
185 4028.3257299999996 4039.544438766666 2989.026777072269 2.6678740978240967
186 4028.3257299999996 4042.8289148999997 4283.264226631519 2.6812620162963867
187 4028.3257299999996 4043.5549889666663 3718.9674010205053 2.6950149536132812
188 4028.3257299999996 4043.9251060333336 4318.691738858298 2.708606004714966
189 4028.3257299999996 4045.5618539333327 5112.079979351978 2.7221269607543945
190 4028.3257299999996 4043.5543650666673 4410.86423048153 2.7359209060668945
191 4028.3257299999996 4046.2425390666663 5199.304113221716 2.7493770122528076
192 4028.3257299999996 4047.6033394333326 5231.9422666965165 2.7628509998321533
193 4028.3257299999996 4049.0757150666664 5274.465418138105 2.776516914367676
194 4028.3257299999996 4048.3395130999997 5062.188981487277 2.790126085281372
195 4028.3257299999996 4048.421984066667 6343.398211741207 2.8035519123077393
196 4028.3257299999996 4047.3956354333327 5551.098214109099 2.8172340393066406
197 4028.3257299999996 4050.7039385333333 6714.734324259317 2.8308799266815186
198 4028.3257299999996 4049.9964468 6553.972442150319 2.8443410396575928
199 4028.3257299999996 4049.1815546 6438.162288356327 2.8579421043395996
200 4028.3257299999996 4048.9379384666668 5351.043332075697 2.8713858127593994
201 4028.3257299999996 4046.8601967666664 5308.270254591131 2.8849868774414062
202 4028.3257299999996 4047.3385840999995 5440.783997116402 2.899661064147949
203 4028.3257299999996 4052.672737133333 8082.554377232638 2.913912057876587
204 4028.3257299999996 4051.4433062666662 6428.856399230123 2.928241014480591
205 4028.3257299999996 4056.2889186333327 8821.798090983128 2.942244052886963
206 4028.3257299999996 4051.439066033333 5614.274005355053 2.956048011779785
207 4028.3257299999996 4047.2779569 4462.345996030955 2.9696850776672363
208 4028.3257299999996 4041.4810277 2990.531854775731 2.9839208126068115
209 4028.3257299999996 4038.549358966666 2476.481343103049 2.997753143310547
210 4028.3257299999996 4042.9228933333325 4129.029312605406 3.0117151737213135
211 4028.3257299999996 4042.977888666667 4694.679788335778 3.0256500244140625
212 4028.3257299999996 4044.8879459666664 4857.364827440385 3.039186954498291
213 4028.3257299999996 4046.859618299999 5433.606951235795 3.052586078643799
214 4028.3257299999996 4045.4956964 5936.46780396748 3.06646990776062
215 4028.3257299999996 4040.890224166666 4252.397806346377 3.080518960952759
216 4028.3257299999996 4048.2491724999995 6464.341910905911 3.0942888259887695
217 4028.3257299999996 4049.937968633333 6369.44442926177 3.1083309650421143
218 4028.3257299999996 4047.844711166667 5264.157030583071 3.1218619346618652
219 4028.3257299999996 4042.1086549333327 3408.395446330936 3.1352498531341553
220 4028.3257299999996 4040.642793666666 2995.1545136626783 3.149132013320923
221 4028.3257299999996 4039.9262477999996 3079.7760532981124 3.1631128787994385
222 4028.3257299999996 4042.279356666666 3674.616086126784 3.177431106567383
223 4028.3257299999996 4042.1840400999995 4103.327256013601 3.1923930644989014
224 4028.3257299999996 4047.007312633333 5980.373214966121 3.2062768936157227
225 4028.3257299999996 4045.1607079666665 4541.247360593478 3.219957113265991
226 4028.3257299999996 4044.5325944666656 4105.532062482952 3.2337851524353027
227 4028.3257299999996 4041.7988715 3709.008016272836 3.2476658821105957
228 4028.3257299999996 4044.235358833333 4773.711843364281 3.2614548206329346
229 4028.3257299999996 4048.1110407999995 5787.911539324879 3.2753679752349854
230 4028.3257299999996 4044.2465617333337 5131.09122329002 3.289062023162842
231 4028.3257299999996 4043.2077983000004 5401.489960788949 3.3025379180908203
232 4028.3257299999996 4046.5290223999996 7084.601908388605 3.3163368701934814
233 4028.3257299999996 4046.5830029666663 6223.000995540394 3.3302359580993652
234 4028.3257299999996 4036.051257266666 1591.401665661529 3.343635082244873
235 4028.3257299999996 4039.893968866666 3720.227419967603 3.35727596282959
236 4028.3257299999996 4043.0130421666663 4764.616373669267 3.3709709644317627
237 4028.3257299999996 4046.463017066666 6904.801080524607 3.384726047515869
238 4028.3257299999996 4041.8043212000002 3828.348285164827 3.398668050765991
239 4028.3257299999996 4040.687293766667 3628.1434654342966 3.4124109745025635
240 4028.3257299999996 4040.508303633333 3982.7697255484823 3.4261388778686523
241 4028.3257299999996 4040.4520196333324 3696.359342209329 3.4401438236236572
242 4028.3257299999996 4039.419916166666 2923.006013784998 3.454045057296753
243 4028.3257299999996 4039.3105491666665 3282.6593818345264 3.4678170680999756
244 4028.3257299999996 4042.9122376999994 4167.195031269801 3.4818179607391357
245 4028.3257299999996 4048.2172992333326 6927.048586985318 3.4954278469085693
246 4028.3257299999996 4047.164556099999 6167.779044234422 3.5091099739074707
247 4028.3257299999996 4044.164294133333 4449.074523209514 3.5233190059661865
248 4028.3257299999996 4042.2632308333336 3173.9408605480844 3.53725004196167
249 4028.3257299999996 4042.1983107 3196.6809343554096 3.5508899688720703
4028.3257299999996 3.564495801925659
3
0 60189.54979 71243.48840559999 15931527.78905739 0.028869152069091797
1 23171.98698 68705.45002386667 27462537.741313055 0.07223224639892578
2 11675.755869999999 58143.11523456666 244074300.90861085 0.10577201843261719
3 8359.24914 46864.31987133333 389015706.3310589 0.1343071460723877
4 5098.79227 37335.4016286 463168265.33103395 0.15908598899841309
5 4772.72265 30698.938899566667 451952501.35879046 0.18109416961669922
6 4633.29761 24465.717403799998 394438370.6532355 0.20100712776184082
7 4633.29761 20251.067130066665 344828629.7981295 0.2198960781097412
8 4344.7075 15788.743183633334 269231375.6297262 0.23704004287719727
9 4206.61193 12973.626479766666 216696447.3602231 0.2532470226287842
10 4116.75978 10798.408864966666 152421582.02649006 0.26897716522216797
11 4116.75978 9447.6640714 122672081.99218671 0.2843451499938965
12 4116.75978 7973.421767233333 90407380.64795206 0.29936814308166504
13 4116.75978 7533.797483299999 78959460.04607745 0.31404995918273926
14 4116.75978 6781.502056566666 66702632.29049391 0.3283660411834717
15 4116.75978 6010.226094933334 48301320.267198116 0.34250497817993164
16 4116.75978 5383.025877566667 27455168.78613799 0.3567368984222412
17 4116.75978 5156.688372266667 18276111.31438694 0.37067484855651855
18 4116.75978 4895.376013100001 11882044.400201233 0.3843801021575928
19 4116.75978 4565.0247149666675 4989122.573908429 0.39813804626464844
20 4116.75978 4449.340132666667 2498385.5139353946 0.41189098358154297
21 4116.75978 4383.291541366667 2059181.3393120654 0.4253370761871338
22 4116.75978 4364.474818166667 2052218.3445636586 0.43888401985168457
23 4116.75978 4325.040215566667 1725619.8799942879 0.45268917083740234
24 4116.75978 4292.2325993 1381098.223644826 0.4665489196777344
25 4116.75978 4286.939595633334 1345691.0825770297 0.4803950786590576
26 4116.75978 4248.119459333334 968467.9092856105 0.49408888816833496
27 4116.75978 4240.6036004 967910.6160764158 0.5077879428863525
28 4116.75978 4243.3552926 972262.2754811484 0.5216610431671143
29 4097.07889 4232.213216766667 955634.1196676574 0.5352020263671875
30 4097.07889 4228.652335066667 943731.6166285436 0.5487110614776611
31 4097.07889 4206.688973466667 783286.0379901556 0.5624649524688721
32 4097.07889 4202.673672333333 784173.6543391377 0.5759470462799072
33 4097.07889 4173.0135337 419629.4708123455 0.5893948078155518
34 4097.07889 4170.272739666666 419432.87993690243 0.6033048629760742
35 4097.07889 4166.088570766667 409994.1253853489 0.616828203201294
36 4097.07889 4129.998744666666 79544.52272256033 0.6303081512451172
37 4097.07889 4117.236673266667 4742.1112173459605 0.6438839435577393
38 4097.07889 4115.6672578 4213.047480574836 0.6573901176452637
39 4097.07889 4119.8602523 6257.246438903816 0.670867919921875
40 4097.07889 4116.735684 5088.412546834002 0.6844770908355713
41 4097.07889 4113.901483233333 4373.291348091469 0.6980679035186768
42 4097.07889 4110.067668366667 2823.3925615709436 0.7114522457122803
43 4028.3257299999996 4111.4396176 3501.946443050724 0.7252600193023682
44 4028.3257299999996 4091.720216999999 4427.1877283696695 0.7388122081756592
45 4028.3257299999996 4082.3182353666666 5987.525113779121 0.752108097076416
46 4028.3257299999996 4070.157090433333 5567.302668388101 0.7660601139068604
47 4028.3257299999996 4068.302030733333 6134.327826256554 0.779853105545044
48 4028.3257299999996 4059.1207695999997 5945.402038456608 0.7934670448303223
49 4028.3257299999996 4056.632090933333 5509.474490703327 0.8073620796203613
50 4028.3257299999996 4050.023459133333 4334.232723003636 0.8210649490356445
51 4028.3257299999996 4048.2563246333334 3725.732281648498 0.8347229957580566
52 4028.3257299999996 4042.618758066667 2495.0353461453856 0.848438024520874
53 4028.3257299999996 4044.6336828 3956.2467053480314 0.8623220920562744
54 4028.3257299999996 4045.219612233333 4048.6777738121727 0.8756849765777588
55 4028.3257299999996 4044.6484326666664 4034.524805641147 0.8894150257110596
56 4028.3257299999996 4046.2240193333328 4462.082098599682 0.9031658172607422
57 4028.3257299999996 4047.5656920666665 5390.090652633103 0.9164469242095947
58 4028.3257299999996 4043.8819634999995 4647.7442450067865 0.9302902221679688
59 4028.3257299999996 4044.8982683 5244.932479043631 0.944087028503418
60 4028.3257299999996 4042.7404424000006 4261.56097480592 0.9576480388641357
61 4028.3257299999996 4047.1783827999993 5389.8736659475135 0.9713380336761475
62 4028.3257299999996 4053.548862399999 7202.747559241665 0.9851341247558594
63 4028.3257299999996 4048.5943297666668 6068.297210493202 0.9989831447601318
64 4028.3257299999996 4042.482929999999 3326.464549781994 1.0132920742034912
65 4028.3257299999996 4037.5817775999994 2299.730376699335 1.0273849964141846
66 4028.3257299999996 4041.0220005999995 3176.080781286778 1.040937900543213
67 4028.3257299999996 4042.1804366999995 3729.242930065111 1.0547561645507812
68 4028.3257299999996 4038.9586735333332 3003.1534161887444 1.0684270858764648
69 4028.3257299999996 4039.9978372 3091.6563493390017 1.0818030834197998
70 4028.3257299999996 4045.2027050999995 4892.71575946259 1.0953760147094727
71 4028.3257299999996 4039.3369060999994 3151.706441956091 1.1088509559631348
72 4028.3257299999996 4041.5810764999997 3718.9213571435625 1.1224761009216309
73 4028.3257299999996 4044.8731298666667 4917.402365604219 1.1361639499664307
74 4028.3257299999996 4043.779780866666 4344.8157229310855 1.1499230861663818
75 4028.3257299999996 4047.695040833333 5533.229409090471 1.1631128787994385
76 4028.3257299999996 4046.716932233333 4659.842701728384 1.1767332553863525
77 4028.3257299999996 4048.252853166666 4717.6127695308305 1.1905269622802734
78 4028.3257299999996 4046.3639263333325 4898.858959694477 1.204430103302002
79 4028.3257299999996 4046.892764033333 5018.936549352195 1.218609094619751
80 4028.3257299999996 4047.1489610999993 5031.6714490164 1.232287883758545
81 4028.3257299999996 4044.2986450333333 4131.60328066442 1.2456729412078857
82 4028.3257299999996 4039.8235634333328 3269.2063766366455 1.2594680786132812
83 4028.3257299999996 4041.7373905 3778.9330525556725 1.2737290859222412
84 4028.3257299999996 4041.4796366333335 3917.8765288556942 1.2881319522857666
85 4028.3257299999996 4044.201326166666 4184.068546695055 1.3032550811767578
86 4028.3257299999996 4043.1029003333333 3475.550173925039 1.3172380924224854
87 4028.3257299999996 4039.2751451 3411.4579263399673 1.3311731815338135
88 4028.3257299999996 4042.6148012999997 4037.7002638622653 1.3451330661773682
89 4028.3257299999996 4040.0779953999986 3380.838006088425 1.3588101863861084
90 4028.3257299999996 4038.068368133333 2454.3406032675025 1.3728089332580566
91 4028.3257299999996 4039.976063233333 2860.4483622529947 1.3870000839233398
92 4028.3257299999996 4038.4051548999996 2618.5080873979714 1.4006400108337402
93 4028.3257299999996 4038.2762839999996 2809.1501748828955 1.414276123046875
94 4028.3257299999996 4037.6223053999997 2958.0832322471474 1.428335189819336
95 4028.3257299999996 4038.6798050333337 3028.0020667451095 1.442371129989624
96 4028.3257299999996 4039.4814402666657 2665.7694138004895 1.4560189247131348
97 4028.3257299999996 4039.913569233333 3080.6559686418864 1.4701669216156006
98 4028.3257299999996 4038.8464249666663 2772.044220209493 1.4838981628417969
99 4028.3257299999996 4039.9594334666663 2952.8904057053965 1.4973649978637695
100 4028.3257299999996 4043.1705601666667 3722.618996322498 1.5113821029663086
101 4028.3257299999996 4044.983685266666 4430.090490449937 1.524968147277832
102 4028.3257299999996 4043.7754432 4545.496919776324 1.5387470722198486
103 4028.3257299999996 4040.780761733333 3896.1534339935893 1.552955150604248
104 4028.3257299999996 4041.312731333333 3784.4256625736894 1.5668048858642578
105 4028.3257299999996 4042.025738 4265.060342250378 1.5805821418762207
106 4028.3257299999996 4041.801504133333 3340.7784221544816 1.594257116317749
107 4028.3257299999996 4042.585423433333 4196.78169280247 1.6078588962554932
108 4028.3257299999996 4039.087132133333 2615.2800785277677 1.6216330528259277
109 4028.3257299999996 4047.104904099999 5095.409583548888 1.6355078220367432
110 4028.3257299999996 4045.3107265333333 4525.343018386041 1.6492080688476562
111 4028.3257299999996 4046.550056966666 5869.932827804499 1.6626639366149902
112 4028.3257299999996 4043.368126466666 3996.9900221706716 1.6764578819274902
113 4028.3257299999996 4039.9212874 3519.3052780378625 1.690058946609497
114 4028.3257299999996 4041.9201063666665 3769.8109552689803 1.7036049365997314
115 4028.3257299999996 4043.270202899999 4165.292003173339 1.7174279689788818
116 4028.3257299999996 4039.8681515666663 2932.5044328669646 1.7309701442718506
117 4028.3257299999996 4042.9480849999995 4131.214145627767 1.74515700340271
118 4028.3257299999996 4043.425299633333 4008.0308778779504 1.759666919708252
119 4028.3257299999996 4040.128189833333 2743.4921000280688 1.773489236831665
120 4028.3257299999996 4040.2561964666666 3192.158553127387 1.7869749069213867
121 4028.3257299999996 4045.123534033333 4630.401897387092 1.800915002822876
122 4028.3257299999996 4054.485090133333 7958.535308896516 1.8144559860229492
123 4028.3257299999996 4045.5576931999994 5127.693711235023 1.8280329704284668
124 4028.3257299999996 4045.7014201333327 5851.158324426325 1.8421330451965332
125 4028.3257299999996 4045.7956366333333 5113.773629807291 1.855916976928711
126 4028.3257299999996 4047.141375033333 5417.806705915352 1.8697149753570557
127 4028.3257299999996 4044.3161600333337 4961.473272655846 1.883430004119873
128 4028.3257299999996 4044.7520510666664 5178.648495416453 1.8971309661865234
129 4028.3257299999996 4044.3211352333333 4971.149380856102 1.9106600284576416
130 4028.3257299999996 4041.9098182666658 3605.1738707821073 1.924576997756958
131 4028.3257299999996 4049.398198333333 5714.979820249332 1.9382169246673584
132 4028.3257299999996 4046.6776635666656 4714.438627952607 1.9518539905548096
133 4028.3257299999996 4046.7124872999993 4913.9586258964955 1.9653770923614502
134 4028.3257299999996 4047.496995066667 5316.804077893539 1.9791028499603271
135 4028.3257299999996 4046.6565633333325 5136.227155868498 1.9933440685272217
136 4028.3257299999996 4043.1558056666663 3946.8426462853818 2.007676124572754
137 4028.3257299999996 4040.9610854333328 3259.731527042851 2.021791934967041
138 4028.3257299999996 4043.8736353 4156.014438177136 2.0357041358947754
139 4028.3257299999996 4048.1177085333334 5616.031968424977 2.049661874771118
140 4028.3257299999996 4040.9684622999994 3413.9319339595427 2.063304901123047
141 4028.3257299999996 4047.7060919666665 5832.033646613828 2.0771350860595703
142 4028.3257299999996 4043.9428584666657 4273.716707511663 2.091170072555542
143 4028.3257299999996 4045.6297954999995 4804.802135755623 2.104658842086792
144 4028.3257299999996 4041.421975966666 3033.8437893782775 2.1185929775238037
145 4028.3257299999996 4042.360097966666 3766.2819254035667 2.1324470043182373
146 4028.3257299999996 4046.7298145333334 5808.912717587095 2.145983934402466
147 4028.3257299999996 4044.2163897333326 4036.2345068916757 2.159528970718384
148 4028.3257299999996 4040.7217036 3616.5387126853566 2.173335075378418
149 4028.3257299999996 4039.3307652999997 2768.984272649285 2.1871559619903564
150 4028.3257299999996 4040.5559149 3549.4478817518616 2.2005350589752197
151 4028.3257299999996 4038.1688286666667 2470.012302727555 2.21423602104187
152 4028.3257299999996 4038.8284941666666 2561.5751228566605 2.227583885192871
153 4028.3257299999996 4037.5496825 2011.0800408012901 2.241000175476074
154 4028.3257299999996 4038.671643766666 2368.46600766297 2.2551980018615723
155 4028.3257299999996 4042.738045033333 4114.9813654560085 2.2697560787200928
156 4028.3257299999996 4043.0559165 4095.102264537321 2.284044027328491
157 4028.3257299999996 4044.266577799999 4074.406523542427 2.2987399101257324
158 4028.3257299999996 4046.383614966666 5263.632227080469 2.312697172164917
159 4028.3257299999996 4043.167670766666 4251.964879402341 2.3263652324676514
160 4028.3257299999996 4049.8974912999997 6202.873961683395 2.3402180671691895
161 4028.3257299999996 4049.5540931666665 6388.3787977941665 2.3538081645965576
162 4028.3257299999996 4044.2542849 4322.40182060252 2.3673148155212402
163 4028.3257299999996 4047.0600196999994 4965.1018314352505 2.3810510635375977
164 4028.3257299999996 4045.415166066666 4546.582667521568 2.3945672512054443
165 4028.3257299999996 4044.2832209999997 4122.289731463167 2.408519983291626
166 4028.3257299999996 4046.9617463999994 5811.542442131727 2.42261004447937
167 4028.3257299999996 4045.232199533333 5054.818499843234 2.4363691806793213
168 4028.3257299999996 4047.606597366666 5353.737006783139 2.4498491287231445
169 4028.3257299999996 4046.8580891333336 4809.903969978007 2.463778018951416
170 4028.3257299999996 4044.6892893666663 4522.830965411368 2.4778852462768555
171 4028.3257299999996 4045.0409713 4424.311423938298 2.491724967956543
172 4028.3257299999996 4049.6040397999996 5984.066710649161 2.505486011505127
173 4028.3257299999996 4042.9700465666656 4804.76489144602 2.519243001937866
174 4028.3257299999996 4042.983531833333 4491.645645885866 2.5325911045074463
175 4028.3257299999996 4045.6853672333327 5765.906975568191 2.5462589263916016
176 4028.3257299999996 4043.9425836 4777.258986942408 2.5596022605895996
177 4028.3257299999996 4041.8023622 4497.825708999444 2.573117971420288
178 4028.3257299999996 4044.9215377333335 4462.239405344541 2.586729049682617
179 4028.3257299999996 4043.4978333999993 3956.5442921566732 2.600412130355835
180 4028.3257299999996 4043.9945056666666 4127.115236268342 2.61401104927063
181 4028.3257299999996 4044.4795624666663 4518.436380072996 2.628032922744751
182 4028.3257299999996 4041.899130033333 3632.105740964369 2.6416890621185303
183 4028.3257299999996 4041.029016566666 3401.320653638939 2.655494213104248
184 4028.3257299999996 4042.550384566666 4117.301488893739 2.6694939136505127
185 4028.3257299999996 4043.753685433333 4728.926656274929 2.683161973953247
186 4028.3257299999996 4040.9837384333337 3861.8007891266143 2.6968722343444824
187 4028.3257299999996 4040.031320366666 2863.9176835006597 2.71071195602417
188 4028.3257299999996 4040.9343304333324 3264.868568139713 2.724398136138916
189 4028.3257299999996 4043.049420266667 3888.3480743404207 2.7380988597869873
190 4028.3257299999996 4035.037331733333 1416.4783879714032 2.752129077911377
191 4028.3257299999996 4042.175170966666 4183.724245768877 2.7657389640808105
192 4028.3257299999996 4041.992505433333 3725.939659389305 2.7793169021606445
193 4028.3257299999996 4043.9066338 4344.601329677822 2.7933030128479004
194 4028.3257299999996 4046.610853666666 5119.136107342189 2.8070809841156006
195 4028.3257299999996 4044.8578767666663 4397.06412274913 2.8208858966827393
196 4028.3257299999996 4045.2446874333327 4654.347495856693 2.8348028659820557
197 4028.3257299999996 4047.1080602333336 5276.61766771941 2.848435878753662
198 4028.3257299999996 4044.468487166666 5337.381077901687 2.862105131149292
199 4028.3257299999996 4043.3061164666656 4869.856406536638 2.875887155532837
200 4028.3257299999996 4042.630355199999 4420.838224447728 2.8896400928497314
201 4028.3257299999996 4042.522195266667 5418.728390705963 2.903106927871704
202 4028.3257299999996 4044.1056259333327 5987.64076712677 2.916856050491333
203 4028.3257299999996 4041.238528466666 3994.4625462827025 2.9304490089416504
204 4028.3257299999996 4037.8271666333326 3033.4748349830547 2.943751096725464
205 4028.3257299999996 4038.4965928999995 3375.196493179412 2.9573512077331543
206 4028.3257299999996 4045.396446533333 5019.829219143264 2.971055030822754
207 4028.3257299999996 4043.127333633333 4432.743958184913 2.984988212585449
208 4028.3257299999996 4044.133771033333 4424.91446409871 2.9993109703063965
209 4028.3257299999996 4043.1650388666662 4134.430473774968 3.0135350227355957
210 4028.3257299999996 4044.227182566666 4147.986519219094 3.0275990962982178
211 4028.3257299999996 4043.2521592333333 3573.5307392370746 3.041330099105835
212 4028.3257299999996 4044.6448705 4121.976850246274 3.0547802448272705
213 4028.3257299999996 4041.0947057000003 3154.2355551188066 3.068114995956421
214 4028.3257299999996 4040.292775033334 3224.074192053597 3.081808090209961
215 4028.3257299999996 4040.0718291 3038.6274621941457 3.0951931476593018
216 4028.3257299999996 4042.123088633333 4117.467933500181 3.108423948287964
217 4028.3257299999996 4047.018558233334 5378.516617715826 3.122073173522949
218 4028.3257299999996 4048.411995833333 5129.041506631276 3.1356148719787598
219 4028.3257299999996 4048.805438233333 7411.572608642082 3.1490931510925293
220 4028.3257299999996 4041.282248466666 3678.8942592389844 3.1629250049591064
221 4028.3257299999996 4045.8274895 5453.100893760642 3.1766531467437744
222 4028.3257299999996 4047.3324527999994 6820.881521191431 3.1904261112213135
223 4028.3257299999996 4044.8607118333334 5159.865278782585 3.2041211128234863
224 4028.3257299999996 4042.9378747 4809.302128331006 3.2176780700683594
225 4028.3257299999996 4045.4807082 5053.692825421783 3.2312848567962646
226 4028.3257299999996 4044.7092797666664 4401.5135544896775 3.2451350688934326
227 4028.3257299999996 4043.6332069333334 3966.163055945166 3.258960008621216
228 4028.3257299999996 4043.0588466 4107.62885946257 3.2726759910583496
229 4028.3257299999996 4042.4830798 4622.354756271845 3.2865500450134277
230 4028.3257299999996 4042.3776095000003 4649.610630593688 3.300342082977295
231 4028.3257299999996 4043.6504180666666 4638.326841524406 3.3140249252319336
232 4028.3257299999996 4047.7691185666667 6034.402840655342 3.3280539512634277
233 4028.3257299999996 4047.9136532999996 6026.293150318332 3.341691017150879
234 4028.3257299999996 4049.530921433333 6275.013347002283 3.355130195617676
235 4028.3257299999996 4044.765412533333 4419.972633127698 3.3691089153289795
236 4028.3257299999996 4045.2166886 5252.139444307461 3.3826169967651367
237 4028.3257299999996 4047.0317956 5043.841709771618 3.3960182666778564
238 4028.3257299999996 4050.265189333333 6799.474950561995 3.409701108932495
239 4028.3257299999996 4051.8655538999997 7112.3325696614465 3.423159122467041
240 4028.3257299999996 4041.875729633333 3302.733203083233 3.4367311000823975
241 4028.3257299999996 4044.9652813 5653.134841950243 3.450752019882202
242 4028.3257299999996 4044.4782571 4986.705791939807 3.46464204788208
243 4028.3257299999996 4045.3515454999992 3938.1186036579434 3.4782698154449463
244 4028.3257299999996 4044.1405289 4734.789070867172 3.4922029972076416
245 4028.3257299999996 4042.8533467333327 4116.6154189972885 3.506087064743042
246 4028.3257299999996 4047.3923983 4937.54804016797 3.5199248790740967
247 4028.3257299999996 4048.867999 5477.695644202352 3.5337462425231934
248 4028.3257299999996 4042.1409074666662 3327.0555255274394 3.547255039215088
249 4028.3257299999996 4050.064423199999 5647.805015504155 3.5610880851745605
4028.3257299999996 3.5748279094696045
