MQ3
250 4275.43167
1
0 69631.18787000001 87062.98234629999 28272787.458696082 0.027987003326416016
1 27749.5077 82501.50861366667 61916986.38391678 0.07079291343688965
2 11631.85452 68842.2806712 405950335.98624754 0.10439395904541016
3 6069.83831 55014.61252346666 695193045.6616008 0.1321408748626709
4 4901.88446 42360.844410666665 816286087.7935692 0.15485596656799316
5 4901.88446 33639.92257933333 747056306.0687071 0.1760709285736084
6 4674.40949 26577.19960393333 638205141.3861902 0.19586992263793945
7 4674.40949 21998.1211849 499518157.8904736 0.21378278732299805
8 4457.78912 17202.218733133333 371652990.1991353 0.2300097942352295
9 4312.62664 14722.309118833331 311210789.44306904 0.2454700469970703
10 4312.62664 11835.111179766667 230482559.78435647 0.2608978748321533
11 4275.43167 10159.084936400002 200667038.42196766 0.2756490707397461
12 4275.43167 8743.743499366668 146192695.83177662 0.29049181938171387
13 4275.43167 7241.623483400001 77679858.47888616 0.3048419952392578
14 4275.43167 6507.654402800001 51309119.610808514 0.31884288787841797
15 4275.43167 6081.9500684 42909261.73487893 0.3328127861022949
16 4275.43167 5393.624185666667 14590701.403528046 0.3469398021697998
17 4275.43167 5115.8150212 10461640.022095328 0.36083102226257324
18 4275.43167 4958.6301006 8860678.18736425 0.3752257823944092
19 4275.43167 4930.3564210333325 8634782.886729322 0.389326810836792
20 4275.43167 4871.400085299999 8447280.593152387 0.40308570861816406
21 4275.43167 4762.237142933333 7264052.892641058 0.4166579246520996
22 4275.43167 4619.519954433333 5218638.904436602 0.4307079315185547
23 4275.43167 4489.9626886 1849634.9148505672 0.4444580078125
24 4275.43167 4420.504311033333 896215.8856042643 0.45818185806274414
25 4275.43167 4418.067802633333 896262.3383750182 0.4719579219818115
26 4275.43167 4395.546717366667 763860.0648057499 0.48520684242248535
27 4275.43167 4317.388941066666 93653.77601980689 0.49864673614501953
28 4275.43167 4314.541768566666 92728.92048392876 0.5123558044433594
29 4275.43167 4316.840847933333 92819.66467224558 0.5257508754730225
30 4275.43167 4318.477004599999 93545.50598059276 0.5386908054351807
31 4275.43167 4327.245367433333 97164.59149387444 0.5519707202911377
32 4275.43167 4325.270332666667 95378.34425592738 0.5655958652496338
33 4275.43167 4309.854280966666 13082.970591166857 0.5792016983032227
34 4275.43167 4299.237523333332 9442.209982141365 0.5930318832397461
35 4275.43167 4309.868859699999 13476.430259188148 0.6067557334899902
36 4275.43167 4307.8951406333335 13638.77321687215 0.6203978061676025
37 4275.43167 4301.772312099999 9145.025579070532 0.6339538097381592
38 4275.43167 4297.989967299999 8350.74259274444 0.647331714630127
39 4275.43167 4299.887698533334 8715.583933134845 0.6608567237854004
40 4275.43167 4301.183273533333 9050.27329478505 0.6744687557220459
41 4275.43167 4297.903144666666 8062.409005373925 0.6882047653198242
42 4275.43167 4293.5108985 5629.294628329471 0.7017397880554199
43 4275.43167 4290.182906033333 4219.195253266298 0.7159900665283203
44 4275.43167 4291.309575533333 5056.798327706513 0.7296128273010254
45 4275.43167 4296.536916333333 6774.332096503676 0.7432529926300049
46 4275.43167 4302.583419199998 10159.501093984758 0.757051944732666
47 4275.43167 4299.443024766666 8775.494573892322 0.7707438468933105
48 4275.43167 4297.3211237666665 7246.3145926742845 0.7841207981109619
49 4275.43167 4297.520781666666 7159.458497451454 0.797691822052002
50 4275.43167 4305.454244799999 11325.675743923082 0.8111350536346436
51 4275.43167 4301.6357351999995 8922.768875041475 0.8245158195495605
52 4275.43167 4299.566759566666 7651.736322139045 0.8379106521606445
53 4275.43167 4299.286339799999 6943.890830579775 0.8519937992095947
54 4275.43167 4297.0721963 5690.482516518182 0.8656919002532959
55 4275.43167 4296.7040019 6249.5489788055 0.8796398639678955
56 4275.43167 4295.754057166667 6011.6784670208735 0.8930199146270752
57 4275.43167 4297.631565166666 7050.04387733276 0.9065828323364258
58 4275.43167 4298.210690833333 7086.454924170345 0.9201369285583496
59 4275.43167 4301.831743466666 8596.73846237253 0.9339520931243896
60 4275.43167 4298.2900261333325 7358.121819309721 0.9476187229156494
61 4275.43167 4293.923064666666 5262.000459642066 0.9614348411560059
62 4275.43167 4296.920762033333 8509.018975924204 0.9749398231506348
63 4275.43167 4291.9851651 4976.662830823497 0.9883127212524414
64 4275.43167 4295.713399099999 6382.756056745411 1.002234935760498
65 4275.43167 4293.971783399999 5841.216977857534 1.0162417888641357
66 4275.43167 4295.980282166665 7904.128897134693 1.030202865600586
67 4275.43167 4297.665791899999 7745.330172945363 1.043855905532837
68 4275.43167 4302.8972398666665 8688.585571187723 1.05735182762146
69 4275.43167 4295.071077933333 6235.257030583398 1.0707600116729736
70 4275.43167 4293.707657999999 5957.66932894712 1.084265947341919
71 4275.43167 4292.741802666666 5616.03178379272 1.09788179397583
72 4275.43167 4299.855120233333 8221.598058714755 1.1120848655700684
73 4275.43167 4294.805167133332 5520.681275227663 1.12640380859375
74 4275.43167 4298.792007533333 8327.255062484353 1.140561819076538
75 4275.43167 4297.462958666667 7204.546098678026 1.1540429592132568
76 4275.43167 4298.144039766666 7408.855300110853 1.1675918102264404
77 4275.43167 4297.5902173333325 7016.568523232124 1.181386947631836
78 4275.43167 4298.316937933333 7201.032659457273 1.1951680183410645
79 4275.43167 4296.048822399999 8597.567001639052 1.2088878154754639
80 4275.43167 4299.499890466666 9334.97379494026 1.2222609519958496
81 4275.43167 4304.2875153666655 12150.107005705535 1.235644817352295
82 4275.43167 4306.582781566665 11735.671672435621 1.2493908405303955
83 4275.43167 4299.299638999999 9213.796529148181 1.2630527019500732
84 4275.43167 4295.4714441 6902.5236536552575 1.2762598991394043
85 4275.43167 4295.603326833332 6612.119236330479 1.2897639274597168
86 4275.43167 4297.215526466666 7504.525407241317 1.3030688762664795
87 4275.43167 4298.064690666666 6891.328996350965 1.3162779808044434
88 4275.43167 4295.6385113999995 6041.112859524714 1.3299458026885986
89 4275.43167 4296.653621466666 7674.615033111014 1.343841791152954
90 4275.43167 4293.531531499999 5660.625668746542 1.3579978942871094
91 4275.43167 4298.087331399999 7426.921554613905 1.3724699020385742
92 4275.43167 4303.874858033333 9696.194950165409 1.386549949645996
93 4275.43167 4309.151391799999 11963.99824675119 1.4000988006591797
94 4275.43167 4306.638939 10949.885379413921 1.41386079788208
95 4275.43167 4309.476136866666 13027.955765453558 1.4281790256500244
96 4275.43167 4302.792078699999 9265.854251716411 1.4418919086456299
97 4275.43167 4297.4424174 6529.450594907315 1.4554638862609863
98 4275.43167 4298.858817333332 6637.547305952565 1.4688997268676758
99 4275.43167 4302.8024 9177.880102261608 1.482454776763916
100 4275.43167 4295.988987099999 7016.014351074233 1.4961967468261719
101 4275.43167 4295.976160666666 7944.430923804892 1.5098707675933838
102 4275.43167 4296.772912699999 7739.283087042404 1.5234699249267578
103 4275.43167 4296.905075899999 7442.701225690531 1.5373728275299072
104 4275.43167 4296.003877633333 7653.591273031222 1.5508298873901367
105 4275.43167 4291.953581666667 4885.069444519134 1.5642540454864502
106 4275.43167 4295.351445666666 5694.806936949896 1.5777738094329834
107 4275.43167 4296.329550866666 7632.053234256018 1.5911459922790527
108 4275.43167 4296.252800566665 6388.306901236551 1.6046638488769531
109 4275.43167 4297.873874299999 7375.671394344804 1.6179919242858887
110 4275.43167 4298.459335799999 7302.587031421017 1.6319580078125
111 4275.43167 4300.789043866666 8513.314174405883 1.6453678607940674
112 4275.43167 4302.431811066665 9337.652562030187 1.6590337753295898
113 4275.43167 4292.917257333333 6116.8316483173285 1.6725640296936035
114 4275.43167 4296.324292033332 6829.292213669844 1.685791015625
115 4275.43167 4296.542061933333 7001.446846998002 1.6994209289550781
116 4275.43167 4292.617589399999 6490.166032319292 1.7129380702972412
117 4275.43167 4293.030316266666 5659.9202659702705 1.7264227867126465
118 4275.43167 4296.530337133333 6505.79372308457 1.7411887645721436
119 4275.43167 4293.271971099999 5275.308799264545 1.7551617622375488
120 4275.43167 4298.152681966666 8514.029162778725 1.768907070159912
121 4275.43167 4297.5071723 8261.848823758097 1.7829618453979492
122 4275.43167 4294.612235033333 6534.441054024903 1.796813726425171
123 4275.43167 4293.662210799999 6326.128591328391 1.8103477954864502
124 4275.43167 4299.2913057333335 7938.053502448593 1.824035882949829
125 4275.43167 4291.456905233333 4944.542861720445 1.8376529216766357
126 4275.43167 4298.233440766666 7595.2905477290215 1.8508658409118652
127 4275.43167 4299.6354286666665 8821.11681223712 1.8642477989196777
128 4275.43167 4297.951750266666 7364.628678782439 1.8780968189239502
129 4275.43167 4299.792102033333 7509.135380434211 1.8918547630310059
130 4275.43167 4301.5668939 8191.089458538382 1.9056849479675293
131 4275.43167 4295.284238133333 5508.032733934872 1.9193518161773682
132 4275.43167 4295.684259433334 6303.405600233722 1.9327607154846191
133 4275.43167 4299.116799666665 8180.67556053134 1.9465479850769043
134 4275.43167 4296.824747033333 8021.632599095561 1.9601349830627441
135 4275.43167 4302.6824058 9780.336013531502 1.9737858772277832
136 4275.43167 4302.613497633332 9242.700973552022 1.9876799583435059
137 4275.43167 4298.014157499999 6959.639201444891 2.00144100189209
138 4275.43167 4299.016040833333 6562.498617959966 2.0147879123687744
139 4275.43167 4297.609667566666 7440.506688437794 2.0282187461853027
140 4275.43167 4296.0210161333325 6938.719608910826 2.04170298576355
141 4275.43167 4298.197101 7973.742509953289 2.055067777633667
142 4275.43167 4298.229488466666 7684.76704513791 2.068938970565796
143 4275.43167 4292.549729799999 4810.400068617124 2.0829877853393555
144 4275.43167 4294.309178433333 5540.930783063114 2.0971310138702393
145 4275.43167 4299.970877666666 7807.920898717272 2.111711025238037
146 4275.43167 4301.0023698333325 9250.99854334505 2.125514030456543
147 4275.43167 4301.353858366666 9741.686198659118 2.1389918327331543
148 4275.43167 4296.696827333333 6410.391992029699 2.152378797531128
149 4275.43167 4301.035084766667 8697.900612174386 2.1661019325256348
150 4275.43167 4309.3267818333325 11634.42430782835 2.180734872817993
151 4275.43167 4297.826082766666 7117.765447345078 2.194650888442993
152 4275.43167 4290.960959133333 4297.925981173551 2.2083089351654053
153 4275.43167 4292.7621912666655 5212.147289740386 2.222172975540161
154 4275.43167 4294.785959899999 5775.757572252405 2.2358858585357666
155 4275.43167 4292.359004733333 5560.422446311263 2.2492618560791016
156 4275.43167 4291.059920299999 5040.814043159592 2.262516975402832
157 4275.43167 4294.692924666666 6037.10593918084 2.2762959003448486
158 4275.43167 4297.936477599999 7706.5311736009335 2.2899320125579834
159 4275.43167 4293.092085866666 4970.570821460156 2.3035478591918945
160 4275.43167 4292.359814699999 5221.083340043092 2.317579984664917
161 4275.43167 4294.1985141333325 6504.922307916003 2.3318428993225098
162 4275.43167 4296.040181333333 6949.449751972816 2.346252679824829
163 4275.43167 4306.146420833333 10660.542487209812 2.360771894454956
164 4275.43167 4306.765615233333 10638.989822975554 2.374506950378418
165 4275.43167 4301.1946251 8595.108207343177 2.3886349201202393
166 4275.43167 4299.610298933332 7924.443267916432 2.403390884399414
167 4275.43167 4298.9288833 7620.845241725955 2.4173130989074707
168 4275.43167 4293.346028433332 5909.1064788137855 2.431022882461548
169 4275.43167 4300.349229666666 9385.294328522587 2.4446358680725098
170 4275.43167 4300.002962733333 7274.815517522061 2.458209753036499
171 4275.43167 4304.566651499999 8860.933429819963 2.4714608192443848
172 4275.43167 4307.5455146333325 12077.59530924273 2.484910726547241
173 4275.43167 4302.266192566666 8185.376659577152 2.498765707015991
174 4275.43167 4298.141724366666 7019.6850622325355 2.5121548175811768
175 4275.43167 4298.956104533333 7609.0769646012595 2.5257837772369385
176 4275.43167 4292.586221333333 5066.458072209254 2.5390307903289795
177 4275.43167 4294.953432966667 5889.370604250741 2.5522398948669434
178 4275.43167 4296.956876533332 7385.767068916997 2.566042900085449
179 4275.43167 4292.914948766666 5353.741601502541 2.5801568031311035
180 4275.43167 4288.4254212999995 3483.167117847065 2.5945498943328857
181 4275.43167 4290.7616638 4858.654539252433 2.6087770462036133
182 4275.43167 4293.897019399999 6155.841242158499 2.6229119300842285
183 4275.43167 4296.562889366665 7444.385038282449 2.6369869709014893
184 4275.43167 4294.1667455 6326.5608903792745 2.650970935821533
185 4275.43167 4304.274930999999 10525.550695899758 2.66536283493042
186 4275.43167 4297.278229766665 8318.087786938964 2.6791417598724365
187 4275.43167 4296.780188066666 6686.8788802572835 2.693530797958374
188 4275.43167 4296.774593933333 6711.007063588646 2.7076668739318848
189 4275.43167 4298.415600333333 7933.34380147902 2.721540927886963
190 4275.43167 4302.716531033333 8545.892891552958 2.7355239391326904
191 4275.43167 4299.216247233332 8392.63806272906 2.7496860027313232
192 4275.43167 4304.455669033333 11779.827546918325 2.763507843017578
193 4275.43167 4304.2668821 11153.320054139218 2.7774598598480225
194 4275.43167 4304.918513799999 9693.965087650548 2.7908809185028076
195 4275.43167 4296.358635933332 6682.005423101529 2.804373025894165
196 4275.43167 4299.3131592 7675.639564893187 2.8178787231445312
197 4275.43167 4298.8460724 7682.046910132707 2.8313698768615723
198 4275.43167 4303.182071299999 8854.053598281725 2.8447508811950684
199 4275.43167 4303.443552399999 8676.26877321807 2.8584887981414795
200 4275.43167 4304.467888233333 10890.626083116807 2.8727407455444336
201 4275.43167 4300.067870933332 7444.520445843135 2.8860437870025635
202 4275.43167 4307.576304299999 12017.375202721725 2.899549961090088
203 4275.43167 4300.8285755 8720.348669977104 2.9130330085754395
204 4275.43167 4303.851538933332 9960.770877227293 2.926988124847412
205 4275.43167 4302.433105433332 10226.680571645573 2.9411978721618652
206 4275.43167 4300.681708266666 9402.014585111316 2.9546959400177
207 4275.43167 4295.046562833333 7408.555047281962 2.9682958126068115
208 4275.43167 4297.040439399999 8167.657939727589 2.9819438457489014
209 4275.43167 4297.753148366666 7651.696021133127 2.995616912841797
210 4275.43167 4292.641353233333 5411.178227653566 3.009244918823242
211 4275.43167 4292.232267966666 4765.156967065082 3.02291202545166
212 4275.43167 4289.3129082 4027.1280151506794 3.036345958709717
213 4275.43167 4290.953421433332 4214.544511875708 3.049941062927246
214 4275.43167 4297.087720933332 6874.111448608152 3.06381893157959
215 4275.43167 4293.6940976 5154.985815389798 3.078040838241577
216 4275.43167 4294.6800134 5718.8700481567685 3.092270851135254
217 4275.43167 4302.948370166666 9462.747058044179 3.106442928314209
218 4275.43167 4297.733768333333 7786.505434119204 3.12001895904541
219 4275.43167 4295.366929266666 7442.129382346996 3.133488893508911
220 4275.43167 4297.832906366666 9109.05405859129 3.1484580039978027
221 4275.43167 4298.842962833333 9918.651167936365 3.162368059158325
222 4275.43167 4293.9947711666655 6402.184929766635 3.1759989261627197
223 4275.43167 4299.917082433332 8307.6078418898 3.18947696685791
224 4275.43167 4301.756902599999 9880.284493740373 3.2030038833618164
225 4275.43167 4289.545567066665 4872.29601113216 3.216681957244873
226 4275.43167 4287.956020899999 4204.619694757365 3.230314016342163
227 4275.43167 4296.132476066666 7009.74486113631 3.2437987327575684
228 4275.43167 4293.147081166667 5178.167672907596 3.2571399211883545
229 4275.43167 4290.918375666666 4013.361228792918 3.27112078666687
230 4275.43167 4293.149166533332 5704.2368629555385 3.285050868988037
231 4275.43167 4295.276582366666 6941.92055224101 3.2985680103302
232 4275.43167 4288.924266399999 4351.468621541766 3.3121848106384277
233 4275.43167 4288.512215033333 4400.171121126581 3.3256618976593018
234 4275.43167 4297.605728133333 7554.680071257955 3.339995861053467
235 4275.43167 4292.553714166666 5222.427189925626 3.3543899059295654
236 4275.43167 4291.825171933332 4563.248754431649 3.368021011352539
237 4275.43167 4290.092047933333 3720.8797269778033 3.3815598487854004
238 4275.43167 4297.8829160666655 7519.886845866919 3.3951597213745117
239 4275.43167 4299.7440037666665 7257.60055035724 3.408747673034668
240 4275.43167 4302.2505262333325 8725.005216939655 3.422308921813965
241 4275.43167 4303.2004450333325 9680.534317268963 3.43617582321167
242 4275.43167 4297.8248269333335 8742.181174284242 3.4495999813079834
243 4275.43167 4300.814043433333 10457.112141525557 3.4630649089813232
244 4275.43167 4297.860227566665 8619.178753457863 3.476875066757202
245 4275.43167 4294.566930466666 6081.540691173903 3.4903249740600586
246 4275.43167 4294.578053633332 6126.981692587902 3.504072904586792
247 4275.43167 4291.596237166666 4425.452163106445 3.517833948135376
248 4275.43167 4298.733636033333 6960.52117861479 3.5316569805145264
249 4275.43167 4302.289657633332 9272.280905430702 3.5452418327331543
4275.43167 3.5587568283081055
2
0 72262.73554000001 86555.9579118 24519483.46905849 0.028712749481201172
1 25226.662419999997 83327.12059193333 40554871.78047864 0.07176589965820312
2 10248.611 66825.25566543333 454747476.4455675 0.10384202003479004
3 5921.302820000001 53518.111375333334 736917522.2034774 0.1308751106262207
4 4665.0484 41427.03037926667 751710850.0738328 0.15342307090759277
5 4665.0484 31203.354845533333 616076576.7552886 0.17413902282714844
6 4491.71543 24746.131662666667 490142830.3825836 0.19330286979675293
7 4491.71543 20835.878969766665 439720396.1620181 0.2119138240814209
8 4312.62664 16904.322086133332 326979721.98834145 0.22864603996276855
9 4312.62664 14052.406114033334 286069515.91980135 0.24445486068725586
10 4312.62664 11413.939950466669 191747905.81872603 0.259660005569458
11 4312.62664 10010.8320537 142063987.47977376 0.2747187614440918
12 4312.62664 8721.892055466667 107693481.82474583 0.2893691062927246
13 4312.62664 7603.971700966668 75575643.734941 0.3037397861480713
14 4312.62664 6965.194176166668 65285091.64884323 0.3180100917816162
15 4312.62664 6327.4731728333345 47953035.4676292 0.3317580223083496
16 4312.62664 5946.141816000001 35898150.57049975 0.34568095207214355
17 4312.62664 5278.298039366668 19776219.45387562 0.35924601554870605
18 4312.62664 5122.7699075 17238787.215024136 0.3725569248199463
19 4312.62664 4896.1760823 13891860.758535853 0.38632798194885254
20 4312.62664 4840.325772233334 13686514.877545405 0.39980578422546387
21 4312.62664 4735.608277166667 10225793.702235527 0.41306090354919434
22 4312.62664 4623.935378133335 5886865.576792714 0.42633581161499023
23 4312.62664 4586.748096033335 3918638.4151168806 0.4399878978729248
24 4312.62664 4518.572821233334 2978157.639823882 0.45413970947265625
25 4312.62664 4479.306408266667 2651708.662706272 0.4684000015258789
26 4312.62664 4410.470981366668 761969.4655454054 0.48178982734680176
27 4312.62664 4406.398004166668 760513.4683041943 0.4952397346496582
28 4312.62664 4381.952131900001 662249.8846850593 0.5087080001831055
29 4312.62664 4382.373904033334 662189.3571383859 0.5221648216247559
30 4312.62664 4379.9824419000015 656895.3519214873 0.535269021987915
31 4312.62664 4333.262222933335 6020.847722842139 0.5488159656524658
32 4312.62664 4328.8947518 4748.345944531726 0.5620918273925781
33 4312.62664 4330.991923500002 5582.75658887536 0.575570821762085
34 4312.62664 4331.204120000001 5734.764454323668 0.5895867347717285
35 4312.62664 4329.030801033334 4678.512266828136 0.6031229496002197
36 4312.62664 4327.249842000001 4261.127017411383 0.6164069175720215
37 4312.62664 4323.961175700001 3436.7131490488246 0.6301238536834717
38 4312.62664 4330.376614966667 5297.410501201865 0.6435041427612305
39 4312.62664 4328.283585033335 4742.285047025611 0.6570549011230469
40 4312.62664 4329.769115766668 5981.42263364788 0.6706328392028809
41 4312.62664 4328.419784966668 5528.206253250893 0.6841220855712891
42 4312.62664 4333.8261096333335 6950.948849288775 0.6971907615661621
43 4312.62664 4328.176392566667 4610.648511457101 0.710655927658081
44 4312.62664 4325.762235266668 3935.5459889736894 0.7238819599151611
45 4312.62664 4326.541537966667 4261.787576939155 0.7370619773864746
46 4312.62664 4332.912102633334 6086.57170564091 0.75040602684021
47 4312.62664 4335.591054966667 7252.703534247785 0.7632579803466797
48 4312.62664 4330.855918200002 5768.343334756245 0.77622389793396
49 4312.62664 4337.632455033334 8271.444638793293 0.7895569801330566
50 4275.43167 4332.662011266668 6510.748948657098 0.8027780055999756
51 4275.43167 4313.498106866667 3139.0702475954195 0.8160128593444824
52 4275.43167 4308.219679866667 3925.315574302512 0.8293888568878174
53 4275.43167 4308.351274266667 6284.998138201943 0.8427729606628418
54 4275.43167 4308.6071376 7854.833200877031 0.8559930324554443
55 4275.43167 4304.295757633333 6749.365250719307 0.8692758083343506
56 4275.43167 4298.096049699999 5439.662056003948 0.8826789855957031
57 4275.43167 4296.514731666666 5178.680650727734 0.8958938121795654
58 4275.43167 4293.8878196999985 5562.273748474029 0.9092390537261963
59 4275.43167 4288.107803033333 3828.987491611866 0.9225599765777588
60 4275.43167 4289.095560733333 4286.227696244285 0.9357049465179443
61 4275.43167 4294.101767499999 6177.388938446336 0.9491047859191895
62 4275.43167 4293.4043862 6272.871129488258 0.9624638557434082
63 4275.43167 4291.846716 5362.975162851647 0.9756579399108887
64 4275.43167 4289.9544535333325 3953.8095765513244 0.9890117645263672
65 4275.43167 4293.393664499999 5280.1361411800235 1.0022289752960205
66 4275.43167 4289.935140866665 4546.185871620467 1.015516757965088
67 4275.43167 4289.845602266666 4695.594839009926 1.0288770198822021
68 4275.43167 4293.414403066666 6748.975230641978 1.0420658588409424
69 4275.43167 4290.526838499999 5881.516707901892 1.0551979541778564
70 4275.43167 4287.338113166666 4279.657222912142 1.068917989730835
71 4275.43167 4291.869617099999 6423.2323016279415 1.0822899341583252
72 4275.43167 4294.847311133332 7137.215397226646 1.095808982849121
73 4275.43167 4295.8757774 6680.307494991668 1.1093590259552002
74 4275.43167 4294.944953466666 7123.359090600104 1.122952938079834
75 4275.43167 4300.362899399999 9627.369778268665 1.136315107345581
76 4275.43167 4304.450111633333 11396.335338856385 1.1497430801391602
77 4275.43167 4300.532180833332 10375.24486525047 1.1630918979644775
78 4275.43167 4296.339392033333 8126.095562469509 1.1765379905700684
79 4275.43167 4300.817047066666 10935.31793859172 1.1907539367675781
80 4275.43167 4299.425763199999 9990.256346989383 1.2047178745269775
81 4275.43167 4296.561773166666 8832.284186464924 1.2185819149017334
82 4275.43167 4292.276166166666 5427.303147297162 1.2325658798217773
83 4275.43167 4294.388325299999 6567.448125804096 1.2464709281921387
84 4275.43167 4294.175840499999 5661.830496391583 1.2600970268249512
85 4275.43167 4293.521676666666 6194.537938989265 1.2737820148468018
86 4275.43167 4298.8000415 8285.809264158144 1.2874348163604736
87 4275.43167 4298.154115099999 10351.084917928332 1.3008067607879639
88 4275.43167 4295.6085145 9072.200965108477 1.3143060207366943
89 4275.43167 4293.2129215666655 7834.918993628283 1.3288419246673584
90 4275.43167 4292.369469366666 8106.6292266087 1.3429718017578125
91 4275.43167 4296.339570566665 9671.15349858891 1.3577687740325928
92 4275.43167 4302.766213933332 11487.69542549843 1.3714847564697266
93 4275.43167 4300.724556233333 10955.440379591479 1.3850798606872559
94 4275.43167 4296.256489399999 9064.389788359753 1.398766040802002
95 4275.43167 4293.011054333333 6216.207502820881 1.4123530387878418
96 4275.43167 4293.284814 5852.3325324005755 1.425703763961792
97 4275.43167 4295.811038066666 6859.894028557387 1.439620018005371
98 4275.43167 4293.703683633333 6486.938308948214 1.4534928798675537
99 4275.43167 4292.586723966665 6002.814950465389 1.4682238101959229
100 4275.43167 4295.7148206 6611.193696759922 1.4824061393737793
101 4275.43167 4291.626837566666 5020.935526919263 1.495893955230713
102 4275.43167 4292.721028033333 6356.776913953818 1.5096869468688965
103 4275.43167 4292.523543166666 6486.18109519679 1.5238239765167236
104 4275.43167 4292.318075333333 7951.5450107024235 1.5372889041900635
105 4275.43167 4288.7829661 6518.780345665904 1.5504827499389648
106 4275.43167 4287.425645133333 4468.397702104531 1.564316749572754
107 4275.43167 4292.557743366667 6914.002715260522 1.5781049728393555
108 4275.43167 4296.897579399999 8268.06072873941 1.5918099880218506
109 4275.43167 4293.525709566667 6879.893215475982 1.605853796005249
110 4275.43167 4293.058094666666 6356.655077168182 1.6192538738250732
111 4275.43167 4293.271784899999 7081.376042159957 1.6325619220733643
112 4275.43167 4292.788923166666 6819.916677132891 1.6459367275238037
113 4275.43167 4291.731702133333 6443.773363591569 1.659390926361084
114 4275.43167 4292.2121812 6849.401976274103 1.6731188297271729
115 4275.43167 4298.185394466666 9164.265592554351 1.687046766281128
116 4275.43167 4300.224160366666 10483.925163558899 1.7007129192352295
117 4275.43167 4298.067011699999 9572.201534495025 1.7142109870910645
118 4275.43167 4296.640935666666 8296.028507524701 1.7283790111541748
119 4275.43167 4297.075502633333 9057.984399381718 1.7421579360961914
120 4275.43167 4297.1402626 8215.313996040008 1.755666732788086
121 4275.43167 4300.691943399999 9019.938325348608 1.7693259716033936
122 4275.43167 4305.5869612 10030.979809237511 1.7827818393707275
123 4275.43167 4297.549383033333 6875.021095316819 1.7961199283599854
124 4275.43167 4303.425322499999 9976.471523599615 1.8098738193511963
125 4275.43167 4305.366402999999 15715.63393408666 1.8236668109893799
126 4275.43167 4299.083602299999 13285.180658106285 1.8370859622955322
127 4275.43167 4294.839883966666 9286.69758397105 1.8507349491119385
128 4275.43167 4286.765729133333 6429.438834756483 1.864501953125
129 4275.43167 4292.073412799999 8820.155685113874 1.8782157897949219
130 4275.43167 4296.979297766666 10036.176515775178 1.8921799659729004
131 4275.43167 4289.160582133333 4568.180828922993 1.905674934387207
132 4275.43167 4289.326322833333 4829.553483916339 1.9192559719085693
133 4275.43167 4298.557264833333 10841.186502696664 1.9327988624572754
134 4275.43167 4295.441420833333 7696.173169195143 1.9464490413665771
135 4275.43167 4293.425630533333 5652.303945141937 1.9597628116607666
136 4275.43167 4291.916991066667 5523.340527969489 1.9736099243164062
137 4275.43167 4294.588543366665 7078.435893244785 1.986961841583252
138 4275.43167 4290.608880566666 5999.275100755586 2.0001630783081055
139 4275.43167 4300.386326566666 9255.30414201452 2.0137248039245605
140 4275.43167 4295.530706766666 7817.511645101773 2.0275120735168457
141 4275.43167 4291.410195299999 5825.0746545344655 2.040775775909424
142 4275.43167 4295.039690299999 6758.745630201466 2.054144859313965
143 4275.43167 4299.687103433333 9110.39041885995 2.0677270889282227
144 4275.43167 4306.466353033333 12453.868993607868 2.0812859535217285
145 4275.43167 4296.286010499999 7248.137994288237 2.0948469638824463
146 4275.43167 4292.6842995 6287.607920837531 2.108350992202759
147 4275.43167 4294.022334966666 6468.967431823112 2.1217010021209717
148 4275.43167 4292.1548661 6270.301960175353 2.135098934173584
149 4275.43167 4297.299988466666 8219.450147901543 2.1486220359802246
150 4275.43167 4296.190886733333 7543.4450256086175 2.1619129180908203
151 4275.43167 4297.3907684666665 7997.268074237653 2.175968885421753
152 4275.43167 4295.484698799999 6789.252724035955 2.1899399757385254
153 4275.43167 4298.483438899999 8227.562073968249 2.2037758827209473
154 4275.43167 4289.788847733333 4836.89662914385 2.2178878784179688
155 4275.43167 4286.676222033333 3817.9853222579386 2.231600046157837
156 4275.43167 4289.361353366665 5478.387996246358 2.2450318336486816
157 4275.43167 4286.773108466666 4008.444937587303 2.2585010528564453
158 4275.43167 4291.168446533333 5513.206814545996 2.2718329429626465
159 4275.43167 4294.854745066666 6993.1765389274215 2.2851219177246094
160 4275.43167 4296.278640566666 6927.106770900821 2.2984778881073
161 4275.43167 4298.580500266666 7566.057074789141 2.3119149208068848
162 4275.43167 4291.651517033332 5253.287007698133 2.3252339363098145
163 4275.43167 4295.516538 8302.01598448465 2.3392140865325928
164 4275.43167 4292.769968999999 5826.194718366243 2.352874994277954
165 4275.43167 4292.0820371 5752.055572445808 2.3662209510803223
166 4275.43167 4291.700966433334 5261.739503678316 2.3798770904541016
167 4275.43167 4294.068445599999 6170.685441326018 2.393361806869507
168 4275.43167 4290.937609499999 5278.975006241244 2.4065799713134766
169 4275.43167 4296.408119033333 7204.7177407517565 2.4199490547180176
170 4275.43167 4296.158776166666 6640.7575237122655 2.4334850311279297
171 4275.43167 4294.263506699999 6674.786655717469 2.447312116622925
172 4275.43167 4294.202995299999 6266.543539266962 2.4615280628204346
173 4275.43167 4299.026692933333 8420.640489443547 2.4755659103393555
174 4275.43167 4292.0108236999995 4708.013879757063 2.488802909851074
175 4275.43167 4294.466303333333 6151.1341796371225 2.502427816390991
176 4275.43167 4299.427124366666 7978.778622975924 2.515800952911377
177 4275.43167 4301.378047366667 8996.765185818213 2.5293028354644775
178 4275.43167 4300.618612066666 9274.095681136987 2.5426108837127686
179 4275.43167 4291.953296799999 6184.345081435664 2.556140899658203
180 4275.43167 4292.488007733333 6835.05832156624 2.5696799755096436
181 4275.43167 4296.774895966666 8492.740325854338 2.5834097862243652
182 4275.43167 4293.246722999999 7152.076339914408 2.5966038703918457
183 4275.43167 4294.226443566666 9318.072586412423 2.6099958419799805
184 4275.43167 4288.053606133332 6572.348099931413 2.6236159801483154
185 4275.43167 4288.563917099999 4601.120071331566 2.636993885040283
186 4275.43167 4295.467380466666 7005.758453637458 2.650439739227295
187 4275.43167 4296.982426866665 7278.120494983802 2.6638357639312744
188 4275.43167 4300.692417633332 9016.27293533038 2.6770920753479004
189 4275.43167 4302.765841033333 10340.763890379481 2.690680980682373
190 4275.43167 4294.226739399999 7094.056977576541 2.7043581008911133
191 4275.43167 4295.3916862666665 7544.941124647489 2.7180988788604736
192 4275.43167 4294.402980499999 6227.994436622228 2.7319767475128174
193 4275.43167 4298.172408733332 7928.496819223238 2.7457377910614014
194 4275.43167 4298.5195159333325 8700.943300180727 2.759276866912842
195 4275.43167 4300.245581366667 9408.541587431462 2.772620916366577
196 4275.43167 4295.084359666666 6644.180246963961 2.78653883934021
197 4275.43167 4293.151777266666 5761.983454832372 2.800218105316162
198 4275.43167 4296.954471033334 7700.703448439166 2.8138301372528076
199 4275.43167 4293.340043499999 6380.186405274101 2.8274269104003906
200 4275.43167 4292.081375599999 5511.712087093235 2.8409388065338135
201 4275.43167 4296.639218266666 7474.506052750026 2.8541839122772217
202 4275.43167 4295.603425666666 7039.203512380583 2.8676950931549072
203 4275.43167 4295.112643233333 7459.235547037094 2.881258964538574
204 4275.43167 4292.510798366666 6113.27478038074 2.8948209285736084
205 4275.43167 4295.386465366666 7669.111842787165 2.9085569381713867
206 4275.43167 4286.736248566666 4286.19180636216 2.9220409393310547
207 4275.43167 4289.697664133332 4771.781599512189 2.935422897338867
208 4275.43167 4290.053501933334 4454.072937008312 2.9491748809814453
209 4275.43167 4294.2182692666665 6290.286201067505 2.9628469944000244
210 4275.43167 4296.493545966666 7433.240373742347 2.97632098197937
211 4275.43167 4300.087446999999 8596.94304357127 2.990344762802124
212 4275.43167 4298.8845108 7375.5898133536075 3.0038928985595703
213 4275.43167 4304.268185466666 9244.673597826944 3.0172019004821777
214 4275.43167 4310.696235233333 12170.235428192196 3.030949115753174
215 4275.43167 4308.1203125 11255.323869868142 3.0445077419281006
216 4275.43167 4306.103600099999 10526.06106158343 3.0577268600463867
217 4275.43167 4298.353406833333 8339.364652064669 3.0713038444519043
218 4275.43167 4301.3215009333335 10033.772534804035 3.0846970081329346
219 4275.43167 4304.556996699999 10813.247468732303 3.0979487895965576
220 4275.43167 4300.659209666665 9806.076396039227 3.111483097076416
221 4275.43167 4294.9832130666655 7311.949612457999 3.1251449584960938
222 4275.43167 4293.495617499999 6148.444759735189 3.138498067855835
223 4275.43167 4295.309710666666 6602.959408625827 3.151934862136841
224 4275.43167 4296.551851766665 7137.87708009481 3.165189027786255
225 4275.43167 4296.602908066667 6423.256876656208 3.1792778968811035
226 4275.43167 4294.523927633332 6179.745342263776 3.1933350563049316
227 4275.43167 4297.5998571 8117.090098301495 3.2074427604675293
228 4275.43167 4295.725975633332 6818.69343083717 3.2208139896392822
229 4275.43167 4294.726853366667 6575.577153025828 3.234755039215088
230 4275.43167 4285.377469433332 3325.5429650807223 3.2481777667999268
231 4275.43167 4286.996803466665 4652.295849171162 3.2617199420928955
232 4275.43167 4286.909855099999 4348.4180756376345 3.275239944458008
233 4275.43167 4290.150018699999 5790.778496933884 3.288843870162964
234 4275.43167 4295.965027666666 7064.589712210859 3.302182912826538
235 4275.43167 4289.746718066665 5119.05229798195 3.316240072250366
236 4275.43167 4295.259511466666 7213.589999556709 3.329793930053711
237 4275.43167 4294.2778506333325 7040.671206784953 3.3432469367980957
238 4275.43167 4298.602512933333 8435.77913743471 3.35734486579895
239 4275.43167 4301.571117133332 9509.900490224023 3.370727777481079
240 4275.43167 4289.896927 4905.122378559946 3.3845369815826416
241 4275.43167 4289.874023633332 5516.202335171568 3.3982009887695312
242 4275.43167 4298.796811733333 9460.282352922552 3.4117050170898438
243 4275.43167 4294.1463564999995 7202.107270077374 3.424679756164551
244 4275.43167 4294.471161133333 8062.0224141495655 3.4381790161132812
245 4275.43167 4292.193758733333 6586.401822957218 3.4520859718322754
246 4275.43167 4291.036943666666 5064.601637766624 3.466042995452881
247 4275.43167 4293.337331633334 5108.958529126106 3.4806439876556396
248 4275.43167 4293.7446056 5900.416712604837 3.4942970275878906
249 4275.43167 4292.722669399998 5670.892204116563 3.5079448223114014
4275.43167 3.5216639041900635
3
0 73929.56833000001 86310.18284766667 24811914.618468337 0.02773308753967285
1 23893.384289999998 83645.94236583334 37051271.504666395 0.07115030288696289
2 10451.45146 69522.72486870001 420370718.12107486 0.10441923141479492
3 5615.09612 54456.6257407 695480584.0933294 0.13149309158325195
4 5319.16692 42412.43960813333 746162216.0874623 0.1551361083984375
5 4979.02868 32369.0984304 681844807.8515861 0.17639899253845215
6 4747.318300000001 25428.54711113333 575195372.5939329 0.19510889053344727
7 4747.318300000001 20420.207751866663 448992414.23472476 0.21294212341308594
8 4508.73657 16873.2031856 369262950.65790427 0.2294752597808838
9 4508.73657 14037.316786200001 302049186.5912359 0.24506711959838867
10 4508.73657 11613.220851433332 224424005.76680985 0.26043701171875
11 4488.70338 10083.935908200001 162998272.45186102 0.27509117126464844
12 4488.70338 8699.1563678 125215209.96052831 0.28917717933654785
13 4358.08204 7474.673139400001 71233578.59384313 0.3032951354980469
14 4358.08204 6815.878587200001 54224998.16858659 0.31784510612487793
15 4358.08204 6147.203408666667 44923469.073044315 0.33208417892456055
16 4358.08204 5675.562954333333 30721997.497262757 0.34647417068481445
17 4358.08204 5306.893492933334 23553507.23167799 0.3606228828430176
18 4358.08204 5046.0346318 10587628.733528804 0.3744781017303467
19 4358.08204 4873.840194766667 5545833.458210506 0.38814210891723633
20 4358.08204 4685.369022633334 1897643.5681073158 0.4017648696899414
21 4358.08204 4607.535994333334 918602.971373679 0.4151749610900879
22 4358.08204 4536.708133866668 645787.62268453 0.42892026901245117
23 4327.08189 4482.697790266667 507759.32282090763 0.4424741268157959
24 4307.96633 4448.110204566667 242999.60905073464 0.4559450149536133
25 4307.96633 4433.955216000001 237294.57663103947 0.46953606605529785
26 4275.43167 4387.9011466 64326.14196499191 0.48296093940734863
27 4275.43167 4363.092739799999 49796.3217322225 0.4964010715484619
28 4275.43167 4340.5275808666665 15014.13378386929 0.5101120471954346
29 4275.43167 4332.170207833333 16223.17908788312 0.5234701633453369
30 4275.43167 4325.419951433333 13360.26391849483 0.5368609428405762
31 4275.43167 4324.263850833334 15416.534225748737 0.55057692527771
32 4275.43167 4323.071192866666 16136.74764262593 0.5637540817260742
33 4275.43167 4314.619443633333 14038.092936190034 0.576995849609375
34 4275.43167 4310.3753908 11499.549798055745 0.5909719467163086
35 4275.43167 4306.496788566666 12244.355631960074 0.6051709651947021
36 4275.43167 4301.269537666667 10416.539492945445 0.6189041137695312
37 4275.43167 4296.899750799999 9299.094101655757 0.6327931880950928
38 4275.43167 4300.356254133333 11447.577099142994 0.6462092399597168
39 4275.43167 4302.992962166665 12993.36519543108 0.6597709655761719
40 4275.43167 4297.371750766666 11148.979273627772 0.6736800670623779
41 4275.43167 4294.5211942999995 8265.122076046922 0.6874330043792725
42 4275.43167 4294.9311146 8351.41928974161 0.7010741233825684
43 4275.43167 4297.682491866666 8200.646336445536 0.7146251201629639
44 4275.43167 4296.167589566666 8114.728211410992 0.7287790775299072
45 4275.43167 4292.5081709999995 5059.283470842148 0.7426719665527344
46 4275.43167 4300.419435933332 8387.156447089477 0.7562761306762695
47 4275.43167 4299.474243033333 7953.41449203783 0.769895076751709
48 4275.43167 4300.0170063 8729.241168468041 0.7834031581878662
49 4275.43167 4302.555759433332 9530.475709053499 0.7970819473266602
50 4275.43167 4302.046582499999 9061.230333027266 0.8107452392578125
51 4275.43167 4294.667324766666 6948.558826589823 0.8242619037628174
52 4275.43167 4297.629694299999 7878.035963704324 0.8380060195922852
53 4275.43167 4309.285584066666 13103.479069165971 0.8514649868011475
54 4275.43167 4301.408266933332 10108.351139056276 0.8650572299957275
55 4275.43167 4292.679766066666 6206.765722218883 0.8785560131072998
56 4275.43167 4294.397399999999 8547.581935582115 0.8918600082397461
57 4275.43167 4299.6970212999995 8874.50356709881 0.9054501056671143
58 4275.43167 4294.322856233333 7236.319137910853 0.9191710948944092
59 4275.43167 4293.281531199999 6731.755889791264 0.9327208995819092
60 4275.43167 4295.6022650333325 7470.0004747526655 0.9459819793701172
61 4275.43167 4287.809235399999 3950.533025613729 0.9595432281494141
62 4275.43167 4288.000488066667 3952.9015835743194 0.9729559421539307
63 4275.43167 4295.106012833333 6996.969424425671 0.9864850044250488
64 4275.43167 4296.893695 7847.542967611466 1.0004210472106934
65 4275.43167 4298.4254578 8948.13253183002 1.0140039920806885
66 4275.43167 4296.2983292 8218.262098231484 1.0273549556732178
67 4275.43167 4291.771458599999 5894.999641805355 1.0409958362579346
68 4275.43167 4289.959659666666 5747.733001522356 1.054650068283081
69 4275.43167 4291.594619333333 6005.770227395512 1.0682740211486816
70 4275.43167 4294.3857223333325 7557.705153708026 1.081836223602295
71 4275.43167 4297.078724599999 8245.398831430655 1.095137119293213
72 4275.43167 4292.576188066665 6749.854913136548 1.1084580421447754
73 4275.43167 4289.700080833332 5492.727896449904 1.1220331192016602
74 4275.43167 4291.192494133333 5211.061690771186 1.1356511116027832
75 4275.43167 4294.379278266666 6120.382848878455 1.1492021083831787
76 4275.43167 4300.7522015666655 8276.583407782637 1.1626629829406738
77 4275.43167 4295.055725099998 7345.467724258249 1.1760849952697754
78 4275.43167 4290.500453533333 5491.068530479389 1.1893231868743896
79 4275.43167 4287.021811633332 3853.3484510619983 1.2027568817138672
80 4275.43167 4287.888075166666 4706.27205224705 1.2160992622375488
81 4275.43167 4291.374279766666 5579.138497170349 1.2295570373535156
82 4275.43167 4294.797483599999 7481.027526942497 1.2432751655578613
83 4275.43167 4297.252182933333 9597.256256933773 1.2568819522857666
84 4275.43167 4286.449818599999 3174.4966365576947 1.2703371047973633
85 4275.43167 4290.500230333333 5933.48513672563 1.2840721607208252
86 4275.43167 4290.382599699999 5203.368708335177 1.297619104385376
87 4275.43167 4288.170050433332 4673.737673034815 1.311300277709961
88 4275.43167 4296.898831933333 7554.065511279269 1.3253240585327148
89 4275.43167 4294.218893666665 9354.466221943081 1.3393852710723877
90 4275.43167 4297.086866366666 7412.0348776197125 1.353606939315796
91 4275.43167 4297.933245533332 6967.753850584273 1.367415189743042
92 4275.43167 4298.562169 7383.259371508087 1.3809921741485596
93 4275.43167 4296.857295333333 7992.963633085719 1.3946902751922607
94 4275.43167 4298.017027466666 8469.43138133796 1.4083690643310547
95 4275.43167 4293.854604033332 7179.980033463774 1.4217901229858398
96 4275.43167 4293.117710599999 6408.062070256573 1.4353790283203125
97 4275.43167 4286.329643133332 3683.6907858095155 1.4490830898284912
98 4275.43167 4290.505750166666 5380.462760145031 1.4625720977783203
99 4275.43167 4294.480371166666 7042.854725870497 1.4759702682495117
100 4275.43167 4291.444091133332 5470.032923449463 1.4898912906646729
101 4275.43167 4289.582927166666 5353.8044712817355 1.503769874572754
102 4275.43167 4291.4046076333325 5231.401653304445 1.5173749923706055
103 4275.43167 4294.9931019 6785.646880229855 1.5313470363616943
104 4275.43167 4294.945992066666 6887.918450085613 1.5450692176818848
105 4275.43167 4291.129083399999 5190.681011551427 1.5582029819488525
106 4275.43167 4291.802650566666 5673.2111921440965 1.5715699195861816
107 4275.43167 4296.032125933333 6563.751919021733 1.5857150554656982
108 4275.43167 4298.963093966667 7410.2883417221965 1.5998589992523193
109 4275.43167 4298.298297833333 7699.7386386762155 1.613710880279541
110 4275.43167 4295.409153066666 7024.961667802385 1.6276140213012695
111 4275.43167 4290.4637587 4208.603407074155 1.6408159732818604
112 4275.43167 4288.757456899999 3954.8974250281003 1.6542160511016846
113 4275.43167 4290.392590866665 5780.631140471475 1.6676292419433594
114 4275.43167 4289.960923533333 6356.650801991064 1.6810171604156494
115 4275.43167 4295.9140382666665 8168.228087364019 1.6948060989379883
116 4275.43167 4296.778516633333 9181.466541606322 1.7082231044769287
117 4275.43167 4298.529697666666 8776.05461401523 1.7213780879974365
118 4275.43167 4296.1964929999995 8144.7936418943 1.7347469329833984
119 4275.43167 4294.502104833333 7346.742278201001 1.7482619285583496
120 4275.43167 4297.013158666666 8571.957151504172 1.76157808303833
121 4275.43167 4293.1085477999995 6059.413421260481 1.7748329639434814
122 4275.43167 4288.622951233333 4515.845068310285 1.7879490852355957
123 4275.43167 4291.399879966665 5132.971473301014 1.8015801906585693
124 4275.43167 4295.6353383666665 6704.485320758253 1.8152899742126465
125 4275.43167 4290.270997633333 4501.400692312315 1.828834056854248
126 4275.43167 4292.5729937999995 5901.960719257011 1.8422281742095947
127 4275.43167 4289.635434566666 4432.409132202167 1.8558311462402344
128 4275.43167 4292.192957 5444.609155340171 1.8692140579223633
129 4275.43167 4292.438626633332 5847.6467491112 1.8825650215148926
130 4275.43167 4293.235434033333 5531.3933587702 1.896049976348877
131 4275.43167 4289.737826466666 4515.659661841386 1.909553050994873
132 4275.43167 4292.516841233332 6141.3233470596515 1.9226782321929932
133 4275.43167 4295.4129198 6738.205364195133 1.9361460208892822
134 4275.43167 4291.419965266666 5995.724765795873 1.9495391845703125
135 4275.43167 4291.723995499999 6017.57758519449 1.9629950523376465
136 4275.43167 4291.8481053666665 5672.198886197366 1.976661205291748
137 4275.43167 4290.524488233333 4907.376805764896 1.9900360107421875
138 4275.43167 4296.7672199 9182.120677130331 2.0036330223083496
139 4275.43167 4298.960429566666 10653.921740284011 2.0173110961914062
140 4275.43167 4303.733190666666 10284.69196225191 2.0309112071990967
141 4275.43167 4298.709629966666 7239.4690975367375 2.0443532466888428
142 4275.43167 4296.9101507999985 7285.8008141554565 2.057913303375244
143 4275.43167 4292.525766399999 6944.894204506863 2.071223258972168
144 4275.43167 4294.249351666666 6927.015962789715 2.084461212158203
145 4275.43167 4296.269928033333 7727.249349411149 2.097913980484009
146 4275.43167 4291.810835066666 5538.569615588626 2.111286163330078
147 4275.43167 4291.826896233333 5080.929060300679 2.1247172355651855
148 4275.43167 4293.3840715999995 5386.116266606925 2.1383252143859863
149 4275.43167 4297.293067933333 6791.941423598188 2.1517152786254883
150 4275.43167 4300.487641433333 8789.05058402107 2.164983034133911
151 4275.43167 4300.060886766667 8692.679690966761 2.178551197052002
152 4275.43167 4297.231364533333 8847.728025709617 2.19203519821167
153 4275.43167 4296.941379099999 8198.030479545894 2.2053442001342773
154 4275.43167 4291.648507499999 5738.537346894833 2.219228982925415
155 4275.43167 4293.996483 6599.078402318328 2.232767105102539
156 4275.43167 4296.848907366667 7032.577361551814 2.24653697013855
157 4275.43167 4293.064036033334 5170.377118268028 2.26045298576355
158 4275.43167 4293.8504136 7029.65284792597 2.2738540172576904
159 4275.43167 4289.397662799999 6052.993926725774 2.2874040603637695
160 4275.43167 4292.520086799999 6276.391815006703 2.301060914993286
161 4275.43167 4289.649894766666 4561.989660715385 2.3149399757385254
162 4275.43167 4295.447693033332 6758.5466982772205 2.3289060592651367
163 4275.43167 4292.843298266666 6917.923638022035 2.343318223953247
164 4275.43167 4290.048358199999 5341.9481227959495 2.357473134994507
165 4275.43167 4298.9904394333325 9187.088346560082 2.370980978012085
166 4275.43167 4303.9204955 10988.886010568758 2.384843111038208
167 4275.43167 4303.209758666666 10810.110599760575 2.398271083831787
168 4275.43167 4296.486918499999 8402.452287334068 2.411439895629883
169 4275.43167 4292.627054133333 5463.061217635214 2.4249329566955566
170 4275.43167 4297.347773799999 7297.088257302001 2.4388182163238525
171 4275.43167 4299.402305766666 7988.3732591933185 2.4525020122528076
172 4275.43167 4299.860481666666 8049.7517979513605 2.4663021564483643
173 4275.43167 4296.8039561 8103.704573239529 2.479969024658203
174 4275.43167 4293.765658166666 6542.970048432085 2.493687152862549
175 4275.43167 4289.825155766666 4937.420090767071 2.507491111755371
176 4275.43167 4293.362611166665 6650.828600123786 2.5210180282592773
177 4275.43167 4285.407342299999 3641.9007110869793 2.534508228302002
178 4275.43167 4292.185037933332 6061.25138550479 2.5481791496276855
179 4275.43167 4298.841231933333 10403.059541634504 2.5615310668945312
180 4275.43167 4298.9256761999995 8241.329856332426 2.574998140335083
181 4275.43167 4292.033993466665 5767.035874254856 2.5892131328582764
182 4275.43167 4293.767775733333 6635.184237833953 2.602936267852783
183 4275.43167 4296.397817766667 9417.600265834639 2.617140054702759
184 4275.43167 4292.075624099999 8086.36463635939 2.631458044052124
185 4275.43167 4293.415954066666 8974.751916458517 2.6451950073242188
186 4275.43167 4297.7511268 9660.173592490944 2.658804178237915
187 4275.43167 4298.8823496666655 9359.850338647002 2.6725730895996094
188 4275.43167 4300.394081166666 10662.48190087903 2.686126232147217
189 4275.43167 4303.127568399999 11025.558228264166 2.6992709636688232
190 4275.43167 4294.634884766666 7815.058224558782 2.712794065475464
191 4275.43167 4297.3337901333325 9053.58753778805 2.726757049560547
192 4275.43167 4291.667200199999 7348.79273329894 2.7408242225646973
193 4275.43167 4294.895781699999 8073.464258381802 2.7556650638580322
194 4275.43167 4288.140754266666 3293.267953481668 2.7693140506744385
195 4275.43167 4292.272971533333 5238.810763114308 2.7828240394592285
196 4275.43167 4300.153692133333 10170.818686111483 2.7967100143432617
197 4275.43167 4290.213854133333 5516.333188132285 2.8105430603027344
198 4275.43167 4286.474633433332 2838.3351095374896 2.823965072631836
199 4275.43167 4287.8762431666655 3252.1382130350557 2.837501049041748
200 4275.43167 4289.496707366666 3831.3014297340724 2.8509340286254883
201 4275.43167 4289.314251033333 4369.641525728229 2.8641722202301025
202 4275.43167 4293.517825333332 6730.9981163010325 2.8777120113372803
203 4275.43167 4300.3496965333325 9417.882740294266 2.8913402557373047
204 4275.43167 4292.947398099999 6765.707857499796 2.904780149459839
205 4275.43167 4289.507763999999 4418.096386544731 2.918254852294922
206 4275.43167 4289.418094899999 6453.688179878757 2.9316601753234863
207 4275.43167 4293.9380654999995 8940.962144126295 2.944999933242798
208 4275.43167 4302.998427233333 11553.034418932002 2.958442211151123
209 4275.43167 4292.3799517 7435.344852735583 2.9718611240386963
210 4275.43167 4294.0322185333325 7673.938837012566 2.9853739738464355
211 4275.43167 4302.158741833333 10793.898408430663 2.998932123184204
212 4275.43167 4291.680255233333 6342.029223448007 3.012564182281494
213 4275.43167 4292.881462299999 6774.379044379837 3.025813102722168
214 4275.43167 4294.849406166666 7958.950437274621 3.0394411087036133
215 4275.43167 4293.6692877 7965.51828460669 3.0529401302337646
216 4275.43167 4296.671293966666 7505.011979319105 3.0663771629333496
217 4275.43167 4298.217409766666 8125.460488723222 3.0801329612731934
218 4275.43167 4305.305117233333 11337.245975704624 3.093708038330078
219 4275.43167 4300.556259566667 8388.190548848486 3.1071629524230957
220 4275.43167 4291.993425333332 5685.144481215792 3.1206321716308594
221 4275.43167 4296.597383466666 7175.240715913372 3.1340911388397217
222 4275.43167 4302.7088361666665 9842.480941780133 3.1475532054901123
223 4275.43167 4303.155824399999 10122.344868022908 3.1611669063568115
224 4275.43167 4294.859791 7669.691250933782 3.174506187438965
225 4275.43167 4290.716835099999 5666.693261395343 3.1878809928894043
226 4275.43167 4289.599274166666 4749.147463405837 3.2014880180358887
227 4275.43167 4293.474561566665 6420.969729733906 3.2151920795440674
228 4275.43167 4294.0001852 6648.611287179335 3.2284622192382812
229 4275.43167 4289.696976666666 4552.7584487080085 3.2422401905059814
230 4275.43167 4293.693182066666 7799.04315666512 3.2555830478668213
231 4275.43167 4292.652037633333 6677.569028691982 3.2687501907348633
232 4275.43167 4298.842838799999 8082.29496764946 3.282344102859497
233 4275.43167 4290.525244533333 4603.89481689837 3.295696973800659
234 4275.43167 4290.883093166666 4758.976925307833 3.3089730739593506
235 4275.43167 4291.543523633332 4706.456366711042 3.322669267654419
236 4275.43167 4291.632377599999 5352.356221937032 3.336428165435791
237 4275.43167 4294.064185499999 5562.3631665667235 3.350391149520874
238 4275.43167 4292.2930092 5165.459214736791 3.3645410537719727
239 4275.43167 4292.389380033333 5395.058425832118 3.3782870769500732
240 4275.43167 4295.2562055 7014.995553590092 3.3917489051818848
241 4275.43167 4298.298546666666 8191.9622615280705 3.4051661491394043
242 4275.43167 4294.8537578 7486.911471545209 3.4185631275177
243 4275.43167 4296.376169633333 7548.213738524088 3.4319822788238525
244 4275.43167 4293.819575399999 7228.348671246788 3.446044921875
245 4275.43167 4294.679859266666 7340.011317962833 3.459855079650879
246 4275.43167 4296.3986258999985 6844.998723600639 3.4734420776367188
247 4275.43167 4298.516615333333 8038.440753537481 3.487511157989502
248 4275.43167 4297.3365366 8457.003383234209 3.5012009143829346
249 4275.43167 4298.373000866666 7710.772208630584 3.5146372318267822
4275.43167 3.5284030437469482
