MQ4
250 4235.14701
1
0 70626.26481000001 85110.42786720001 25598345.692758143 0.02814507484436035
1 26478.361549999998 81724.46580863334 45455226.29956668 0.07162117958068848
2 12468.74168 68047.2924493 422189184.3687907 0.10526323318481445
3 6376.69479 52133.38071916667 645404425.0156947 0.13199591636657715
4 5064.11068 41112.111566733336 684121684.763987 0.15532493591308594
5 4632.99353 32027.579273733336 602251684.1978126 0.1761312484741211
6 4610.34494 25014.264129900002 519183373.4928714 0.19492197036743164
7 4562.392379999999 20265.872751766667 442602213.8110881 0.21265411376953125
8 4562.392379999999 14772.801405133338 269069871.7938828 0.23015093803405762
9 4562.392379999999 12070.2908084 203508383.20232978 0.245697021484375
10 4506.05511 10161.442086466666 143436991.84258726 0.26195788383483887
11 4428.00473 9214.821866633334 121858377.97702473 0.27695322036743164
12 4428.00473 7541.0695668666685 75729790.68307488 0.2913322448730469
13 4428.00473 6688.281561666667 56628318.76683444 0.30556392669677734
14 4288.70711 5934.5429862 26062995.02047479 0.31926989555358887
15 4288.70711 5595.0527174 21939307.15610395 0.3329920768737793
16 4273.04777 5204.1516981 11472831.824079873 0.3469069004058838
17 4273.04777 4956.489245533333 7561191.611609695 0.36059021949768066
18 4273.04777 4882.7827805 7465199.153895715 0.3741629123687744
19 4273.04777 4829.678014633333 7367300.237472229 0.3879220485687256
20 4273.04777 4746.499458466667 5934185.449227529 0.40163207054138184
21 4273.04777 4656.229600433333 3726866.1232633637 0.415132999420166
22 4273.04777 4519.080756533333 2467475.1825307035 0.42887091636657715
23 4273.04777 4503.411574066667 2380343.253515434 0.4423789978027344
24 4273.04777 4489.6727617999995 2361670.5876934035 0.4564840793609619
25 4273.04777 4470.385989599999 2237710.3070477745 0.4709010124206543
26 4235.147010000001 4354.428356533333 335854.13030770567 0.4848599433898926
27 4235.147010000001 4350.318252766667 336868.05581271526 0.4983539581298828
28 4235.147010000001 4305.237945433334 69328.31938110242 0.5120320320129395
29 4235.147010000001 4286.524148866668 12430.127535636975 0.5256280899047852
30 4235.147010000001 4279.9905603333345 9438.331148628553 0.5390138626098633
31 4235.147010000001 4279.745603033333 10160.392574793696 0.5528590679168701
32 4235.147010000001 4276.9382042666675 11990.464411014596 0.5666189193725586
33 4235.147010000001 4271.327938300001 9807.05957848912 0.5799691677093506
34 4235.147010000001 4259.6234023666675 5192.766522400645 0.5936882495880127
35 4235.147010000001 4262.243847333334 6425.575099326256 0.6072530746459961
36 4235.147010000001 4257.995148500001 6035.101048402819 0.6205499172210693
37 4235.147010000001 4257.510561933334 6146.483712040237 0.6343460083007812
38 4235.147010000001 4252.195725033334 4798.346971770133 0.6485121250152588
39 4235.147010000001 4248.798332333334 4061.2082950676954 0.6619651317596436
40 4235.147010000001 4251.109804000001 4863.979190069709 0.6758401393890381
41 4235.147010000001 4255.394757833334 6923.751051644149 0.6891889572143555
42 4235.147010000001 4254.833230933335 6481.379470470851 0.7024791240692139
43 4235.147010000001 4250.494444933334 4193.772247857107 0.716649055480957
44 4235.147010000001 4250.945939766667 5167.597928168114 0.7307651042938232
45 4235.147010000001 4250.604534733334 4823.358273606895 0.7443370819091797
46 4235.147010000001 4254.9622034 6609.742189295106 0.7578718662261963
47 4235.147010000001 4259.515335100002 8784.446041140336 0.7713181972503662
48 4235.147010000001 4251.826188700001 6160.590889106914 0.7849962711334229
49 4235.147010000001 4252.804536266668 6055.108078280158 0.79842209815979
50 4235.147010000001 4258.3508214 8892.636283955804 0.8118369579315186
51 4235.147010000001 4255.8427919000005 7515.309220923145 0.8252749443054199
52 4235.147010000001 4249.184612333334 4031.5822524142577 0.8391430377960205
53 4235.147010000001 4246.094711100001 2906.6942136612042 0.8526630401611328
54 4235.147010000001 4245.274870733334 3202.276536074272 0.8662490844726562
55 4235.147010000001 4244.664132466667 2926.676207991155 0.8797340393066406
56 4235.147010000001 4247.265563100001 4632.969385176025 0.8935649394989014
57 4235.147010000001 4252.8259855333345 6347.688066038638 0.9067940711975098
58 4235.147010000001 4250.223348666667 6584.218917991801 0.920504093170166
59 4235.147010000001 4254.6781771000005 8580.481784388683 0.9345369338989258
60 4235.147010000001 4260.393100666668 10815.06369172569 0.9481449127197266
61 4235.147010000001 4250.785779033335 6111.816334169879 0.9619810581207275
62 4235.147010000001 4254.384494600001 7601.070722869296 0.9757189750671387
63 4235.147010000001 4254.805208833334 9126.485886622497 0.9889810085296631
64 4235.147010000001 4259.4497638 10965.994922962034 1.0029170513153076
65 4235.147010000001 4262.150707866667 10303.440746479568 1.0170400142669678
66 4235.147010000001 4258.644851266668 7993.087402437975 1.0304419994354248
67 4235.147010000001 4254.398596466667 7165.972009000741 1.0440640449523926
68 4235.147010000001 4253.244562433334 6793.6707032687045 1.057631015777588
69 4235.147010000001 4256.650100566667 8428.837613255968 1.0712881088256836
70 4235.147010000001 4259.998314366668 9742.92919228747 1.0849223136901855
71 4235.147010000001 4251.0031664 6102.170914254005 1.0987672805786133
72 4235.147010000001 4249.697202433334 5842.279230612616 1.1122822761535645
73 4235.147010000001 4252.7108267 6959.833552678761 1.1258251667022705
74 4235.147010000001 4243.131944766667 2687.703494566172 1.1393091678619385
75 4235.147010000001 4249.690579066667 5123.595834479996 1.1525750160217285
76 4235.147010000001 4249.689785733333 5523.458918055432 1.166496992111206
77 4235.147010000001 4251.596376966668 6132.048495260227 1.1801753044128418
78 4235.147010000001 4251.0572599666675 5921.26127398343 1.1936521530151367
79 4235.147010000001 4251.070542933334 6269.172702097829 1.2075269222259521
80 4235.147010000001 4253.662537933334 8270.144325364005 1.2212302684783936
81 4235.147010000001 4251.751961066667 8358.617255623796 1.2347462177276611
82 4235.147010000001 4252.139991166668 6137.016687439317 1.2486491203308105
83 4235.147010000001 4251.689972333334 5608.071633156253 1.262279987335205
84 4235.147010000001 4251.758362800001 6563.126128275268 1.2754840850830078
85 4235.147010000001 4250.777944100001 6121.002985505203 1.2890920639038086
86 4235.147010000001 4247.8162054 5885.605630056594 1.3027369976043701
87 4235.147010000001 4252.826383733334 5750.16379488669 1.3159282207489014
88 4235.147010000001 4249.696529066668 4529.762548954427 1.3294670581817627
89 4235.147010000001 4251.525238100001 5436.351250981343 1.3429598808288574
90 4235.147010000001 4250.976658133334 4855.424645314731 1.356396198272705
91 4235.147010000001 4250.322803300001 4893.080647721614 1.3699378967285156
92 4235.147010000001 4250.829669433334 5328.606325718691 1.3835358619689941
93 4235.147010000001 4251.805803233334 6092.865148251562 1.3969852924346924
94 4235.147010000001 4254.574953100001 7147.128403598607 1.4105801582336426
95 4235.147010000001 4255.028330766668 7692.526269143773 1.424138069152832
96 4235.147010000001 4249.420960233334 5524.593966355271 1.4378392696380615
97 4235.147010000001 4251.044001133334 6583.754188329743 1.4519879817962646
98 4235.147010000001 4249.313154833334 5047.049177750849 1.4659709930419922
99 4235.147010000001 4249.223541633334 4738.431029733967 1.4800121784210205
100 4235.147010000001 4246.549251600001 3694.283561066543 1.494178056716919
101 4235.147010000001 4253.1461714666675 5840.466118099789 1.507777214050293
102 4235.147010000001 4256.471494566667 6829.09476527056 1.5212302207946777
103 4235.147010000001 4258.599395366668 9797.38472483566 1.5348849296569824
104 4235.147010000001 4263.256588833335 11934.13350602095 1.548659086227417
105 4235.147010000001 4259.959630333335 10130.264917493807 1.5621371269226074
106 4235.147010000001 4256.172238733335 7642.199298631864 1.5758662223815918
107 4235.147010000001 4263.268854233334 11915.360023012188 1.5894911289215088
108 4235.147010000001 4266.370269600001 12398.131955206934 1.6027143001556396
109 4235.147010000001 4253.392139966668 7036.1681475014275 1.6162922382354736
110 4235.147010000001 4254.3267141000015 7438.636620485612 1.629884958267212
111 4235.147010000001 4256.149094966667 7250.8086978678 1.6433448791503906
112 4235.147010000001 4252.679017433334 5673.390116704736 1.657181978225708
113 4235.147010000001 4256.308786366667 6558.36284719384 1.6709990501403809
114 4235.147010000001 4253.181206 5964.211326271449 1.6847412586212158
115 4235.147010000001 4252.438205400001 5861.042049073156 1.6983270645141602
116 4235.147010000001 4254.540912266667 6697.696140368687 1.7119140625
117 4235.147010000001 4253.668309400001 6271.506223185467 1.725804090499878
118 4235.147010000001 4264.649874433334 11540.959181372753 1.740196943283081
119 4235.147010000001 4258.771197700001 8765.640489011506 1.754669189453125
120 4235.147010000001 4254.604238866667 8092.943165792197 1.7686553001403809
121 4235.147010000001 4252.704329233334 6545.583531001794 1.7825002670288086
122 4235.147010000001 4255.156158700001 8271.415772154403 1.796248197555542
123 4235.147010000001 4255.575738766667 6954.51099134884 1.8097071647644043
124 4235.147010000001 4255.356942433334 7521.552528341235 1.823439121246338
125 4235.147010000001 4262.060390133334 11417.109490391082 1.8372890949249268
126 4235.147010000001 4253.7786541000005 7392.838157251157 1.850905179977417
127 4235.147010000001 4251.9596679000015 6999.349576263394 1.8646950721740723
128 4235.147010000001 4260.683052633334 9821.044367378685 1.8783581256866455
129 4235.147010000001 4252.939861666668 6629.481490912525 1.8917241096496582
130 4235.147010000001 4253.0943185000015 6574.711758536296 1.9053881168365479
131 4235.147010000001 4259.042126200001 11172.100681283378 1.9188659191131592
132 4235.147010000001 4262.149599266667 11494.446888781345 1.932300090789795
133 4235.147010000001 4260.4051960333345 10099.54910932777 1.9458651542663574
134 4235.147010000001 4253.145436533334 6815.744018905289 1.9598960876464844
135 4235.147010000001 4258.2531635333335 9653.879938306958 1.9733800888061523
136 4235.147010000001 4264.325836833334 11054.36001643374 1.9871830940246582
137 4235.147010000001 4261.5695847666675 10069.045026723641 2.0008158683776855
138 4235.147010000001 4253.716640866667 6980.828283454099 2.014346122741699
139 4235.147010000001 4257.8657090666675 9012.301055044898 2.028001070022583
140 4235.147010000001 4249.449449333334 5462.6567922872255 2.041802167892456
141 4235.147010000001 4250.437634600001 5597.744324554417 2.0551931858062744
142 4235.147010000001 4254.313368300001 6895.880394484699 2.0688741207122803
143 4235.147010000001 4248.386329100001 4261.016639543416 2.0826010704040527
144 4235.147010000001 4247.634585266667 4098.536091230447 2.0958850383758545
145 4235.147010000001 4251.1981042666675 5759.431788206575 2.1095969676971436
146 4235.147010000001 4253.045813166666 6273.157751536375 2.1230180263519287
147 4235.147010000001 4248.657426533334 5357.924599461544 2.136559247970581
148 4235.147010000001 4250.999985666668 7123.885700394483 2.150078058242798
149 4235.147010000001 4259.5793491 8200.062157270706 2.1633360385894775
150 4235.147010000001 4260.8388729 9205.751059127406 2.1770761013031006
151 4235.147010000001 4254.6334321 6256.013200969886 2.1913161277770996
152 4235.147010000001 4251.904661166667 5240.4545895925385 2.2050282955169678
153 4235.147010000001 4253.885566133334 6154.902383657903 2.218402147293091
154 4235.147010000001 4251.711121900001 5313.1768732478495 2.232194185256958
155 4235.147010000001 4256.763839900001 6994.937082189322 2.2454710006713867
156 4235.147010000001 4251.185970666667 5193.90373831697 2.2587552070617676
157 4235.147010000001 4250.206392400001 6147.096145302745 2.2724952697753906
158 4235.147010000001 4254.788998433334 8162.7745397491135 2.2862772941589355
159 4235.147010000001 4250.420258566667 5345.928715087976 2.2997891902923584
160 4235.147010000001 4251.165115766667 5594.89789683564 2.3133809566497803
161 4235.147010000001 4247.336155466668 4345.079941040248 2.326975107192993
162 4235.147010000001 4254.359837500001 7210.660867766794 2.3405802249908447
163 4235.147010000001 4248.272711300001 5141.879455823396 2.35404109954834
164 4235.147010000001 4250.340533366668 5584.941229378594 2.367530107498169
165 4235.147010000001 4250.491721633334 5662.008489586188 2.3807592391967773
166 4235.147010000001 4252.7208716000005 6669.036751778232 2.3947248458862305
167 4235.147010000001 4251.893974400001 8655.119661194129 2.408931255340576
168 4235.147010000001 4247.1732427666675 6331.652838575678 2.4227359294891357
169 4235.147010000001 4247.2547509000005 6531.788642310532 2.4366133213043213
170 4235.147010000001 4243.997738933334 3241.728573210092 2.45092511177063
171 4235.147010000001 4246.282965100001 4028.23455783089 2.4657840728759766
172 4235.147010000001 4248.288676966667 4297.50197206847 2.480154275894165
173 4235.147010000001 4252.466950866667 6290.191332168814 2.494317054748535
174 4235.147010000001 4259.161353633334 13133.534822275642 2.508132219314575
175 4235.147010000001 4254.1520561666675 6837.3791198728695 2.52205491065979
176 4235.147010000001 4255.763767433335 7334.837502640327 2.5354771614074707
177 4235.147010000001 4259.738262700001 9729.815563812954 2.549046039581299
178 4235.147010000001 4266.037651900001 11954.121176608198 2.562788248062134
179 4235.147010000001 4268.596738066667 12082.865181607853 2.576463222503662
180 4235.147010000001 4259.939238733335 8910.288757628328 2.590096950531006
181 4235.147010000001 4252.708982633334 6505.364381321906 2.6039419174194336
182 4235.147010000001 4257.368316733334 9424.411821318603 2.617537021636963
183 4235.147010000001 4252.3275219666675 5745.475668157131 2.6313180923461914
184 4235.147010000001 4253.8055216 7022.521338198008 2.6450250148773193
185 4235.147010000001 4255.327097166668 7734.585740116152 2.65858793258667
186 4235.147010000001 4257.375787400001 8472.376094368909 2.6721060276031494
187 4235.147010000001 4261.418857866668 9637.436111886514 2.6856651306152344
188 4235.147010000001 4253.420561033334 7622.083934072143 2.6992621421813965
189 4235.147010000001 4256.788654500001 8510.893028357103 2.7130188941955566
190 4235.147010000001 4255.650861266667 7857.505866825913 2.727229118347168
191 4235.147010000001 4259.1724138 9071.613131471748 2.7422542572021484
192 4235.147010000001 4253.553008633334 7109.190039484169 2.7564480304718018
193 4235.147010000001 4251.304479833334 8507.240185644854 2.7713491916656494
194 4235.147010000001 4257.874699266667 9857.776700052986 2.785675048828125
195 4235.147010000001 4258.9739905666665 9122.423605774025 2.799910068511963
196 4235.147010000001 4257.6177333000005 8258.891256069506 2.8140721321105957
197 4235.147010000001 4258.045150700001 8171.815355078759 2.827924966812134
198 4235.147010000001 4252.954316033334 6191.840133715581 2.8417649269104004
199 4235.147010000001 4253.256158433333 5553.437487742977 2.85591721534729
200 4235.147010000001 4252.503851400001 6323.773312161011 2.870197057723999
201 4235.147010000001 4258.487633600001 9722.252392550496 2.8841841220855713
202 4235.147010000001 4254.169856866667 6976.673108312381 2.8984949588775635
203 4235.147010000001 4253.026694433334 6719.983385276739 2.912536144256592
204 4235.147010000001 4248.826773466667 4404.639962977883 2.928231954574585
205 4235.147010000001 4247.639835100001 7166.7524006473595 2.9426331520080566
206 4235.147010000001 4246.450701833334 3279.475916263434 2.9562041759490967
207 4235.147010000001 4247.706418566668 4615.24679255769 2.9699931144714355
208 4235.147010000001 4244.644756166668 2782.805091640838 2.98398494720459
209 4235.147010000001 4247.265124333334 4442.2042887747475 2.9975152015686035
210 4235.147010000001 4246.557358500001 4130.56018038255 3.0112030506134033
211 4235.147010000001 4250.9440663333335 5287.573937201528 3.025010108947754
212 4235.147010000001 4258.9753514 9788.492885545107 3.0384180545806885
213 4235.147010000001 4259.373987466668 9633.693446716983 3.0519440174102783
214 4235.147010000001 4253.4608003 7919.471296618078 3.0658490657806396
215 4235.147010000001 4253.696753900001 8346.50078444791 3.0793001651763916
216 4235.147010000001 4255.9014771 6788.013485860342 3.092634916305542
217 4235.147010000001 4257.296336500001 7085.739301352274 3.1064140796661377
218 4235.147010000001 4251.946619966668 5141.187457127459 3.120028018951416
219 4235.147010000001 4247.8075151 3871.236381265161 3.1334481239318848
220 4235.147010000001 4248.917344633334 4608.738184629345 3.1472280025482178
221 4235.147010000001 4251.545786733334 5477.8052466694035 3.160754919052124
222 4235.147010000001 4250.4017412 4638.397460232517 3.1740760803222656
223 4235.147010000001 4250.664469666667 5758.455727867684 3.1877450942993164
224 4235.147010000001 4249.617462466668 3905.4276644429874 3.201267957687378
225 4235.147010000001 4251.350122366668 5468.502590684389 3.2146880626678467
226 4235.147010000001 4257.298438433334 8162.39893045554 3.228394031524658
227 4235.147010000001 4250.8320582000015 6047.138650466313 3.2419540882110596
228 4235.147010000001 4248.651208866668 5146.237288456424 3.2553751468658447
229 4235.147010000001 4247.919561133334 4289.396171982895 3.2688610553741455
230 4235.147010000001 4249.018688700001 4886.964592080109 3.2823848724365234
231 4235.147010000001 4245.130999400001 3463.7262956951495 3.2956840991973877
232 4235.147010000001 4252.6484695 6160.149775928473 3.3092422485351562
233 4235.147010000001 4249.5692112333345 4613.964374590511 3.3227500915527344
234 4235.147010000001 4254.3975175000005 7266.52744258783 3.336199998855591
235 4235.147010000001 4256.945106300001 8123.548531289225 3.3497140407562256
236 4235.147010000001 4252.984148400001 7226.899770817272 3.363119125366211
237 4235.147010000001 4250.6333142 6270.168026022801 3.376765012741089
238 4235.147010000001 4253.732314333334 8023.700224585939 3.3907110691070557
239 4235.147010000001 4259.230729600001 9363.40713558215 3.4060370922088623
240 4235.147010000001 4260.248515666667 9964.416892396252 3.4201221466064453
241 4235.147010000001 4260.705188600001 9457.47050323219 3.4343419075012207
242 4235.147010000001 4264.3042688 10275.912780344841 3.4479172229766846
243 4235.147010000001 4257.9851917000005 8260.880323485871 3.4613242149353027
244 4235.147010000001 4254.634351533335 6499.704743891502 3.4753360748291016
245 4235.147010000001 4257.958808333335 8305.249920930237 3.4892139434814453
246 4235.147010000001 4257.749054500001 8171.581399139153 3.503289222717285
247 4235.147010000001 4252.6567737000005 6460.251215781416 3.516963243484497
248 4235.147010000001 4251.348282300001 5384.200239989089 3.530247926712036
249 4235.147010000001 4256.839086466667 8182.645231457827 3.543469190597534
4235.147010000001 3.557028293609619
2
0 71658.83163 85199.95838316667 23949655.768186893 0.027998924255371094
1 28586.839959999998 81846.85281860002 41645308.99792187 0.07236886024475098
2 13074.89542 69466.6718795 352544429.76797116 0.10552978515625
3 7264.88742 55825.869202366666 629763881.7873921 0.13390111923217773
4 4757.30917 43477.56990523334 685496483.3356302 0.15754389762878418
5 4757.30917 33611.40071456667 663843264.8580177 0.1787710189819336
6 4712.32265 26772.886458999998 552700605.432294 0.19785594940185547
7 4622.01458 20907.7971822 462506717.2224818 0.2160358428955078
8 4546.385490000001 17322.309580033336 363918246.96966267 0.2329118251800537
9 4546.385490000001 12651.7838797 211783633.8749482 0.24865102767944336
10 4365.27458 10955.826644733334 168383026.3950517 0.26395392417907715
11 4307.9495 9387.0954841 130112659.99879369 0.2787818908691406
12 4269.86788 8081.967622199999 92044783.88633782 0.29291200637817383
13 4269.86788 7439.146270566666 80511662.57015683 0.3072788715362549
14 4240.23465 6919.535551066667 67959414.1772362 0.3215508460998535
15 4240.23465 5957.397893366666 40149682.623235285 0.33559703826904297
16 4240.23465 5461.5536327 30162923.08499649 0.34952497482299805
17 4240.23465 5129.9832804 12167005.245595312 0.36346912384033203
18 4240.23465 4867.966456966667 5507457.168199732 0.3772299289703369
19 4240.23465 4795.544361133332 5219346.462203109 0.3910999298095703
20 4240.23465 4687.305130333333 4002707.9127040147 0.40494489669799805
21 4240.23465 4612.5881041 3389666.9747224785 0.4185018539428711
22 4240.23465 4502.414564866665 2361946.8354914854 0.43244504928588867
23 4240.23465 4407.435119666667 1537932.7042491718 0.4460790157318115
24 4240.23465 4327.681662366666 318564.4924540075 0.45957398414611816
25 4240.23465 4317.050968133333 315134.56509077497 0.4734611511230469
26 4239.23474 4311.388219099999 315148.4683540387 0.4870290756225586
27 4239.23474 4303.710341466666 292436.96965051285 0.500633955001831
28 4239.23474 4276.766173233334 20082.669989786606 0.5144500732421875
29 4239.23474 4269.362765466667 17980.723434385658 0.527899980545044
30 4239.23474 4263.1743436 7156.66305073288 0.5414009094238281
31 4239.23474 4268.158605466667 10765.603049034113 0.5555222034454346
32 4239.23474 4266.1325338 10402.300922804907 0.5695319175720215
33 4239.23474 4267.173476099999 11302.483631403911 0.5833680629730225
34 4239.23474 4263.432116533333 8941.881808763796 0.5972070693969727
35 4239.23474 4260.802276466667 8017.6655361353105 0.610914945602417
36 4239.23474 4256.653991566666 6622.559894069738 0.6245760917663574
37 4239.23474 4261.365645333333 8488.43437445098 0.6382620334625244
38 4239.23474 4255.601261966666 4740.01685260084 0.651745080947876
39 4239.23474 4259.344886999999 6966.20120235527 0.6650278568267822
40 4239.23474 4253.011883233333 4314.411692628508 0.6785039901733398
41 4239.23474 4253.205658133334 4260.030281707745 0.6919159889221191
42 4239.23474 4256.646770666666 6636.441241809038 0.7051610946655273
43 4239.23474 4249.019471799999 3164.3199455722092 0.7185230255126953
44 4239.23474 4252.2989855999995 4229.920633024184 0.731788158416748
45 4239.23474 4257.719257033333 6419.589323653293 0.7450990676879883
46 4239.23474 4268.067412233332 11046.256811747668 0.758652925491333
47 4239.23474 4263.712708399999 8894.571019942008 0.7721710205078125
48 4239.23474 4261.968166466667 8323.824729239117 0.7855749130249023
49 4239.23474 4259.836234033332 6826.3940501058005 0.7991549968719482
50 4239.23474 4260.427921366667 7474.5604959597995 0.8127679824829102
51 4239.23474 4255.983336066666 5575.739087703041 0.8266870975494385
52 4239.23474 4252.210663266666 4162.7079184364375 0.8409030437469482
53 4239.23474 4252.895831399999 4098.509272153309 0.8544800281524658
54 4239.23474 4250.098498599999 3103.9944344188816 0.8677041530609131
55 4239.23474 4253.5709283999995 4574.032064733592 0.881072998046875
56 4239.23474 4262.3142130333335 7509.971841735008 0.894582986831665
57 4239.23474 4263.669754633333 8131.521928657205 0.9077849388122559
58 4239.23474 4263.689463466667 7820.119864992217 0.921334981918335
59 4239.23474 4259.558274266667 6780.0359341734165 0.9347760677337646
60 4239.23474 4259.292013266666 7114.36688889458 0.9481978416442871
61 4239.23474 4259.691621166667 7190.295177213259 0.9616861343383789
62 4239.23474 4256.2110721 7751.782633363775 0.9750800132751465
63 4239.23474 4260.059039133333 7469.533685895257 0.9882378578186035
64 4239.23474 4256.3882754666665 5263.358637737238 1.0017240047454834
65 4239.23474 4263.096141033333 8348.059396747125 1.015448808670044
66 4239.23474 4257.022987366667 6568.753084471602 1.0289340019226074
67 4239.23474 4261.8090882 7834.791458092909 1.042484998703003
68 4239.23474 4262.738182466666 8047.982127182583 1.056034803390503
69 4239.23474 4257.9148553666655 6029.524405351858 1.0698370933532715
70 4239.23474 4257.5480606 6727.592023942233 1.0835630893707275
71 4239.23474 4263.833224133333 9667.774411937693 1.0971989631652832
72 4239.23474 4268.700748833333 10819.542427450278 1.1107609272003174
73 4239.23474 4260.6474923333335 6796.365664813136 1.124525785446167
74 4239.23474 4263.710513266667 7762.3262894438985 1.1381869316101074
75 4239.23474 4257.090169 6090.718295646728 1.1517059803009033
76 4239.23474 4257.490319533333 6063.205576327549 1.1654410362243652
77 4239.23474 4253.840771066666 3968.6959561756516 1.179184913635254
78 4239.23474 4257.341719399999 6299.921555158519 1.1927380561828613
79 4239.23474 4256.354581733332 5208.239295770094 1.2065069675445557
80 4239.23474 4256.462391800001 6101.895629968867 1.2201778888702393
81 4239.23474 4259.219559833334 7674.523572623059 1.2334988117218018
82 4239.23474 4261.1782908333325 9611.148462804716 1.2472808361053467
83 4239.23474 4258.990629066667 8044.398094628081 1.260840892791748
84 4239.23474 4258.566539033332 6999.493159336735 1.2744839191436768
85 4239.23474 4263.292986766666 8035.431537069275 1.2881569862365723
86 4239.23474 4259.002248066666 5834.276943260929 1.3017628192901611
87 4239.23474 4267.3564951 9576.002119508194 1.3151569366455078
88 4239.23474 4261.520812033334 7535.941127379218 1.3290059566497803
89 4239.23474 4250.926435466667 4596.742896900081 1.342890977859497
90 4239.23474 4255.497505966667 6486.086312993579 1.3565549850463867
91 4239.23474 4260.5776287 8668.804287777119 1.370297908782959
92 4239.23474 4263.801863000001 9446.418600424404 1.3836920261383057
93 4239.23474 4261.408533033333 8619.34012778849 1.3969709873199463
94 4239.23474 4258.326162166667 8407.969621815073 1.410485029220581
95 4239.23474 4261.901178266667 10555.73081887987 1.4240777492523193
96 4239.23474 4260.143682933333 10959.004337582483 1.4376800060272217
97 4239.23474 4256.051929033333 5626.751468847484 1.451606035232544
98 4239.23474 4260.877740733334 8072.174825710629 1.4655299186706543
99 4239.23474 4262.6644215999995 8800.335127946397 1.4791450500488281
100 4239.23474 4268.2650318 10533.572262823884 1.492879867553711
101 4239.23474 4263.645354166667 8635.963427688604 1.5066168308258057
102 4239.23474 4261.522573933333 8594.537003295465 1.520301103591919
103 4239.23474 4256.575915633333 7050.043300092279 1.5338809490203857
104 4239.23474 4253.9471636 4760.6876464604975 1.5475411415100098
105 4239.23474 4258.426888733333 6550.731848030685 1.5614070892333984
106 4239.23474 4259.0954776 6057.484771429352 1.5756821632385254
107 4239.23474 4255.558080866666 5120.9382144412775 1.589663028717041
108 4239.23474 4255.030704333333 5313.510135350598 1.6035411357879639
109 4239.23474 4258.985212 7148.329776545332 1.6176011562347412
110 4239.23474 4259.7958888 7426.539112224051 1.6319959163665771
111 4239.23474 4256.628561766667 6103.251345227957 1.645784854888916
112 4239.23474 4261.273889233334 7536.829143985616 1.659153938293457
113 4239.23474 4258.285439366667 6420.829002653013 1.6726469993591309
114 4239.23474 4260.212088733333 7007.806196390173 1.6857118606567383
115 4239.23474 4258.454381266666 6835.060835127721 1.699148178100586
116 4239.23474 4252.7065119 4284.274258680274 1.7128138542175293
117 4239.23474 4254.977700333333 4686.375175317844 1.7262327671051025
118 4239.23474 4261.2711991 8206.10330961893 1.7396130561828613
119 4239.23474 4266.308716733333 10765.681212820748 1.753293752670288
120 4239.23474 4261.668877 9151.010742836008 1.7665870189666748
121 4239.23474 4262.369822266667 9531.382072421124 1.7802748680114746
122 4239.23474 4264.757564133332 10422.782796125824 1.7937180995941162
123 4239.23474 4264.3398845 9912.97474058286 1.8069021701812744
124 4239.23474 4261.6742153333325 7577.677731214232 1.8207008838653564
125 4239.23474 4260.662589 7484.263007619262 1.8353691101074219
126 4239.23474 4252.593548666667 4917.691253171404 1.8488121032714844
127 4239.23474 4252.3429318 4715.391090470912 1.862354040145874
128 4239.23474 4255.389141166666 5045.976755413952 1.8759818077087402
129 4239.23474 4251.633160433333 3698.1387123293957 1.8895668983459473
130 4239.23474 4259.665016166667 6945.786076271922 1.9034509658813477
131 4239.23474 4260.3760813 7225.640931618746 1.91680908203125
132 4235.147010000001 4259.912196433333 7173.461256220934 1.9301540851593018
133 4235.147010000001 4257.7069345 6502.2424638047105 1.9434599876403809
134 4235.147010000001 4255.0896873 5648.868780329543 1.9569940567016602
135 4235.147010000001 4261.864803033333 8125.495619208749 1.9706120491027832
136 4235.147010000001 4264.258240266668 9518.012187921204 1.9843299388885498
137 4235.147010000001 4257.463153566667 8094.959011332059 1.9978508949279785
138 4235.147010000001 4251.960781133334 5374.762522402515 2.01101016998291
139 4235.147010000001 4260.8392749 8588.237021837296 2.024430990219116
140 4235.147010000001 4257.9979785000005 7360.0889380609215 2.0380699634552
141 4235.147010000001 4258.674323866667 7970.503362486701 2.0514450073242188
142 4235.147010000001 4260.658533600001 8580.929425813909 2.06502103805542
143 4235.147010000001 4256.997706666668 6742.873897894902 2.0785739421844482
144 4235.147010000001 4254.450301000001 7048.844602881105 2.091888904571533
145 4235.147010000001 4251.008018366668 5082.298472441696 2.1054329872131348
146 4235.147010000001 4254.3361202000015 6112.873497736161 2.118911027908325
147 4235.147010000001 4253.401409566668 5728.425168392504 2.1323049068450928
148 4235.147010000001 4257.738426333333 7392.841299662841 2.1457338333129883
149 4235.147010000001 4254.9714938666675 6546.539409907541 2.15905499458313
150 4235.147010000001 4256.9592792 7341.536405241022 2.1724648475646973
151 4235.147010000001 4255.7014833 6864.522836525017 2.1861331462860107
152 4235.147010000001 4253.1903741333335 5734.788519351214 2.199763059616089
153 4235.147010000001 4259.128662800001 8605.625645315331 2.2134149074554443
154 4235.147010000001 4251.0187794 4789.573312514624 2.226931095123291
155 4235.147010000001 4254.573106966667 5745.99052465446 2.240471124649048
156 4235.147010000001 4257.770156466668 7151.006549539851 2.2536568641662598
157 4235.147010000001 4257.750748200001 9105.238195842994 2.2671680450439453
158 4235.147010000001 4254.3115323 5826.134459723001 2.28072190284729
159 4235.147010000001 4257.141599366668 7038.418322645998 2.2939867973327637
160 4235.147010000001 4255.232731566667 6300.980114955643 2.3074371814727783
161 4235.147010000001 4260.533154633334 8748.337258489011 2.3207948207855225
162 4235.147010000001 4256.453609233334 7101.894543493074 2.3341288566589355
163 4235.147010000001 4255.426383500001 7090.249942780813 2.3478519916534424
164 4235.147010000001 4256.830891866668 7446.734497502791 2.3613572120666504
165 4235.147010000001 4256.783733266668 7750.494651206749 2.374797821044922
166 4235.147010000001 4257.1374583666675 9315.951643908518 2.388166904449463
167 4235.147010000001 4259.4404577000005 11614.165459019228 2.4015297889709473
168 4235.147010000001 4263.137352866667 12570.039345862057 2.4148778915405273
169 4235.147010000001 4259.447656266668 9780.212923533785 2.4285550117492676
170 4235.147010000001 4252.075285100001 6216.864465156086 2.4422128200531006
171 4235.147010000001 4253.7942387 8267.591356771349 2.4554638862609863
172 4235.147010000001 4258.984688433335 11031.81770026898 2.468873977661133
173 4235.147010000001 4255.919025666667 8887.800099548545 2.482383966445923
174 4235.147010000001 4258.939557766667 12088.170211264493 2.4957029819488525
175 4235.147010000001 4256.3876981 10067.058804201639 2.5093820095062256
176 4235.147010000001 4258.982238200001 10833.229406056922 2.5229129791259766
177 4235.147010000001 4258.767660200001 10058.716851514484 2.5361568927764893
178 4235.147010000001 4252.3729397666675 6187.847389873982 2.549607038497925
179 4235.147010000001 4250.124880333334 4873.05471815411 2.563431978225708
180 4235.147010000001 4253.361365566668 5943.818183237868 2.577418088912964
181 4235.147010000001 4253.281059166668 6455.767516675325 2.5917530059814453
182 4235.147010000001 4257.8575372333335 9399.419975075742 2.6053740978240967
183 4235.147010000001 4261.341700500001 11527.560069168014 2.61879301071167
184 4235.147010000001 4254.415465666667 9254.897568914164 2.632418155670166
185 4235.147010000001 4259.8275936 11167.312690315608 2.645944118499756
186 4235.147010000001 4264.460163800001 12940.87750916761 2.6592020988464355
187 4235.147010000001 4260.234069033333 11660.835807666312 2.6727120876312256
188 4235.147010000001 4253.455862600001 6501.1920660898895 2.686131000518799
189 4235.147010000001 4256.8810321 7461.8702499919755 2.6994991302490234
190 4235.147010000001 4257.726289433334 8292.39218427308 2.713106870651245
191 4235.147010000001 4259.596021966668 8873.135186869657 2.7264819145202637
192 4235.147010000001 4263.805816200002 10144.948422080302 2.740194797515869
193 4235.147010000001 4256.998999400001 8356.690488729151 2.754117012023926
194 4235.147010000001 4252.676557833334 5848.723504551681 2.7677268981933594
195 4235.147010000001 4252.5443140666675 6427.697970958504 2.781214952468872
196 4235.147010000001 4255.2126597666675 7598.221741129188 2.7948238849639893
197 4235.147010000001 4259.740342033334 8001.874205583539 2.8085289001464844
198 4235.147010000001 4257.6754660666675 7059.759159114252 2.822532892227173
199 4235.147010000001 4255.413062833334 6414.121972871814 2.837186098098755
200 4235.147010000001 4256.183515100001 7406.398188139205 2.8507919311523438
201 4235.147010000001 4258.739050033335 8918.915110465166 2.8652517795562744
202 4235.147010000001 4263.053875366668 11627.39902326832 2.8796849250793457
203 4235.147010000001 4260.223840400001 10673.287171409003 2.8934569358825684
204 4235.147010000001 4250.901001666668 5072.7657512608685 2.9068660736083984
205 4235.147010000001 4261.659551733334 10704.301624313788 2.9206669330596924
206 4235.147010000001 4256.244209500001 7403.124550245727 2.9346299171447754
207 4235.147010000001 4257.079181533334 7693.046236556587 2.9483249187469482
208 4235.147010000001 4264.694059000001 10058.33644361345 2.96207594871521
209 4235.147010000001 4261.150425933334 9614.185564984478 2.9756999015808105
210 4235.147010000001 4257.690596866668 8357.197708001622 2.9892077445983887
211 4235.147010000001 4257.9321605000005 7386.530816084591 3.0023958683013916
212 4235.147010000001 4252.613499133334 5645.125029978555 3.0159339904785156
213 4235.147010000001 4252.449030000001 5350.8255536882725 3.0295491218566895
214 4235.147010000001 4252.951638900001 5114.109121620899 3.042968988418579
215 4235.147010000001 4253.8648398000005 7708.046077675183 3.056717872619629
216 4235.147010000001 4246.829232133335 3326.9649436221816 3.070276975631714
217 4235.147010000001 4245.567133466669 3832.620582394449 3.0837531089782715
218 4235.147010000001 4247.5815483333345 4449.739054970214 3.097681999206543
219 4235.147010000001 4252.273317033333 5416.318488616364 3.1113269329071045
220 4235.147010000001 4250.024767700001 4137.240432438017 3.1247801780700684
221 4235.147010000001 4246.639114333334 3141.8342488599537 3.1383628845214844
222 4235.147010000001 4249.2783671666675 4153.323608471284 3.151834011077881
223 4235.147010000001 4255.164753000001 7494.727551121695 3.1653029918670654
224 4235.147010000001 4256.698949366668 7867.746671842464 3.178708076477051
225 4235.147010000001 4254.6197778000005 8403.798564689483 3.1923229694366455
226 4235.147010000001 4259.819731366668 9197.555458359175 3.205554962158203
227 4235.147010000001 4254.371932000001 6703.356289582309 3.2191250324249268
228 4235.147010000001 4259.796114766667 8308.812124865943 3.2328219413757324
229 4235.147010000001 4256.205855200001 6549.349401884877 3.246264934539795
230 4235.147010000001 4256.115160400001 7299.243771247148 3.2599589824676514
231 4235.147010000001 4259.346805133334 9098.884748252804 3.273375988006592
232 4235.147010000001 4252.261280900001 6174.611439259094 3.286715030670166
233 4235.147010000001 4251.4212277333345 5121.696352727837 3.3002309799194336
234 4235.147010000001 4250.710760700001 5784.716178782201 3.3136720657348633
235 4235.147010000001 4256.960010633335 9806.750263121576 3.3270530700683594
236 4235.147010000001 4259.6067337 10777.068498302893 3.3405661582946777
237 4235.147010000001 4254.6441006000005 6716.326152479978 3.353935956954956
238 4235.147010000001 4256.014845666668 7556.014738693423 3.367405891418457
239 4235.147010000001 4254.6267339000005 5796.951365578217 3.381093978881836
240 4235.147010000001 4259.412801566667 8063.766429144406 3.3947269916534424
241 4235.147010000001 4253.385351800001 5588.221094814582 3.4080770015716553
242 4235.147010000001 4256.4548994333345 7222.950511459106 3.421600103378296
243 4235.147010000001 4256.469267966668 7330.542279672631 3.4349958896636963
244 4235.147010000001 4269.171405900001 13591.277312805665 3.4483258724212646
245 4235.147010000001 4259.100764700001 8760.06184669811 3.462249994277954
246 4235.147010000001 4262.3543526 9625.741763156659 3.4757168292999268
247 4235.147010000001 4254.439902700001 7244.457501995261 3.4892868995666504
248 4235.147010000001 4249.044380300001 5113.345751231544 3.5030720233917236
249 4235.147010000001 4252.289076966668 7371.736043944557 3.5164811611175537
4235.147010000001 3.5298571586608887
3
0 69305.56527999998 85297.3451248 21521072.11148543 0.0278167724609375
1 28407.50434 81076.3376314 47356914.449746765 0.0710446834564209
2 12836.54123 67186.57491653333 363163165.9497656 0.10561680793762207
3 6660.25457 53834.4709906 570173975.9888129 0.13326692581176758
4 5777.375139999999 43309.48099213333 674268120.0333623 0.15675997734069824
5 5346.00057 32323.239081299995 610542611.6841718 0.1770339012145996
6 4990.9367999999995 24530.374722933335 495528697.3934328 0.19592690467834473
7 4438.37478 19410.840864133334 362482969.5810577 0.21300077438354492
8 4438.37478 16655.132637966668 308761051.53747946 0.229400634765625
9 4438.37478 13874.652901333333 247207821.47709167 0.24552083015441895
10 4438.37478 11727.432138299999 187244221.63864195 0.26065993309020996
11 4438.37478 9512.216694366667 124573690.37769724 0.27579593658447266
12 4356.13865 8281.862683399999 90476168.00992155 0.29064178466796875
13 4356.13865 7054.299795466666 57768116.791688636 0.30493783950805664
14 4285.618980000001 6390.7024965 50755827.54162715 0.31874680519104004
15 4235.147010000001 5940.8911591333335 33413536.079339307 0.33309388160705566
16 4235.147010000001 5553.3236635 19075418.612915184 0.3470168113708496
17 4235.147010000001 5279.0505988 16465285.087471142 0.36074280738830566
18 4235.147010000001 4981.761285166667 9047968.889034636 0.37493395805358887
19 4235.147010000001 4751.2435274 5071335.907238 0.3886227607727051
20 4235.147010000001 4591.257968766667 3702778.7015771316 0.40225672721862793
21 4235.147010000001 4529.589843533333 2902205.105300198 0.4161398410797119
22 4235.147010000001 4413.829033433334 2004315.668946784 0.429826021194458
23 4235.147010000001 4406.824464800001 2003159.255687676 0.44327282905578613
24 4235.147010000001 4314.2529349333345 72125.23519540772 0.4568798542022705
25 4235.147010000001 4298.000204866667 64707.47383241849 0.47063183784484863
26 4235.147010000001 4296.046407466667 75211.75690990068 0.48401689529418945
27 4235.147010000001 4278.174836733334 49138.680931311865 0.49761295318603516
28 4235.147010000001 4273.095400133334 48448.248830835655 0.5112550258636475
29 4235.147010000001 4274.076915233334 38325.29471794946 0.5244579315185547
30 4235.147010000001 4264.340436833334 11605.77754676749 0.5382049083709717
31 4235.147010000001 4250.852871766668 6491.806971606433 0.5521810054779053
32 4235.147010000001 4254.133724300001 8129.535902503151 0.5666508674621582
33 4235.147010000001 4256.892321933334 9258.594696583672 0.5812819004058838
34 4235.147010000001 4252.195668833333 5982.000397488345 0.595390796661377
35 4235.147010000001 4257.411840800001 7577.1940774585755 0.6093287467956543
36 4235.147010000001 4255.227808400001 6595.574658473789 0.6233048439025879
37 4235.147010000001 4253.817836633335 6242.92945462946 0.6372239589691162
38 4235.147010000001 4259.206768333334 8608.596191280987 0.6508338451385498
39 4235.147010000001 4259.1364989 8345.791112331097 0.6645808219909668
40 4235.147010000001 4259.047226533334 8347.716967114446 0.6781089305877686
41 4235.147010000001 4261.515203000001 9169.250609644037 0.6921157836914062
42 4235.147010000001 4258.128927466668 7375.508409658317 0.7068488597869873
43 4235.147010000001 4255.357376200001 6986.242853231582 0.7212278842926025
44 4235.147010000001 4262.785187366667 9501.390545416854 0.735543966293335
45 4235.147010000001 4257.306852966668 7592.483885816685 0.749640941619873
46 4235.147010000001 4256.7023966666675 6612.5591961636055 0.7633259296417236
47 4235.147010000001 4255.399713366667 6341.969017904455 0.776771068572998
48 4235.147010000001 4256.4278977 6777.677860584709 0.7906849384307861
49 4235.147010000001 4261.723150966667 9432.253543523373 0.8041226863861084
50 4235.147010000001 4256.1318043 6615.852732574058 0.8172638416290283
51 4235.147010000001 4259.408637000001 7584.2800812544365 0.8310768604278564
52 4235.147010000001 4251.951238466668 5026.566585789135 0.8450679779052734
53 4235.147010000001 4257.730694566668 7747.5486478085395 0.8586328029632568
54 4235.147010000001 4256.152845500001 7586.866988706569 0.8726258277893066
55 4235.147010000001 4251.883203566667 5454.336981862242 0.8863658905029297
56 4235.147010000001 4251.026635200001 5486.47212288339 0.9000089168548584
57 4235.147010000001 4257.0932757 7650.688208273184 0.913834810256958
58 4235.147010000001 4262.146439766668 10468.237200063886 0.9271848201751709
59 4235.147010000001 4256.214253200001 8870.664101860346 0.9406387805938721
60 4235.147010000001 4252.2977962 7212.567652754085 0.9544997215270996
61 4235.147010000001 4256.651893833334 8746.556381764794 0.9688928127288818
62 4235.147010000001 4252.831463866668 6530.223848420129 0.9832329750061035
63 4235.147010000001 4256.580509533334 7584.643074188447 0.9978806972503662
64 4235.147010000001 4259.363442500001 9241.765990953147 1.0118577480316162
65 4235.147010000001 4258.090605766668 8276.722610569477 1.0254499912261963
66 4235.147010000001 4255.078130066668 7208.071902558091 1.0394160747528076
67 4235.147010000001 4247.749758666668 4326.024715395543 1.053285837173462
68 4235.147010000001 4254.881414866668 7043.470618340389 1.0668179988861084
69 4235.147010000001 4256.518290066668 6744.69644376038 1.0807039737701416
70 4235.147010000001 4260.144320700001 7919.62242853309 1.0948290824890137
71 4235.147010000001 4257.482668000001 7270.7036239861945 1.1085848808288574
72 4235.147010000001 4253.493757033334 7044.32113081116 1.122424840927124
73 4235.147010000001 4250.936642300001 5653.321804331486 1.1363308429718018
74 4235.147010000001 4248.1231926 3937.5722856536763 1.1501679420471191
75 4235.147010000001 4251.412708866667 5348.213913971729 1.1636488437652588
76 4235.147010000001 4254.671237033334 7216.19694652312 1.1773569583892822
77 4235.147010000001 4260.528714000001 9481.966710306951 1.1910247802734375
78 4235.147010000001 4261.582774633333 9671.699116206823 1.2048969268798828
79 4235.147010000001 4257.124876866667 7197.66923333973 1.218620777130127
80 4235.147010000001 4258.978043066668 7659.254636139565 1.232161045074463
81 4235.147010000001 4260.420191966667 9588.868598444606 1.245851755142212
82 4235.147010000001 4257.107108566668 8290.700320387581 1.2593889236450195
83 4235.147010000001 4259.142042533334 8293.296492010135 1.273040771484375
84 4235.147010000001 4264.842719133334 9529.392551091974 1.2864320278167725
85 4235.147010000001 4251.379806000001 4415.547958524027 1.3003108501434326
86 4235.147010000001 4258.691904566666 7810.005843702229 1.3137967586517334
87 4235.147010000001 4259.211232333334 8623.36660184462 1.3276877403259277
88 4235.147010000001 4258.275562000002 7366.978860855851 1.341458797454834
89 4235.147010000001 4259.598075466667 9162.045332203117 1.3550999164581299
90 4235.147010000001 4252.608970266668 5198.742271607569 1.368668794631958
91 4235.147010000001 4256.178990433334 6342.179288569759 1.3823349475860596
92 4235.147010000001 4253.454102833334 5031.822837396613 1.3961138725280762
93 4235.147010000001 4250.600414766668 4405.724142858491 1.4099657535552979
94 4235.147010000001 4252.5085211333335 4901.957204452772 1.423602819442749
95 4235.147010000001 4250.4998492 4295.40323311577 1.437237024307251
96 4235.147010000001 4248.605523200001 4646.954538455368 1.4511606693267822
97 4235.147010000001 4251.665261633334 5652.906256975247 1.4649426937103271
98 4235.147010000001 4251.650827366668 5792.6841269839415 1.4787068367004395
99 4235.147010000001 4252.651809533334 6305.61568656063 1.4925596714019775
100 4235.147010000001 4258.723557933334 10658.006080001953 1.5062310695648193
101 4235.147010000001 4258.4662450000005 11006.279966408338 1.5198216438293457
102 4235.147010000001 4258.8778514333335 9716.566563943114 1.5337069034576416
103 4235.147010000001 4255.818860000001 9430.10118777037 1.5472297668457031
104 4235.147010000001 4259.305770333334 10838.577580161278 1.5610148906707764
105 4235.147010000001 4263.3448908 13663.582121058045 1.5750057697296143
106 4235.147010000001 4263.373611533334 11470.128018356116 1.5890717506408691
107 4235.147010000001 4256.296868866667 7258.193827956465 1.6025919914245605
108 4235.147010000001 4250.105923700001 5979.956924142059 1.6165878772735596
109 4235.147010000001 4246.226136866668 4371.384480390004 1.630286693572998
110 4235.147010000001 4252.573947766667 5439.587132537719 1.6439058780670166
111 4235.147010000001 4255.765760300001 7053.589793382296 1.6576347351074219
112 4235.147010000001 4256.4223900666675 8101.821074706726 1.671015739440918
113 4235.147010000001 4263.504280700001 10042.339341601055 1.6848037242889404
114 4235.147010000001 4258.097964800001 7619.190819042842 1.6992177963256836
115 4235.147010000001 4257.3208067000005 7713.539770988381 1.713296890258789
116 4235.147010000001 4257.547481366668 6833.721109310676 1.727550983428955
117 4235.147010000001 4261.7736908666675 10361.440908315883 1.7414147853851318
118 4235.147010000001 4260.902981466667 11093.841654565813 1.755145788192749
119 4235.147010000001 4255.9219993000015 8704.127929611654 1.7688367366790771
120 4235.147010000001 4250.833566866668 5122.643740340234 1.7827949523925781
121 4235.147010000001 4245.553184166667 3085.0976183018547 1.7965278625488281
122 4235.147010000001 4251.141372200001 5100.859414228786 1.8102657794952393
123 4235.147010000001 4247.810415833334 3583.695502624278 1.8241679668426514
124 4235.147010000001 4252.343537166667 4351.777437339087 1.8376398086547852
125 4235.147010000001 4255.444500300001 6643.119595223592 1.851146936416626
126 4235.147010000001 4253.992731100001 5809.049220473477 1.8648817539215088
127 4235.147010000001 4260.043813866667 8573.271458314997 1.8784708976745605
128 4235.147010000001 4252.9984103333345 5592.220469613956 1.8919718265533447
129 4235.147010000001 4248.917090033335 4035.3626395066 1.905775785446167
130 4235.147010000001 4255.632012133335 7711.923261117754 1.9193038940429688
131 4235.147010000001 4253.709818900001 6474.781786823815 1.932694911956787
132 4235.147010000001 4257.1165924666675 7687.395384774357 1.9461069107055664
133 4235.147010000001 4258.102915233334 7703.661084817085 1.9602007865905762
134 4235.147010000001 4263.904949133334 9465.668474020726 1.9746177196502686
135 4235.147010000001 4259.040471000001 8103.320934151117 1.9885718822479248
136 4235.147010000001 4256.3883507 7372.633471457893 2.002060890197754
137 4235.147010000001 4253.813062266667 6210.160646351776 2.015723943710327
138 4235.147010000001 4250.8921992000005 5205.974945798354 2.029448986053467
139 4235.147010000001 4250.816464266668 5333.3561311446365 2.043083906173706
140 4235.147010000001 4250.607887433334 5522.3976381834755 2.0566349029541016
141 4235.147010000001 4258.698988466668 8540.287792309284 2.070327043533325
142 4235.147010000001 4261.675214866667 9805.434755717673 2.083908796310425
143 4235.147010000001 4257.6006322 7286.489114176175 2.0974159240722656
144 4235.147010000001 4256.424099100001 7886.455622039215 2.1112499237060547
145 4235.147010000001 4250.747418666669 5460.755288332622 2.1249148845672607
146 4235.147010000001 4249.265573366668 4072.9981711866767 2.1384048461914062
147 4235.147010000001 4250.428364333335 4147.0529200484325 2.1521809101104736
148 4235.147010000001 4256.471274366668 7053.859188060669 2.165911912918091
149 4235.147010000001 4257.416266000001 8180.565727839554 2.179692029953003
150 4235.147010000001 4261.334934466668 8458.403322432441 2.1934919357299805
151 4235.147010000001 4261.220462800001 7721.5496334549725 2.2070817947387695
152 4235.147010000001 4265.810505666667 10306.56904319668 2.220472812652588
153 4235.147010000001 4256.987614600001 6905.588895499993 2.2340879440307617
154 4235.147010000001 4254.649507900001 6353.264358541028 2.247654914855957
155 4235.147010000001 4253.0185907000005 6590.782520966757 2.261072874069214
156 4235.147010000001 4253.6559599 6413.7836137158 2.274739980697632
157 4235.147010000001 4254.569925766667 7379.285868220218 2.2885377407073975
158 4235.147010000001 4259.077810600001 8150.91888483887 2.3021318912506104
159 4235.147010000001 4262.089222566667 9870.927028601018 2.315959930419922
160 4235.147010000001 4261.022242566667 9498.697490798011 2.3295187950134277
161 4235.147010000001 4258.0062972000005 8600.806564229048 2.343050956726074
162 4235.147010000001 4256.239690233334 7721.665331053587 2.357158899307251
163 4235.147010000001 4258.583683000001 7885.201486523962 2.370701789855957
164 4235.147010000001 4255.9893427333345 7216.4430733501495 2.3843698501586914
165 4235.147010000001 4263.527659966668 8987.449892070606 2.398073673248291
166 4235.147010000001 4259.535348000001 7572.422301980763 2.4115777015686035
167 4235.147010000001 4257.210389366667 6800.8432161269675 2.4250118732452393
168 4235.147010000001 4254.494935400001 6430.127208236035 2.438610792160034
169 4235.147010000001 4256.8478627 8361.014151241023 2.452288866043091
170 4235.147010000001 4251.2602242 5698.509666080954 2.4657938480377197
171 4235.147010000001 4250.115594200001 5145.338267853377 2.479398727416992
172 4235.147010000001 4249.751636666668 5261.685580300361 2.4929049015045166
173 4235.147010000001 4255.871791066667 7635.994576482374 2.5063648223876953
174 4235.147010000001 4254.810100266668 7066.534265706316 2.520045042037964
175 4235.147010000001 4260.5774574333345 9505.769708283096 2.5335800647735596
176 4235.147010000001 4261.350220366668 9987.223600565778 2.5471138954162598
177 4235.147010000001 4255.236158633334 6692.4121439485325 2.5608389377593994
178 4235.147010000001 4257.6317499333345 7489.002578359545 2.5744788646698
179 4235.147010000001 4257.217516966667 8434.746036869981 2.5877139568328857
180 4235.147010000001 4261.0181558 9631.31395100268 2.6014487743377686
181 4235.147010000001 4263.774304966667 10727.37119436229 2.6149609088897705
182 4235.147010000001 4266.891150800001 11589.554451481168 2.628525733947754
183 4235.147010000001 4262.523924000001 10559.434945220233 2.6421139240264893
184 4235.147010000001 4265.3315499 12869.363368388924 2.6555960178375244
185 4235.147010000001 4263.801558766668 9443.838012366747 2.668721914291382
186 4235.147010000001 4258.529418700001 8109.03878728757 2.6825027465820312
187 4235.147010000001 4256.653545200001 7504.819323073258 2.6966428756713867
188 4235.147010000001 4248.721244400001 3906.2632447354877 2.710617780685425
189 4235.147010000001 4256.649093733334 7558.300544046707 2.7248189449310303
190 4235.147010000001 4262.275613066668 10033.598744843517 2.73860502243042
191 4235.147010000001 4261.012330866667 8844.105431540303 2.7523629665374756
192 4235.147010000001 4265.104369566668 10504.290607955289 2.766234874725342
193 4235.147010000001 4270.956070900001 14198.778175187617 2.7799928188323975
194 4235.147010000001 4272.891758300001 12975.444165830744 2.7935149669647217
195 4235.147010000001 4267.905610166667 11081.143640206068 2.807562828063965
196 4235.147010000001 4262.643751766667 8948.325389463735 2.821223735809326
197 4235.147010000001 4265.590741366668 10030.31188974014 2.834735870361328
198 4235.147010000001 4260.541844800001 8226.670109790883 2.8485467433929443
199 4235.147010000001 4265.390259933334 10629.67466291472 2.862309694290161
200 4235.147010000001 4263.3079075333335 9332.438020078689 2.875947952270508
201 4235.147010000001 4260.292985066668 8310.336201258608 2.890004873275757
202 4235.147010000001 4263.470415366668 9884.807093043188 2.903761863708496
203 4235.147010000001 4263.560251433334 10982.419261302877 2.917219638824463
204 4235.147010000001 4264.0219814 11041.42709505533 2.930616855621338
205 4235.147010000001 4262.444143166667 11224.430652564577 2.9445128440856934
206 4235.147010000001 4257.454127433334 7361.413108264845 2.9585537910461426
207 4235.147010000001 4258.818932633335 9179.76383774594 2.972656726837158
208 4235.147010000001 4251.138586833335 5763.017943838063 2.987161874771118
209 4235.147010000001 4255.172789866668 7567.450337296987 3.001286745071411
210 4235.147010000001 4255.363656 6861.121587645186 3.0154807567596436
211 4235.147010000001 4256.5201744000005 7744.578070832528 3.0293009281158447
212 4235.147010000001 4253.369455633334 5863.645368080816 3.042938709259033
213 4235.147010000001 4253.124878866667 5027.153412078962 3.0570077896118164
214 4235.147010000001 4251.142267233334 4610.463532717273 3.070650815963745
215 4235.147010000001 4251.630671033335 5011.983288386362 3.0841169357299805
216 4235.147010000001 4259.350463033334 9956.57479667787 3.097839832305908
217 4235.147010000001 4254.706762733334 6557.876103999556 3.111417770385742
218 4235.147010000001 4253.927140966668 5589.323666839859 3.125272035598755
219 4235.147010000001 4251.822697700001 5153.840896759758 3.139270782470703
220 4235.147010000001 4251.789701133334 5238.935802035493 3.1528477668762207
221 4235.147010000001 4248.589954133334 3890.2630951086944 3.166435718536377
222 4235.147010000001 4254.725250633334 6365.580298021059 3.1801598072052
223 4235.147010000001 4260.584805966668 8638.159220298858 3.1936450004577637
224 4235.147010000001 4260.0699663333335 8887.852248349383 3.2072887420654297
225 4235.147010000001 4256.313573333334 7379.082519914898 3.2213637828826904
226 4235.147010000001 4262.785854400001 9432.495624569261 3.2350499629974365
227 4235.147010000001 4260.246857533334 11790.78973555684 3.248670816421509
228 4235.147010000001 4265.414490833334 13431.51425010227 3.2624428272247314
229 4235.147010000001 4262.319405033334 9360.172855301438 3.2762908935546875
230 4235.147010000001 4267.3693991 13076.561510411784 3.291134834289551
231 4235.147010000001 4255.0445874666675 6073.860840599596 3.305276870727539
232 4235.147010000001 4251.7893773000005 5054.842371348916 3.318920850753784
233 4235.147010000001 4257.951671800001 7126.226055628895 3.3324668407440186
234 4235.147010000001 4256.393310633334 7250.865255860143 3.3462610244750977
235 4235.147010000001 4263.647718533335 9751.070158220495 3.359873056411743
236 4235.147010000001 4263.2848922 9388.080521063379 3.373483896255493
237 4235.147010000001 4255.727369266668 6459.437607878926 3.3872997760772705
238 4235.147010000001 4257.314562900001 7388.383286372941 3.4009718894958496
239 4235.147010000001 4263.4214009666675 9848.635570953567 3.4143259525299072
240 4235.147010000001 4256.251949733334 8767.299092041521 3.428128957748413
241 4235.147010000001 4256.929091100001 7615.077841665605 3.441826820373535
242 4235.147010000001 4252.8588923 5569.873448946581 3.4552199840545654
243 4235.147010000001 4253.7234308666675 5805.856324517456 3.468756914138794
244 4235.147010000001 4253.5790443333335 7861.329392995997 3.482409954071045
245 4235.147010000001 4252.816372133334 5783.025637593164 3.495806932449341
246 4235.147010000001 4253.718337933335 6342.391264888196 3.5099809169769287
247 4235.147010000001 4257.662285433334 8224.172423389704 3.5236289501190186
248 4235.147010000001 4257.388792000001 8007.176202230777 3.537121057510376
249 4235.147010000001 4258.773593800001 7866.014773254388 3.55084490776062
4235.147010000001 3.5642669200897217
