MQ5
250 4080.7429
1
0 59817.28221 72793.52614270001 18285604.308113717 0.02943587303161621
1 23527.582229999996 69245.9378091 36336531.10625534 0.07544183731079102
2 8910.795999999998 58517.803287233335 252449551.21571746 0.11030292510986328
3 5678.648929999999 45450.5486666 454422590.79127824 0.1383669376373291
4 5591.14559 35242.3820936 465918894.34974426 0.16222691535949707
5 4941.93401 26572.565814766665 424150503.7202091 0.1837596893310547
6 4867.43069 20720.620793033337 320612576.0101288 0.2030196189880371
7 4460.44138 16401.886395866666 253580144.7752447 0.2211625576019287
8 4249.57222 13673.281724366667 185565667.212621 0.23791885375976562
9 4249.57222 11035.390093566666 126623913.69091202 0.25405287742614746
10 4206.82107 9721.643176366666 109601323.64190829 0.2698829174041748
11 4206.82107 8569.898278033334 94983448.91063726 0.2857208251953125
12 4206.82107 7642.011214099998 67920151.46291174 0.3014228343963623
13 4142.83103 6932.576383966665 48324364.930994086 0.31691980361938477
14 4142.83103 6206.602079566666 36960898.331820846 0.33211374282836914
15 4127.26857 5728.5553666 28043945.54883859 0.34769582748413086
16 4127.26857 5241.738750966666 16202359.07496425 0.3626217842102051
17 4127.26857 5046.822817233334 15141487.898821866 0.3777468204498291
18 4127.26857 4774.831136100001 9890562.028573416 0.39310574531555176
19 4127.26857 4657.061679133333 7483345.8605328975 0.4081747531890869
20 4127.26857 4559.811371066668 5775730.397580729 0.4233517646789551
21 4127.26857 4515.770523800001 5449757.0861802185 0.43875980377197266
22 4127.26857 4425.527877733333 4944819.024700833 0.4537239074707031
23 4127.26857 4325.2484764 1819305.112981511 0.4687497615814209
24 4127.26857 4283.716483900001 1179121.9595066167 0.48374462127685547
25 4127.26857 4216.507769866666 375497.59498600574 0.49834275245666504
26 4127.26857 4210.7661692 374774.5756937611 0.512549877166748
27 4127.26857 4179.332359433334 205232.15465271656 0.5279028415679932
28 4127.26857 4147.8931047333335 12664.385408117541 0.5432310104370117
29 4127.26857 4143.979526866668 6828.079321819687 0.5581297874450684
30 4127.26857 4143.173864633334 3750.7564008924783 0.5733497142791748
31 4127.26857 4146.665895733334 4998.207260396488 0.5884747505187988
32 4127.26857 4143.833971833334 4742.148176807606 0.6037387847900391
33 4127.26857 4145.451138466667 4772.408375425007 0.6188757419586182
34 4127.26857 4145.112953766667 4823.088241394766 0.63358473777771
35 4127.26857 4146.824596100001 6032.518817963168 0.6485538482666016
36 4127.26857 4146.2666412 5800.379882317526 0.6693446636199951
37 4127.26857 4149.735618766667 6504.226783863334 0.6879448890686035
38 4127.26857 4147.6606341666675 6391.233236208521 0.7027347087860107
39 4127.26857 4144.262467266667 4723.669918898353 0.7212429046630859
40 4127.26857 4144.747683966667 4648.670363843559 0.7375497817993164
41 4127.26857 4143.8040332 4258.22030815244 0.752795934677124
42 4127.26857 4141.489797966667 3449.5959221726844 0.7670438289642334
43 4127.26857 4144.073434066667 4565.429819148766 0.7815217971801758
44 4127.26857 4142.434266233334 4332.247943004289 0.7967448234558105
45 4127.26857 4151.335210666667 6557.327919705158 0.8117718696594238
46 4127.26857 4147.3999869 5412.634900974283 0.8269407749176025
47 4127.26857 4148.290877066666 5267.628706802089 0.8423576354980469
48 4127.26857 4145.252325366667 4438.8780963306035 0.8576948642730713
49 4127.26857 4147.0046265 5435.410389625134 0.8730885982513428
50 4127.26857 4148.298954566667 5624.035230929423 0.8881537914276123
51 4127.26857 4147.884235466667 6208.754183861101 0.9029457569122314
52 4127.26857 4146.898360800001 6004.786404197016 0.9175727367401123
53 4127.26857 4149.3234442 7103.481900158413 0.932614803314209
54 4127.26857 4141.917897033333 3449.941454073197 0.9475257396697998
55 4127.26857 4140.009301033334 3076.3365563582684 0.961397647857666
56 4127.26857 4142.452446466667 3657.55881886239 0.9766168594360352
57 4127.26857 4143.5022524000005 4841.9296108299295 0.9912619590759277
58 4127.26857 4143.336403933334 5015.285692503279 1.0061225891113281
59 4127.26857 4147.760073333334 5968.553556620912 1.020953893661499
60 4127.26857 4147.5203898 6373.653915051347 1.0356826782226562
61 4127.26857 4145.279759133333 4931.087535851606 1.0502128601074219
62 4127.26857 4146.378298566668 5697.612193541867 1.0647087097167969
63 4127.26857 4145.876702066667 5319.66896281707 1.0795300006866455
64 4127.26857 4141.0354545 3892.4030871590453 1.0938398838043213
65 4104.57279 4147.017306066667 8483.038487474416 1.108219861984253
66 4104.57279 4135.8654173 3288.6806609951745 1.1225237846374512
67 4104.57279 4131.4054493 3252.5412466957973 1.1370539665222168
68 4104.57279 4130.3416538 3818.8840528525925 1.1524899005889893
69 4104.57279 4127.338324466667 3539.02077585383 1.1672089099884033
70 4104.57279 4128.6426916 4485.969708473753 1.1817328929901123
71 4104.57279 4130.2077572 6612.602367413937 1.1959397792816162
72 4104.57279 4131.2541548 7897.805349528015 1.209836721420288
73 4104.57279 4128.796936933333 6308.265486260272 1.2241756916046143
74 4104.57279 4125.3932414 6218.204237689496 1.2384467124938965
75 4104.57279 4118.171282133333 3382.1864223715697 1.2525975704193115
76 4104.57279 4120.713574566666 3968.263781850608 1.2667946815490723
77 4104.57279 4122.732857999999 4685.37513438736 1.2814579010009766
78 4104.57279 4116.101594333333 2406.712378932638 1.2956218719482422
79 4104.57279 4117.817677299999 4396.043885089195 1.309706687927246
80 4104.57279 4118.1420819666655 3862.4892701785966 1.324220895767212
81 4104.57279 4120.901917066666 4946.704291646588 1.3385987281799316
82 4104.57279 4124.536026033332 6188.576046427507 1.352726697921753
83 4104.57279 4127.750119033332 7359.657436404355 1.3665368556976318
84 4104.57279 4124.315582299999 6819.499591143531 1.379929780960083
85 4104.57279 4123.855274233333 5652.680457155603 1.3934316635131836
86 4104.57279 4122.801152599999 5528.759676203941 1.40706467628479
87 4104.57279 4121.570940733333 5883.136061928503 1.4205656051635742
88 4104.57279 4122.359926166667 5939.32950640477 1.4344127178192139
89 4104.57279 4117.021893366666 3316.577280391671 1.4485998153686523
90 4104.57279 4118.471290433332 3497.9484635073404 1.4626758098602295
91 4104.57279 4118.187666933333 3824.078550551637 1.4767107963562012
92 4104.57279 4116.908928999999 3223.5528299393377 1.4906129837036133
93 4104.57279 4119.287329233333 3871.187967779562 1.5051188468933105
94 4104.57279 4123.7512799999995 5813.125440674836 1.520103931427002
95 4104.57279 4120.086837399999 4502.095545630659 1.5347578525543213
96 4104.57279 4126.419252466666 5944.4509368560075 1.5486118793487549
97 4104.57279 4126.053775466667 6093.411035796631 1.5630626678466797
98 4104.57279 4124.3711478 5759.653050288323 1.5783767700195312
99 4104.57279 4121.865876733334 4175.003317681869 1.5924947261810303
100 4104.57279 4123.6380046333325 6023.908538769895 1.6073496341705322
101 4104.57279 4120.209427966665 4169.242027211571 1.621824026107788
102 4104.57279 4123.961344799999 5610.572858492187 1.6357760429382324
103 4104.57279 4123.185749233333 5536.525217274217 1.6497387886047363
104 4104.57279 4123.792949266666 7119.84242741954 1.6635007858276367
105 4104.57279 4123.258626066666 7507.246064882595 1.676992654800415
106 4104.57279 4112.946439266666 1748.0302652428936 1.6909267902374268
107 4104.57279 4115.074606699999 2557.1511814561077 1.7048168182373047
108 4104.57279 4116.167523133333 3117.0835112801983 1.718627691268921
109 4104.57279 4118.192960533332 3954.235071027479 1.7325258255004883
110 4104.57279 4117.835219266666 4103.5790593019365 1.7463018894195557
111 4104.57279 4123.7148754 5997.676870038314 1.759955883026123
112 4104.57279 4121.184845366666 5598.628518834246 1.7738986015319824
113 4104.57279 4124.357365466666 6055.827179867629 1.788172721862793
114 4104.57279 4122.649308266666 6140.032146571286 1.8023347854614258
115 4104.57279 4121.989038233332 5842.402244058587 1.81642484664917
116 4104.57279 4123.922489299999 6506.345165136088 1.8309886455535889
117 4104.57279 4125.428761999999 7663.940131010962 1.845881700515747
118 4104.57279 4124.891584733333 6582.3683416251 1.860062837600708
119 4104.57279 4128.1932809 7932.348733478636 1.8749666213989258
120 4104.57279 4122.517274899999 6505.056453453157 1.889946699142456
121 4104.57279 4119.220766233333 5356.063207988503 1.9049549102783203
122 4104.57279 4121.508594266666 5756.753799455144 1.9194629192352295
123 4104.57279 4116.863051366667 2708.8635376021102 1.9345707893371582
124 4104.57279 4121.756919699999 4767.162602236148 1.949753761291504
125 4104.57279 4117.581972099999 3676.3612301251974 1.9644548892974854
126 4104.57279 4117.359813133332 4123.576917533462 1.9792678356170654
127 4104.57279 4116.679399366666 4936.664399886364 1.9939148426055908
128 4104.57279 4117.091734666666 4749.25207097214 2.008420705795288
129 4104.57279 4117.729599133332 5141.630465377452 2.0231218338012695
130 4104.57279 4117.990940466666 5038.588407817095 2.0379607677459717
131 4104.57279 4119.420602099999 4257.701518407324 2.0523788928985596
132 4104.57279 4116.180956266666 3400.5855565810098 2.066251754760742
133 4104.57279 4116.099285133333 3715.5273520770857 2.0804617404937744
134 4104.57279 4119.997081233333 5286.004282998198 2.095423936843872
135 4104.57279 4110.016361499999 1257.8521466951654 2.1104648113250732
136 4104.57279 4110.979980166666 1478.8147030188088 2.1252048015594482
137 4104.57279 4112.195907399999 1729.380633648457 2.1389389038085938
138 4104.57279 4113.717628533333 2709.1642705419044 2.1527559757232666
139 4104.57279 4118.247860533333 4269.434407730831 2.166480779647827
140 4104.57279 4123.241211999999 5062.934291910833 2.1803719997406006
141 4104.57279 4122.837207399999 4706.980970616132 2.194563865661621
142 4104.57279 4115.089611599999 3055.2804621703804 2.2087056636810303
143 4104.57279 4120.0597521 4716.038380298273 2.2228736877441406
144 4104.57279 4118.153287366666 4958.6778082620185 2.236940622329712
145 4104.57279 4116.252462966666 4522.196163573774 2.251386880874634
146 4104.57279 4113.811372766665 3307.523918529981 2.265131711959839
147 4104.57279 4119.6101902 5039.044050210971 2.278956651687622
148 4104.57279 4113.392013533333 1519.2573585683438 2.2931478023529053
149 4104.57279 4112.834963166665 2395.2704286362355 2.306997776031494
150 4104.57279 4117.203159199999 3933.6493646482318 2.3207926750183105
151 4104.57279 4117.997786766667 6238.083239194878 2.334779739379883
152 4104.57279 4113.954069466666 2869.2933562825 2.348602771759033
153 4104.57279 4114.488126966666 2489.453750759764 2.362332820892334
154 4104.57279 4119.2422178 4618.369475192441 2.3764429092407227
155 4104.57279 4112.589902199999 2595.564170902929 2.390377998352051
156 4104.57279 4117.731767433333 5224.910334483264 2.4042136669158936
157 4104.57279 4119.943082599999 5039.560385088219 2.418181896209717
158 4104.57279 4116.246202866666 4347.756526387327 2.4317057132720947
159 4104.57279 4118.115416666666 4656.61897540397 2.4459457397460938
160 4104.57279 4119.353103733333 4321.739583010262 2.4604549407958984
161 4104.57279 4122.975020499999 6458.2156777045675 2.475024938583374
162 4104.57279 4121.200417699999 5845.781382350765 2.489309787750244
163 4104.57279 4115.718780666666 3499.9733473470583 2.5030517578125
164 4104.57279 4116.814633666666 3884.5817516401053 2.5166947841644287
165 4104.57279 4114.7628933999995 3178.513935532967 2.530315637588501
166 4104.57279 4118.6358703666665 5106.025866004482 2.54404878616333
167 4104.57279 4117.925752566666 3876.015658665921 2.5580177307128906
168 4104.57279 4117.984765966667 4062.7304537998434 2.5726118087768555
169 4104.57279 4116.705794433332 3647.358423882389 2.5866997241973877
170 4104.57279 4119.8455728 4948.064899111551 2.600425958633423
171 4104.57279 4115.865174799999 3443.853784309354 2.6138408184051514
172 4104.57279 4116.726905099999 3545.898326268435 2.6277687549591064
173 4104.57279 4116.603205533333 3606.7846441335355 2.6414778232574463
174 4104.57279 4114.518152366666 2982.960794277928 2.6550357341766357
175 4104.57279 4116.7828291666665 3454.91811375197 2.668400764465332
176 4104.57279 4110.645515499999 1375.5722291039594 2.6820318698883057
177 4104.57279 4116.032619366666 3212.2851269202433 2.6957199573516846
178 4104.57279 4117.544102133333 4004.1205779689867 2.709481954574585
179 4104.57279 4126.287698966666 6998.272964096762 2.723132848739624
180 4104.57279 4125.405718366666 6740.033417470414 2.736642837524414
181 4104.57279 4117.198413499998 4388.5027041559615 2.750276803970337
182 4104.57279 4117.0109281333325 3897.0913225527556 2.763753890991211
183 4104.57279 4114.099966333332 2983.6659822115803 2.7773518562316895
184 4104.57279 4115.147654966666 2798.5462879543784 2.791592836380005
185 4104.57279 4114.163923266666 2769.3591460828493 2.8053436279296875
186 4104.57279 4114.647780966667 2567.2077075875527 2.818906784057617
187 4104.57279 4116.266308533332 3362.0516387927214 2.8325977325439453
188 4104.57279 4115.418772199999 3027.1057374111483 2.8463146686553955
189 4104.57279 4115.948191333332 3586.2270559437047 2.8601536750793457
190 4104.57279 4118.854911833332 4043.597907418047 2.874086856842041
191 4104.57279 4115.663295866665 2911.988288299352 2.88777494430542
192 4104.57279 4117.143585966665 3096.5370726402357 2.9014227390289307
193 4104.57279 4122.609041033333 4949.626918979053 2.915026903152466
194 4104.57279 4124.156866233333 6006.004680290835 2.9286317825317383
195 4104.57279 4123.783841766666 5711.131887455693 2.942525863647461
196 4104.57279 4120.5428667666665 4417.456855684531 2.956324815750122
197 4104.57279 4124.464205466666 6494.487474167957 2.9701619148254395
198 4104.57279 4122.416149666667 5372.301759106796 2.984421730041504
199 4104.57279 4124.001496466667 6330.696811361712 2.9986727237701416
200 4104.57279 4119.364536199999 4887.715802855602 3.013469934463501
201 4104.57279 4119.333149366666 4404.149582446015 3.0279288291931152
202 4104.57279 4113.6922147 2248.598768279474 3.042526960372925
203 4104.57279 4116.623744433333 3257.94831709645 3.0571818351745605
204 4104.57279 4118.878456433333 3571.6251503301605 3.0726778507232666
205 4104.57279 4116.8100466666665 3312.316309078606 3.0870258808135986
206 4104.57279 4119.564228566666 4740.6297815637 3.1013436317443848
207 4104.57279 4123.5294644999985 6065.097337080509 3.116271734237671
208 4104.57279 4125.310573866665 6832.7809259362 3.1304707527160645
209 4104.57279 4123.635439966665 6099.610001323795 3.1444437503814697
210 4104.57279 4116.7855685333325 3999.537999649295 3.1580898761749268
211 4104.57279 4117.801883866666 4064.353828146174 3.1720077991485596
212 4104.57279 4118.785590366666 4467.909118985809 3.1858677864074707
213 4104.57279 4115.162527133332 3151.688595181512 3.199598789215088
214 4104.57279 4115.331115266666 3406.397966677618 3.2137956619262695
215 4104.57279 4119.009417233332 4183.694781179063 3.2277138233184814
216 4104.57279 4123.1097985 5175.279670282925 3.2417798042297363
217 4104.57279 4124.667269399999 5546.062512001184 3.2558438777923584
218 4104.57279 4128.486204533332 8043.622568335791 3.269815683364868
219 4104.57279 4127.734756699999 8239.74924327168 3.2835288047790527
220 4104.57279 4116.7528726 4336.116566187361 3.2973928451538086
221 4104.57279 4114.015795299999 2909.117357363854 3.3111767768859863
222 4104.57279 4119.289630133333 5958.602673674545 3.3249058723449707
223 4104.57279 4121.079261666666 6917.484503622233 3.3388407230377197
224 4104.57279 4124.165831833333 7880.707906605601 3.3524186611175537
225 4104.57279 4117.5180538333325 4654.17310496534 3.365924835205078
226 4104.57279 4116.442864966666 4362.678687207177 3.3795127868652344
227 4104.57279 4113.399170966666 2947.913391195702 3.3931379318237305
228 4104.57279 4114.801214 2813.538532699767 3.406747817993164
229 4104.57279 4116.534379766666 3506.2971288536373 3.420299768447876
230 4104.57279 4117.197837366666 3523.631093756403 3.4337239265441895
231 4104.57279 4116.2181919333325 2903.786552529669 3.446995973587036
232 4104.57279 4122.753628733332 5759.957206119463 3.460742950439453
233 4104.57279 4123.457131133333 6853.549541974288 3.4745888710021973
234 4104.57279 4127.004452733333 7857.417971371341 3.4881386756896973
235 4104.57279 4122.880382166666 5744.853648845331 3.5018439292907715
236 4104.57279 4123.582517066666 5774.426652198048 3.5155189037323
237 4104.57279 4119.5198593999985 4262.001057741881 3.529343843460083
238 4104.57279 4115.49188 2647.597079402636 3.543423891067505
239 4104.57279 4120.998523966666 4034.743883042717 3.5579068660736084
240 4104.57279 4121.618962699999 4277.293917543605 3.572262763977051
241 4104.57279 4123.268968933333 4993.320852277594 3.586879014968872
242 4104.57279 4118.677909399999 3829.9043898857362 3.6007068157196045
243 4104.57279 4115.958620433333 2758.6498703785646 3.6144497394561768
244 4104.57279 4112.027941199999 1597.7168911279093 3.6282718181610107
245 4104.57279 4114.795798366666 3087.804842720238 3.6420087814331055
246 4104.57279 4116.2722717999995 3226.9144619816593 3.655393600463867
247 4104.57279 4121.7419088 4482.8848963155615 3.669156789779663
248 4104.57279 4119.571399699999 3683.658367250665 3.6828508377075195
249 4104.57279 4122.165689733332 5416.993261816468 3.6962978839874268
4104.57279 3.71004581451416
2
0 61180.85822 72698.75601983334 19278945.74793677 0.02891397476196289
1 21957.81766 69790.03375616665 30276422.53850567 0.07270407676696777
2 8547.693 58913.01569260001 274744706.8552253 0.10612893104553223
3 5645.11226 47065.43098336667 484807113.6839044 0.13372802734375
4 4709.4238700000005 36358.36461166667 530018310.9826893 0.1568892002105713
5 4709.4238700000005 26995.758965033336 460080018.78846353 0.1777050495147705
6 4709.4238700000005 21266.366798533334 366960241.09603435 0.19666314125061035
7 4677.0939499999995 17776.2689407 297158434.7869802 0.21445417404174805
8 4431.90068 14506.670900300001 243269185.5354835 0.23149609565734863
9 4431.90068 12820.222009666668 209315091.38664964 0.24767494201660156
10 4218.6328300000005 10894.966821600001 167683775.6729732 0.2636401653289795
11 4218.6328300000005 8943.056646866666 115047466.39219548 0.2787480354309082
12 4166.5053 7614.777414099999 75917807.60560551 0.2934260368347168
13 4166.5053 6846.254546733332 58722769.85414448 0.30806899070739746
14 4166.5053 6042.5118220333325 35833452.20586798 0.32242798805236816
15 4166.5053 5439.188052366666 17962811.51097184 0.3363630771636963
16 4166.5053 4930.9162719666665 8354561.511294403 0.3505830764770508
17 4166.5053 4713.1451165 4886800.624674051 0.3644890785217285
18 4166.5053 4632.9982459 4643229.00785681 0.3780100345611572
19 4166.5053 4503.6143707 3911584.9498000066 0.3917710781097412
20 4166.5053 4347.526129366667 1005466.6348431635 0.4056060314178467
21 4166.5053 4297.669351799999 933437.7023230386 0.4191410541534424
22 4166.5053 4247.231288333333 404051.7948113273 0.43315696716308594
23 4166.5053 4205.128716933334 18870.038560058245 0.446796178817749
24 4166.5053 4204.326056633333 20707.287742724242 0.46056294441223145
25 4166.5053 4195.6027674 17615.397173114605 0.47466611862182617
26 4166.5053 4187.639971799999 6414.587548718895 0.48841309547424316
27 4166.5053 4187.607831066667 6733.735442590089 0.5018901824951172
28 4166.5053 4187.155468433333 6925.475049277607 0.515592098236084
29 4166.5053 4185.372580566666 6482.074608777679 0.5296750068664551
30 4166.5053 4185.836311633333 6271.853896898309 0.5441632270812988
31 4166.5053 4192.059171433333 8941.287154496482 0.5579452514648438
32 4166.5053 4191.125077333333 7280.85965769544 0.571739912033081
33 4166.5053 4184.919593600001 5130.0937977774465 0.5854201316833496
34 4166.5053 4181.665753233334 4554.263959763387 0.5992600917816162
35 4166.5053 4180.681979833333 4401.543607450365 0.613318920135498
36 4166.5053 4180.5208563999995 4033.813450472046 0.6272871494293213
37 4166.5053 4180.5920189 3686.461967535496 0.6413900852203369
38 4166.5053 4181.703852833333 4578.993082664415 0.6552531719207764
39 4166.5053 4185.328003433334 5347.81648180958 0.6689071655273438
40 4166.5053 4181.485904966666 4296.367815034328 0.6829321384429932
41 4166.5053 4180.508961666666 3922.473373295446 0.6967089176177979
42 4166.5053 4185.299927566666 5390.896186019821 0.710374116897583
43 4166.5053 4180.555389966667 4062.81560918506 0.7244131565093994
44 4127.26857 4184.718752366667 6205.646732956036 0.7381892204284668
45 4127.26857 4182.916962 5675.867528372345 0.7517452239990234
46 4127.26857 4176.730688366667 5019.550629606392 0.7658603191375732
47 4127.26857 4167.856463166667 5028.300948493058 0.7800071239471436
48 4127.26857 4169.662832200001 8495.977647733145 0.794044017791748
49 4127.26857 4157.651979766667 5961.565193061564 0.808603048324585
50 4121.6728 4153.821998166667 4566.125971719245 0.8230259418487549
51 4121.6728 4162.804933433334 6094.890497660929 0.8373892307281494
52 4111.6457 4162.021367033333 6133.402007615935 0.8515920639038086
53 4111.6457 4160.729752333334 7324.6834525032245 0.8657832145690918
54 4111.6457 4156.7416475 6495.687213355012 0.8807439804077148
55 4111.6457 4146.357382666667 5500.546767597174 0.8954219818115234
56 4111.6457 4142.896291133333 5345.10895943154 0.9098341464996338
57 4111.6457 4145.532912833333 7304.091929153484 0.9242041110992432
58 4111.6457 4143.6256013 9231.564086367445 0.9386200904846191
59 4111.6457 4137.254159433333 7811.636428427039 0.9523983001708984
60 4111.6457 4137.314061066667 6870.701130359499 0.9662361145019531
61 4111.6457 4128.4326586666675 3697.204478256053 0.9805471897125244
62 4111.6457 4131.202355433333 4392.619358953177 0.9953510761260986
63 4111.6457 4132.819423733334 5719.300061668238 1.0104022026062012
64 4111.6457 4135.0690497333335 6880.906633654356 1.0250740051269531
65 4111.6457 4133.960578566667 7781.826849284828 1.0402350425720215
66 4111.6457 4139.1273818 9871.85575914368 1.054884910583496
67 4111.6457 4130.080792233334 6452.501630098766 1.0691001415252686
68 4111.6457 4132.4582059 8071.682194684224 1.083198070526123
69 4111.6457 4125.581220733333 4401.56421719329 1.0975000858306885
70 4111.6457 4128.118571933333 5373.975054261892 1.1115379333496094
71 4111.6457 4124.746771900001 3882.1775470435045 1.1253001689910889
72 4111.6457 4127.459744666667 4812.328094212593 1.139052152633667
73 4111.6457 4130.6976652 6503.174942689166 1.1532790660858154
74 4111.6457 4125.536253166668 3658.505719577431 1.1671922206878662
75 4111.6457 4128.7152663333345 4575.307721983946 1.1812303066253662
76 4111.6457 4131.788304466667 5487.079224211959 1.19566011428833
77 4111.6457 4131.539963866666 5812.846802900736 1.209550142288208
78 4111.6457 4134.528780166666 6491.524125409285 1.223289966583252
79 4111.6457 4135.413654666667 6827.993062682336 1.2375099658966064
80 4111.6457 4127.515746633333 3765.5550558005093 1.251488208770752
81 4111.6457 4122.5333691 2678.5934586951375 1.2654612064361572
82 4111.6457 4128.437299266667 5185.655580570744 1.2795710563659668
83 4111.6457 4128.111019533333 4631.770000640818 1.2935099601745605
84 4111.6457 4131.229841566666 5767.229597994282 1.30739426612854
85 4111.6457 4132.2686201 6369.095666012167 1.3216440677642822
86 4111.6457 4132.938879333334 5960.635642642301 1.335428237915039
87 4111.6457 4132.835667333334 7330.810896597779 1.3491320610046387
88 4111.6457 4125.098287633333 4071.532165826853 1.3629481792449951
89 4111.6457 4127.547927133334 5304.4054851107685 1.3767950534820557
90 4111.6457 4127.988194533334 4729.047661298734 1.3902301788330078
91 4111.6457 4127.6450218 4439.066881538535 1.4039592742919922
92 4111.6457 4124.599980100001 3328.1384979045106 1.4184620380401611
93 4111.6457 4129.271988466667 4684.618320692884 1.432610273361206
94 4111.6457 4131.714939033333 6400.043154764108 1.4478731155395508
95 4111.6457 4133.385245833333 7611.502593307938 1.4617230892181396
96 4111.6457 4125.388868433333 3152.5267258877743 1.4754912853240967
97 4111.6457 4127.2991235 4809.41297353942 1.4892759323120117
98 4111.6457 4130.0954471000005 7217.155897826394 1.5031449794769287
99 4111.6457 4130.240737800001 4666.768126406344 1.5173261165618896
100 4111.6457 4130.950384133334 5585.228535225411 1.5321171283721924
101 4111.6457 4131.055953700001 6266.727276262904 1.5461289882659912
102 4111.6457 4127.5854368 5359.59729822024 1.5596942901611328
103 4111.6457 4133.561886866667 7056.02996613174 1.5736711025238037
104 4104.57279 4136.363456200001 8724.365261589695 1.5871691703796387
105 4104.57279 4141.5877664 8859.63500551809 1.6007320880889893
106 4104.57279 4140.345541233333 8060.770749021412 1.614480972290039
107 4104.57279 4133.207173433333 5956.72548894749 1.6283910274505615
108 4104.57279 4124.899490466667 3434.934916286505 1.6423001289367676
109 4104.57279 4128.093879633333 4341.022545701863 1.6565241813659668
110 4104.57279 4128.663485866667 4873.242017233707 1.670516014099121
111 4104.57279 4129.393774766666 5757.033240020249 1.684196949005127
112 4104.57279 4127.030974633333 6253.803613931405 1.6981751918792725
113 4104.57279 4120.633088799999 3089.8761806160687 1.7117059230804443
114 4104.57279 4114.475061633332 1655.1346735833154 1.7254412174224854
115 4104.57279 4114.340125333333 2196.5836547818894 1.7395341396331787
116 4104.57279 4116.5422798 3595.0703881333707 1.7533180713653564
117 4104.57279 4119.6229637999995 3475.1063995245613 1.766909122467041
118 4104.57279 4117.2975932 3091.0950717218 1.7809700965881348
119 4104.57279 4116.466795699999 2840.156467039486 1.7947189807891846
120 4104.57279 4116.129123866666 3031.5108011784987 1.8083720207214355
121 4104.57279 4120.407797833333 4997.068776723275 1.8223011493682861
122 4104.57279 4118.3704554 4094.9989577155675 1.8360919952392578
123 4104.57279 4122.758494566667 5710.853335051321 1.8496110439300537
124 4104.57279 4123.076840666666 5188.518815227804 1.8635051250457764
125 4104.57279 4127.2605495 7423.652542782409 1.8771250247955322
126 4104.57279 4127.838662366666 7544.362499252337 1.8909289836883545
127 4104.57279 4122.128891433333 5220.10117967121 1.9050419330596924
128 4104.57279 4117.370556366665 3451.4371942797634 1.9188611507415771
129 4104.57279 4114.098677433333 2632.1201216101463 1.9326369762420654
130 4104.57279 4112.887645566666 1647.588158106153 1.9466280937194824
131 4104.57279 4115.138211266666 2431.9856101800156 1.960334300994873
132 4104.57279 4115.679376533332 3169.8568707190484 1.9741911888122559
133 4104.57279 4119.518279933332 4415.738107208869 1.9886400699615479
134 4104.57279 4118.633104399999 3207.768318742721 2.0032899379730225
135 4104.57279 4118.993132333332 3705.684611929756 2.0177853107452393
136 4104.57279 4113.484484899999 1879.4443127170346 2.0325419902801514
137 4104.57279 4112.5834750333315 1565.478059118037 2.046565055847168
138 4104.57279 4120.238401266666 5259.438763408183 2.0618040561676025
139 4104.57279 4123.959258833333 6104.85832140761 2.0767812728881836
140 4104.57279 4122.110843166666 5196.392718180406 2.091403007507324
141 4104.57279 4117.0968991 3531.475745245229 2.1057002544403076
142 4104.57279 4118.932309599999 3857.298298937925 2.119809150695801
143 4104.57279 4121.754975366665 4458.191404263596 2.1338441371917725
144 4104.57279 4120.031627599999 4419.679667832314 2.1476449966430664
145 4104.57279 4115.707480299999 3259.131636812435 2.1617140769958496
146 4104.57279 4115.926726533333 3649.300723533181 2.1759140491485596
147 4104.57279 4121.785920699999 5184.195740993645 2.1897940635681152
148 4104.57279 4119.118988066666 4364.538664922539 2.2038700580596924
149 4104.57279 4121.424414833333 4757.381201079789 2.2175559997558594
150 4104.57279 4121.983645133333 4968.012719634982 2.2310988903045654
151 4104.57279 4123.603572533332 5277.269076964602 2.2451510429382324
152 4104.57279 4123.154915866666 4963.296913456422 2.2593822479248047
153 4104.57279 4122.175417766665 5222.525616428276 2.2732739448547363
154 4104.57279 4114.281519799999 3378.7848269150663 2.2874672412872314
155 4104.57279 4116.999308066666 4197.2259431279235 2.3014469146728516
156 4104.57279 4118.4923721666655 4141.774111879447 2.315186023712158
157 4104.57279 4122.121627666666 5549.856047576654 2.329144239425659
158 4104.57279 4118.2196792333325 3751.572259771496 2.3429760932922363
159 4104.57279 4118.458463699999 4075.5304520982886 2.356750249862671
160 4104.57279 4118.123329199999 3909.278033629688 2.370800018310547
161 4104.57279 4114.099011199999 2668.895173688352 2.3845629692077637
162 4104.57279 4113.224298633332 2658.6822134853683 2.3983280658721924
163 4104.57279 4114.751261333333 3261.7603889470406 2.412276029586792
164 4104.57279 4116.821810333333 3425.906241454037 2.4261791706085205
165 4104.57279 4122.473556533332 4548.221719666005 2.4397780895233154
166 4104.57279 4117.762441833333 3775.993780805088 2.4537880420684814
167 4104.57279 4119.357176699999 4968.0174981816135 2.4678878784179688
168 4104.57279 4119.140414966666 4812.124258531185 2.4816370010375977
169 4104.57279 4120.028217866666 4533.764279251839 2.4955151081085205
170 4104.57279 4125.127887533333 5802.108549949171 2.509280204772949
171 4104.57279 4118.880559066666 3693.8484647017485 2.5231001377105713
172 4104.57279 4120.1684507 4622.34114721613 2.5372869968414307
173 4104.57279 4119.611215133333 4260.875687313915 2.5514912605285645
174 4104.57279 4120.816547266665 4789.069327782831 2.565521001815796
175 4104.57279 4120.682823699999 5160.661750664408 2.5794100761413574
176 4104.57279 4119.145674399999 5057.134409972073 2.593431234359741
177 4104.57279 4118.594183199999 5092.882650810163 2.6074299812316895
178 4104.57279 4120.168583899999 5740.483607033867 2.621364116668701
179 4104.57279 4114.9450946 3180.203543529658 2.6350889205932617
180 4104.57279 4112.100358066666 2449.729066432212 2.6489720344543457
181 4104.57279 4117.4943399333315 3789.5348882748194 2.6630070209503174
182 4104.57279 4116.589586166666 3133.8263193308967 2.676774024963379
183 4104.57279 4118.447194733332 3824.6257286248106 2.6904590129852295
184 4104.57279 4115.2666666333325 2511.756716118543 2.704561948776245
185 4104.57279 4121.211024099999 4352.290164708235 2.718264102935791
186 4104.57279 4126.271885966667 6708.197512156122 2.7321040630340576
187 4104.57279 4129.103073866666 8249.293158300525 2.746380090713501
188 4104.57279 4126.7380096 6772.584056871837 2.760683059692383
189 4104.57279 4128.348600833333 7087.336622763217 2.7750182151794434
190 4104.57279 4120.084439066665 3668.8955097749845 2.789151191711426
191 4104.57279 4115.530344699999 2131.009670525825 2.8030130863189697
192 4104.57279 4115.581680233333 2870.371542990287 2.8170859813690186
193 4104.57279 4117.811401066665 3570.103950650038 2.8310322761535645
194 4104.57279 4116.082840699999 2831.9311712870726 2.8445851802825928
195 4104.57279 4115.6935895 2818.685174936646 2.8586010932922363
196 4104.57279 4111.7254672 1365.2190361279972 2.872689962387085
197 4104.57279 4125.650229099999 6313.882231948715 2.8867640495300293
198 4104.57279 4123.136357466667 5474.735688136792 2.9005589485168457
199 4104.57279 4123.171755099999 4708.65030166537 2.914241075515747
200 4104.57279 4117.219810866665 3397.6163657175694 2.9285471439361572
201 4104.57279 4115.8474572666655 2806.338016426871 2.9426870346069336
202 4104.57279 4112.930860466665 2489.991587835561 2.956761121749878
203 4104.57279 4115.406981299999 3038.619641577138 2.970705986022949
204 4104.57279 4118.7001237333325 3944.203372037919 2.98498797416687
205 4104.57279 4118.688688566665 4122.573164117704 2.999446153640747
206 4104.57279 4119.179598866665 4417.287782163388 3.01459002494812
207 4104.57279 4121.147929166666 4927.989441250706 3.028963088989258
208 4104.57279 4121.854453733332 5896.126422388711 3.0435049533843994
209 4104.57279 4118.586560199999 4279.239994795159 3.0581650733947754
210 4104.57279 4115.479467399999 2608.119316512767 3.0725550651550293
211 4104.57279 4116.891693999999 2834.497081989056 3.0871922969818115
212 4104.57279 4115.420428099999 2374.954193638553 3.101278066635132
213 4104.57279 4117.9081184 3360.1673113547017 3.115302085876465
214 4104.57279 4119.583871999999 3328.4524716415763 3.1295790672302246
215 4104.57279 4118.352332299999 3297.462512014922 3.1434531211853027
216 4104.57279 4119.218414599999 4529.795520133273 3.1573240756988525
217 4104.57279 4116.761820666666 2730.272202117096 3.171196937561035
218 4104.57279 4112.742058766666 1764.2947746506236 3.1852262020111084
219 4104.57279 4114.170534466666 2315.8983979904497 3.1993250846862793
220 4104.57279 4119.666794433333 3560.673407192474 3.2136971950531006
221 4104.57279 4126.5303327 6654.936509702627 3.2283520698547363
222 4104.57279 4123.206989733333 5742.65790013093 3.2430832386016846
223 4104.57279 4124.293938366665 6329.589400891151 3.257275104522705
224 4104.57279 4128.540043533332 8996.829979123153 3.2710931301116943
225 4104.57279 4118.1462133666655 4981.347488036663 3.284813165664673
226 4104.57279 4117.631310966666 3071.078200491595 3.2988271713256836
227 4104.57279 4115.654088766666 2737.6840393784614 3.3126721382141113
228 4104.57279 4117.952225 4445.036880389008 3.326329231262207
229 4104.57279 4118.679530866666 4788.946099004809 3.3401622772216797
230 4104.57279 4116.320510099999 3702.750826069212 3.3538620471954346
231 4104.57279 4121.304475133333 5210.072864604106 3.3675670623779297
232 4104.57279 4115.683183899999 2064.0293296195864 3.3818562030792236
233 4104.57279 4115.909708799999 2303.9593604339852 3.395832061767578
234 4104.57279 4117.828295599999 3684.7530136978835 3.4098119735717773
235 4104.57279 4118.747202566667 4302.867928130902 3.423612117767334
236 4104.57279 4120.566902366665 4189.62101881609 3.437258005142212
237 4104.57279 4119.296196699999 4242.98034430423 3.451083183288574
238 4104.57279 4117.615628866667 3636.438866180962 3.4647979736328125
239 4104.57279 4116.435731366666 3238.203921220367 3.478461980819702
240 4104.57279 4119.317461866666 4109.768135116329 3.491940975189209
241 4104.57279 4122.243219533333 5023.198918456711 3.506265163421631
242 4104.57279 4125.373283499999 5861.6642603777445 3.520380973815918
243 4104.57279 4123.596667100001 5308.520479447438 3.5348551273345947
244 4104.57279 4126.126794299999 6659.312248187341 3.549309015274048
245 4104.57279 4121.352477866666 5808.557806651428 3.563242197036743
246 4104.57279 4122.505193033332 5926.023811909717 3.5772011280059814
247 4104.57279 4121.628221433332 4555.202971275264 3.591270923614502
248 4104.57279 4121.883568966666 4976.9236751568305 3.6050491333007812
249 4104.57279 4123.861152733333 5486.365846606748 3.6187570095062256
4104.57279 3.6322221755981445
3
0 58065.76621 72289.70476066666 17191793.091413833 0.028564929962158203
1 17142.33655 68075.44015666666 37047883.414182514 0.0718240737915039
2 7972.660389999999 56029.550278 297062735.73055 0.1036689281463623
3 5223.91215 44164.557826033335 477897578.38558286 0.13039517402648926
4 4513.56543 33967.93626163334 525565636.6489419 0.15286707878112793
5 4513.56543 27870.53394316667 490084497.2699369 0.17379093170166016
6 4399.37869 21579.01098493333 394516758.9161759 0.19278693199157715
7 4399.37869 15847.560879499999 268214601.99424174 0.21021580696105957
8 4236.81561 13346.550794633333 210611095.00919473 0.22649502754211426
9 4236.81561 11394.710379533333 176897084.46193695 0.2423090934753418
10 4177.094 9495.284670966668 136679503.80750835 0.2582719326019287
11 4177.094 8338.073077433335 108533239.7278631 0.27347397804260254
12 4120.03203 7588.730743133333 89147171.09923367 0.28831982612609863
13 4120.03203 6745.264391433333 59967270.14244385 0.3032710552215576
14 4120.03203 6076.442059600001 37790084.747338966 0.3177011013031006
15 4120.03203 5422.306649133333 22029972.429628465 0.3317749500274658
16 4120.03203 4988.252456133335 10581506.578801233 0.3459739685058594
17 4120.03203 4778.638844833334 8282460.484177049 0.35999202728271484
18 4120.03203 4490.650371400001 4025322.1489183456 0.373729944229126
19 4120.03203 4426.737523000001 3255972.312664379 0.38777589797973633
20 4120.03203 4389.677826900001 3168233.546305998 0.40160107612609863
21 4120.03203 4366.195320666668 3108062.288766937 0.4156169891357422
22 4120.03203 4245.068592133334 521182.30936051667 0.4295320510864258
23 4120.03203 4192.621577833334 276659.56843987986 0.4433410167694092
24 4120.03203 4156.561770400001 31861.962322990523 0.45719003677368164
25 4120.03203 4151.639725366668 23892.755911023683 0.4709019660949707
26 4120.03203 4145.822970466667 9241.297187013126 0.48459887504577637
27 4120.03203 4145.542030800001 8882.42705824869 0.4983658790588379
28 4120.03203 4141.025865766667 6713.373356334487 0.5123569965362549
29 4120.03203 4146.286344033335 8936.536529024395 0.5262799263000488
30 4120.03203 4137.427612033334 5760.720889380761 0.5399580001831055
31 4120.03203 4132.407174700002 3661.32103089771 0.5539131164550781
32 4120.03203 4139.2309048333345 5542.044727347501 0.5677199363708496
33 4120.03203 4136.776260266668 5244.556445320904 0.5810410976409912
34 4120.03203 4134.421064866668 4404.857436773439 0.5944359302520752
35 4120.03203 4142.534477866668 8261.875951579883 0.6078550815582275
36 4120.03203 4134.934147800001 4427.163910115527 0.6213150024414062
37 4120.03203 4139.577863366668 6706.324403210104 0.634937047958374
38 4120.03203 4134.457208166668 4426.512299720015 0.648881196975708
39 4120.03203 4136.775055933334 5638.358608813097 0.6621758937835693
40 4120.03203 4135.448520600001 5092.56540192279 0.6758499145507812
41 4120.03203 4133.760388300001 3795.9005862068066 0.689723014831543
42 4120.03203 4131.298095666668 3127.6347008011685 0.703516960144043
43 4120.03203 4133.214903600002 4052.7406651274814 0.7176640033721924
44 4120.03203 4132.989895333335 3521.7374958237524 0.7313148975372314
45 4120.03203 4137.2356997000015 4980.960394855333 0.7452049255371094
46 4120.03203 4133.127326233335 3895.0325456957426 0.7591447830200195
47 4120.03203 4143.089198333335 7101.671505036366 0.7730422019958496
48 4120.03203 4139.778135333335 5817.240987404452 0.7866311073303223
49 4120.03203 4135.664508566669 4776.802732922521 0.8006079196929932
50 4120.03203 4135.146583466668 4406.15205983744 0.8143229484558105
51 4120.03203 4138.589965700001 6625.401165320456 0.8279998302459717
52 4120.03203 4135.283684600001 5792.737486837451 0.8418929576873779
53 4120.03203 4132.270982066669 4098.1571805665735 0.8559310436248779
54 4120.03203 4133.398519966668 4420.593502185995 0.8695559501647949
55 4120.03203 4135.358775433335 5537.5619764874045 0.8835561275482178
56 4120.03203 4142.012254266668 8365.032255716755 0.8974440097808838
57 4120.03203 4139.775405600001 6250.528323618139 0.9111320972442627
58 4120.03203 4138.762400666667 5522.144066887917 0.9251539707183838
59 4120.03203 4139.776830500001 6370.34366405594 0.938817024230957
60 4120.03203 4134.504439700001 4283.7736739669945 0.9524049758911133
61 4120.03203 4137.189936700001 5634.358589178748 0.9665567874908447
62 4120.03203 4136.972782633334 5609.6891868587945 0.9803309440612793
63 4120.03203 4140.110566200001 6110.42509043596 0.9939050674438477
64 4120.03203 4133.437398600001 3940.5751543552515 1.0076169967651367
65 4120.03203 4139.363112133335 6796.59379047256 1.0212769508361816
66 4120.03203 4137.927916500001 5499.444509993235 1.035654067993164
67 4120.03203 4139.916811000001 7366.196591168248 1.0502498149871826
68 4120.03203 4137.766390166667 6684.03006638502 1.06461501121521
69 4120.03203 4134.258411233335 4363.801247877776 1.0784239768981934
70 4120.03203 4134.082778366667 3967.0716928139414 1.0922589302062988
71 4120.03203 4135.218676533335 4736.044200477226 1.1061038970947266
72 4120.03203 4134.467193933334 4385.021048690302 1.1198959350585938
73 4120.03203 4133.874010900001 3854.46705901651 1.13407301902771
74 4120.03203 4135.617978633334 4401.982618907887 1.1479039192199707
75 4120.03203 4138.1689087 5135.915208099435 1.1615269184112549
76 4120.03203 4134.374900600002 4214.547032941807 1.1755130290985107
77 4120.03203 4137.006100800002 5717.337418289324 1.1893517971038818
78 4120.03203 4132.595188200001 4255.814873298733 1.2033030986785889
79 4120.03203 4136.968870900002 5681.063824272513 1.2173428535461426
80 4120.03203 4141.991010600001 7005.333616495246 1.230954885482788
81 4120.03203 4143.9531163 7797.740150075285 1.2447459697723389
82 4120.03203 4143.720417166668 8042.906091292861 1.258497953414917
83 4120.03203 4140.3380415 6453.5268549083285 1.2724478244781494
84 4120.03203 4141.048203733334 7578.890008295127 1.285851001739502
85 4120.03203 4136.650446133334 5767.16091331158 1.2993710041046143
86 4120.03203 4130.726467900002 2566.075052524179 1.3130509853363037
87 4120.03203 4131.743847100001 2949.4503302179974 1.3264939785003662
88 4120.03203 4138.168619800002 6001.111113788204 1.3403480052947998
89 4120.03203 4136.700838133334 5648.519406953993 1.353912115097046
90 4120.03203 4137.399864700001 5645.45196992562 1.3677539825439453
91 4120.03203 4135.282841633335 4927.310682153777 1.3818919658660889
92 4120.03203 4133.105717333334 4036.5059537572365 1.395759105682373
93 4120.03203 4134.2072645666685 4495.717406913387 1.4095699787139893
94 4120.03203 4133.021861933335 3987.6997789457178 1.4236137866973877
95 4120.03203 4133.501532633334 3840.6109135188985 1.4371488094329834
96 4120.03203 4133.556805800001 4073.4021350906237 1.4508447647094727
97 4120.03203 4134.460059900001 4138.638629590776 1.4649248123168945
98 4120.03203 4134.131004333335 3385.2498267315445 1.4786138534545898
99 4120.03203 4134.691526133334 3841.187626540776 1.492393970489502
100 4120.03203 4132.834318600001 3374.682303380913 1.5063929557800293
101 4120.03203 4139.9408385666675 6246.011579690691 1.5202858448028564
102 4120.03203 4138.466462366668 5727.234636774519 1.5340540409088135
103 4120.03203 4136.142085100001 6314.636925369859 1.5479280948638916
104 4120.03203 4132.517880233335 3812.1956477922463 1.5621469020843506
105 4120.03203 4132.844736966667 3453.876526775955 1.5766100883483887
106 4120.03203 4137.1620386 5045.2770027289025 1.5909919738769531
107 4120.03203 4140.666350566668 6424.005448024878 1.6050128936767578
108 4120.03203 4138.995937133334 6129.482455992887 1.6187970638275146
109 4120.03203 4138.790757433335 6910.095312061934 1.6329247951507568
110 4120.03203 4139.073717966668 6284.218933808387 1.646953821182251
111 4120.03203 4144.540332200001 7224.804580719437 1.6609899997711182
112 4120.03203 4137.138606100001 5066.039531542595 1.6749579906463623
113 4120.03203 4139.457359033334 6126.360832856493 1.6888399124145508
114 4120.03203 4135.896295300001 4113.351369626517 1.7024970054626465
115 4120.03203 4130.784504933335 2746.932759270037 1.7162740230560303
116 4120.03203 4132.663104500001 3822.3195612867084 1.7298898696899414
117 4120.03203 4133.588687966668 4388.632765672134 1.743544101715088
118 4120.03203 4136.212687633334 5268.413256656555 1.7576088905334473
119 4120.03203 4136.003095733335 5408.04671199452 1.7713940143585205
120 4120.03203 4139.438574766668 6201.4206540461755 1.7853190898895264
121 4120.03203 4140.956269300001 5471.487189555406 1.7992050647735596
122 4120.03203 4143.474319966668 7039.031717801768 1.813042163848877
123 4120.03203 4144.286560366668 6413.822964048665 1.826676845550537
124 4120.03203 4150.521363766668 9590.200742427165 1.8406140804290771
125 4120.03203 4138.4186542333355 5839.786533843107 1.854701042175293
126 4120.03203 4135.724509066667 4773.307470103628 1.8684158325195312
127 4104.57279 4133.6690861666675 4411.1722158461425 1.882477045059204
128 4104.57279 4134.791677633335 4080.9954912414137 1.8961148262023926
129 4104.57279 4133.7561644 4646.590395997852 1.9097809791564941
130 4104.57279 4135.736238766666 6875.257654346875 1.9236741065979004
131 4104.57279 4135.325486933333 6671.627765978528 1.9374749660491943
132 4104.57279 4131.724872133333 6777.079004104682 1.9513180255889893
133 4104.57279 4126.837006533333 4846.439455825145 1.965135097503662
134 4104.57279 4125.7877921 4280.7267177844105 1.9788620471954346
135 4104.57279 4122.680849133332 3884.088535578817 1.992583990097046
136 4104.57279 4120.6510017 3363.7969632021664 2.006193161010742
137 4104.57279 4120.3945595333325 3329.4855962538027 2.019911050796509
138 4104.57279 4119.903524433333 3839.5692087109433 2.034018039703369
139 4104.57279 4125.7853319999995 6689.970999509982 2.048283100128174
140 4104.57279 4127.624124133333 6589.044911904432 2.0624070167541504
141 4104.57279 4127.713182799999 6676.538242793789 2.076274871826172
142 4104.57279 4127.149376299999 6194.220502712659 2.0900940895080566
143 4104.57279 4121.853592099999 4622.52170847733 2.1036760807037354
144 4104.57279 4122.972101599999 5088.462916933084 2.117398977279663
145 4104.57279 4120.0066283333335 4775.1621670929835 2.1315410137176514
146 4104.57279 4119.034839499999 4439.672521043842 2.14542293548584
147 4104.57279 4115.900412699999 2862.3207644266704 2.159127950668335
148 4104.57279 4120.428848066666 5640.759772118091 2.1731131076812744
149 4104.57279 4123.350097999999 6711.7210870342 2.1869568824768066
150 4104.57279 4122.901087133333 6125.732323213527 2.2008471488952637
151 4104.57279 4122.923601566667 5577.306107439763 2.2146410942077637
152 4104.57279 4118.449802266667 4154.42832437838 2.2284300327301025
153 4104.57279 4120.754124866667 4915.654226265685 2.2420411109924316
154 4104.57279 4120.652280599999 4616.207296562674 2.2555928230285645
155 4104.57279 4119.0068452333335 4368.129143640323 2.2692878246307373
156 4104.57279 4123.606690533333 6256.512160757763 2.2830240726470947
157 4104.57279 4117.8523697 4171.928952965989 2.296839952468872
158 4104.57279 4121.778588533333 5515.003701991804 2.3106558322906494
159 4104.57279 4120.545087899999 4651.784121365735 2.3242809772491455
160 4104.57279 4126.826095099999 7204.110217242176 2.3382680416107178
161 4104.57279 4128.678410099999 7795.342714272903 2.3520309925079346
162 4104.57279 4129.5031776999995 8669.388165820334 2.365485906600952
163 4104.57279 4125.336629066666 6717.6521071762645 2.379484176635742
164 4104.57279 4124.374819466666 6027.607755727954 2.3931591510772705
165 4104.57279 4125.288386333333 6929.252245635332 2.4069621562957764
166 4104.57279 4126.170559699999 7171.867088246051 2.42081618309021
167 4104.57279 4133.1586995 9235.596116673003 2.4346230030059814
168 4104.57279 4128.310757233333 9099.874799591049 2.4483540058135986
169 4104.57279 4121.012345433333 4773.861378626926 2.4622409343719482
170 4104.57279 4120.512322866665 4259.889313421099 2.4759018421173096
171 4104.57279 4120.215108766666 4315.58500563863 2.489828109741211
172 4104.57279 4122.900025499998 4930.931690076399 2.503664016723633
173 4104.57279 4120.6976826 3940.548814150094 2.5177571773529053
174 4104.57279 4119.145029599998 4134.395239341603 2.5325660705566406
175 4104.57279 4122.9228667 5167.14280387575 2.5472612380981445
176 4104.57279 4124.0084615666665 6246.150143451569 2.5616509914398193
177 4104.57279 4127.157477266665 7234.55905309896 2.576105833053589
178 4104.57279 4123.9355491999995 5609.70138807068 2.590585947036743
179 4104.57279 4132.218951733333 8770.176680170032 2.6054580211639404
180 4104.57279 4132.462283633333 8647.317329457377 2.61981201171875
181 4104.57279 4130.242038333332 9034.26271456281 2.634263038635254
182 4104.57279 4128.844702233333 8559.769975964107 2.6479640007019043
183 4104.57279 4130.773676366666 8893.157565685964 2.661618947982788
184 4104.57279 4125.832999699999 6574.388688565184 2.6756129264831543
185 4104.57279 4121.276589633333 5436.227914480906 2.6893370151519775
186 4104.57279 4120.950094933333 6066.212494790288 2.7029240131378174
187 4104.57279 4115.873981466666 4106.006926987719 2.7166378498077393
188 4104.57279 4117.116534433332 3481.209501028121 2.7303237915039062
189 4104.57279 4118.792231799999 4516.381518841168 2.743900775909424
190 4104.57279 4125.477455433333 8123.368399271157 2.757699966430664
191 4104.57279 4129.474592333333 9091.655319788193 2.7712979316711426
192 4104.57279 4135.997639066665 12699.905279224035 2.7848968505859375
193 4104.57279 4136.504054066666 11929.366714600039 2.7994658946990967
194 4104.57279 4132.603476 9302.484933671656 2.813342809677124
195 4104.57279 4128.337936866666 8168.0686423110465 2.827054977416992
196 4104.57279 4126.948557433333 6072.761345905403 2.8413350582122803
197 4104.57279 4117.112820366666 3160.384106930231 2.8552749156951904
198 4104.57279 4119.391145166666 6160.3476002284415 2.868962049484253
199 4104.57279 4124.907360399999 8577.016300667838 2.882887840270996
200 4104.57279 4123.811478233332 6315.488390054517 2.896413803100586
201 4104.57279 4126.1702085 6288.729056543238 2.910233974456787
202 4104.57279 4122.173567333332 5735.473986719636 2.92419695854187
203 4104.57279 4117.9117029 4205.563978936508 2.937952995300293
204 4104.57279 4121.909307533333 5390.674127279757 2.951314926147461
205 4104.57279 4122.804260366665 5734.7199022612895 2.9649059772491455
206 4104.57279 4121.841899399999 5169.158377613076 2.978694200515747
207 4104.57279 4125.0371999 5961.244205192303 2.9921789169311523
208 4104.57279 4123.949897333332 6135.585355915434 3.005858898162842
209 4104.57279 4125.958672799999 6417.974357014138 3.019602060317993
210 4104.57279 4120.612632399999 4533.410046660258 3.0334908962249756
211 4104.57279 4125.017205666665 6627.04762013954 3.0484778881073
212 4104.57279 4124.4614132 6137.075013035974 3.06282114982605
213 4104.57279 4127.301258366667 7099.727883882651 3.0767099857330322
214 4104.57279 4124.043323066666 6401.007207062251 3.0907959938049316
215 4104.57279 4121.132872866666 5099.663900154217 3.1046059131622314
216 4104.57279 4114.271141233333 2678.098922572843 3.118271827697754
217 4104.57279 4117.2618171 3571.7620541058327 3.1320130825042725
218 4104.57279 4121.245369133333 5012.823917039093 3.145585060119629
219 4104.57279 4115.9503484 3202.9059970160615 3.1590840816497803
220 4104.57279 4122.802977733332 5837.544493898765 3.1726880073547363
221 4104.57279 4119.289026666666 4112.889459356484 3.186400890350342
222 4104.57279 4122.6985141666655 4771.034704219034 3.2000269889831543
223 4104.57279 4126.885832833333 6704.404717738736 3.213944911956787
224 4104.57279 4128.117991733332 10237.839224808946 3.2276148796081543
225 4104.57279 4122.847799933333 6434.597437801044 3.2411999702453613
226 4104.57279 4121.456884666666 6020.346101266027 3.254791021347046
227 4104.57279 4122.478613999999 5465.145616568079 3.2684268951416016
228 4104.57279 4121.107530866666 4672.571205107132 3.282032012939453
229 4104.57279 4121.2623404999995 4677.441911114141 3.295823097229004
230 4104.57279 4120.3522321 4515.122698123598 3.3094639778137207
231 4104.57279 4116.737038666666 3296.910792407907 3.3232381343841553
232 4104.57279 4116.543434933333 2801.286013623562 3.3369991779327393
233 4104.57279 4119.4602884666665 3968.380243391787 3.350674867630005
234 4104.57279 4122.952715933332 5197.365878122136 3.364252805709839
235 4104.57279 4123.8774101 6579.329953060481 3.3780698776245117
236 4104.57279 4122.462631533333 6057.108844499688 3.3917338848114014
237 4104.57279 4118.843931966666 4751.735432542083 3.4053831100463867
238 4104.57279 4122.722581499999 5811.000823163184 3.4190900325775146
239 4104.57279 4121.170079066666 4876.305119956371 3.4328858852386475
240 4104.57279 4120.034640766667 4194.358566852443 3.4465620517730713
241 4104.57279 4122.344749433333 7138.927041131056 3.460361957550049
242 4104.57279 4118.071000766666 6013.58784227183 3.4738900661468506
243 4104.57279 4124.963393999999 8473.531495553245 3.4876480102539062
244 4104.57279 4124.791634366666 6774.49686517633 3.5018310546875
245 4104.57279 4124.759060099999 6339.711393138454 3.5154900550842285
246 4104.57279 4123.952916766666 6056.574516294871 3.5289549827575684
247 4104.57279 4122.825134933333 5610.775191434921 3.5425899028778076
248 4104.57279 4120.4380086 4803.872504720822 3.5563361644744873
249 4104.57279 4121.540542066666 5678.922784896872 3.570164918899536
4104.57279 3.583915948867798
