MO1
250 1305.95141
1
0 9223372036854775807 8556.669463100001 884510.9095366283 0.21538901329040527
1 2165.3565000000003 7904.2132882000005 1389899.8785548646 0.5633401870727539
2 1511.3142299999993 6443.026768200001 4138263.5732024815 0.8600461483001709
3 1470.1923499999996 5351.0511144 5815803.057543581 1.1349151134490967
4 1470.1923499999996 4807.012194400001 6431576.280530382 1.4036872386932373
5 1346.47012 4665.0100028 6500455.709824314 1.666762113571167
6 1346.47012 4401.3365177 6791505.718882332 1.9284191131591797
7 1346.47012 4613.0911627 6560286.173633108 2.1901981830596924
8 1346.47012 4398.8808028 6224947.280720992 2.4538183212280273
9 1345.6738699999994 4254.9680449 6875823.13728367 2.7131693363189697
10 1345.6738699999994 4341.4987851 7029320.416729249 2.974104166030884
11 1344.1745499999988 4469.925907299999 6953075.050857913 3.234131097793579
12 1344.1745499999988 4507.8984249000005 6606538.876510548 3.500737190246582
13 1305.9514099999992 4588.9618276 7564726.355226137 3.7711241245269775
14 1305.9514099999992 4536.471738499999 7073489.590804436 4.039910316467285
15 1305.9514099999992 4720.3396164 7166303.823286072 4.309291124343872
16 1305.9514099999992 4545.4172745 7309962.5273994645 4.574382066726685
17 1305.9514099999992 4613.4296252 6995002.395753638 4.8351030349731445
18 1305.9514099999992 4541.2338873 6945934.526691003 5.104934215545654
19 1305.9514099999992 4455.5255536 6486421.755690144 5.368717193603516
20 1305.9514099999992 4300.3651105 6099529.156020344 5.635015964508057
21 1305.9514099999992 4379.8753123999995 5841633.613308379 5.900292158126831
22 1305.9514099999992 4356.361444499999 6205089.373222832 6.166738986968994
23 1305.9514099999992 5073.494529199999 6726486.919046405 6.436372995376587
24 1305.9514099999992 4657.6398385 7220320.80274708 6.705881118774414
25 1305.9514099999992 4920.4145017 6674175.65404417 6.979551076889038
26 1305.9514099999992 4662.1098614 6940620.267574532 7.26115608215332
27 1305.9514099999992 4247.0738406 7466715.275308286 7.524409294128418
28 1305.9514099999992 4518.899116400001 7588106.693090323 7.791145086288452
29 1305.9514099999992 4486.313231900001 7402176.998962989 8.06267499923706
30 1305.9514099999992 4695.7026961 7453727.395786934 8.33801817893982
31 1305.9514099999992 4687.313759799999 7095286.701858562 8.614083051681519
32 1305.9514099999992 4591.6073177 6490656.392942223 8.882090091705322
33 1305.9514099999992 4485.7245687 6981940.782418611 9.15176510810852
34 1305.9514099999992 4174.3593283 5789745.528728247 9.413456201553345
35 1305.9514099999992 4384.5200509 6226513.831588461 9.677550077438354
36 1305.9514099999992 4553.2356333 6621487.735978467 9.946237325668335
37 1305.9514099999992 3969.2523546999996 6277438.844089482 10.210442066192627
38 1305.9514099999992 4044.811547999999 6850362.130585719 10.475517988204956
39 1305.9514099999992 4175.4014031 6844003.171370709 10.740048170089722
40 1305.9514099999992 4453.343888 7098059.890944178 11.00498628616333
41 1305.9514099999992 4302.7180943 6815644.243564766 11.273242235183716
42 1305.9514099999992 3867.5919721000014 5938380.809684076 11.533933162689209
43 1305.9514099999992 3943.9855430000002 5505409.390897212 11.793138980865479
44 1305.9514099999992 4019.3063753 7459192.962374309 12.055522203445435
45 1305.9514099999992 4672.6345719 7220470.904056231 12.325092077255249
46 1305.9514099999992 4703.8166568 7821068.267848241 12.603204250335693
47 1305.9514099999992 4752.537061000001 7397943.073598582 12.871772289276123
48 1305.9514099999992 4516.2841361 6808065.813970331 13.13882327079773
49 1305.9514099999992 4849.963909900001 6295248.552657464 13.410021305084229
50 1305.9514099999992 4400.565164900001 5680107.635249869 13.674769163131714
51 1305.9514099999992 4024.9061328 5482869.807772355 13.938176155090332
52 1305.9514099999992 4283.1638781 5570433.374870869 14.204988241195679
53 1305.9514099999992 4117.567678299999 4821863.739589948 14.465708017349243
54 1305.9514099999992 4646.2230704 6368028.792620019 14.736249208450317
55 1305.9514099999992 4523.4721777 6191970.099334673 15.00241732597351
56 1305.9514099999992 4454.993829700001 6184624.780705031 15.270437240600586
57 1305.9514099999992 4327.862747499999 6275313.701904485 15.53445315361023
58 1305.9514099999992 4663.5680173 6535564.092038871 15.804846286773682
59 1305.9514099999992 4437.1416739999995 6216475.794375099 16.075053215026855
60 1305.9514099999992 4623.905317600001 6645673.134928191 16.368900299072266
61 1305.9514099999992 4491.690936100001 6940355.431392197 16.64351511001587
62 1305.9514099999992 4321.0868251 6157279.22722368 16.90866994857788
63 1305.9514099999992 4660.7099541 6110363.640804633 17.177903175354004
64 1305.9514099999992 4565.1052177 6689365.237326051 17.445250034332275
65 1305.9514099999992 4349.429647100001 6569732.352124238 17.71067214012146
66 1305.9514099999992 4462.943149400001 5775574.060407058 17.975971221923828
67 1305.9514099999992 4383.893244299999 6717535.912824006 18.2393159866333
68 1305.9514099999992 4523.361680100001 6392028.407787857 18.50688099861145
69 1305.9514099999992 4231.1516194000005 6857626.4669660935 18.774755239486694
70 1305.9514099999992 4178.774869500001 6347360.719834575 19.03435492515564
71 1305.9514099999992 3956.899556700001 6241616.615746335 19.293034076690674
72 1305.9514099999992 4229.511575400002 6446813.369992125 19.55876111984253
73 1305.9514099999992 4399.8693794 6474628.5917509375 19.826279163360596
74 1305.9514099999992 4210.3848963 6310379.8837306015 20.08350419998169
75 1305.9514099999992 4277.8896967 6704971.103037753 20.341899156570435
76 1305.9514099999992 4309.1728295 6141372.798128183 20.603541135787964
77 1305.9514099999992 4303.819958600001 7014869.984702889 20.868226051330566
78 1305.9514099999992 4346.726386100001 6427879.49571368 21.131752967834473
79 1305.9514099999992 4349.4889086 6125272.240081434 21.39619517326355
80 1305.9514099999992 4178.5509585 6279266.93227352 21.656773328781128
81 1305.9514099999992 4257.482199700001 7014359.931727038 21.92783522605896
82 1305.9514099999992 4148.967741200001 6059153.449951262 22.186893224716187
83 1305.9514099999992 4170.0146155 5995226.333643568 22.447134971618652
84 1305.9514099999992 4226.0620429 5435055.4570777295 22.708338260650635
85 1305.9514099999992 4280.686340900002 6605964.0651166495 22.968995094299316
86 1305.9514099999992 4158.0835444 6150101.206646566 23.230797052383423
87 1305.9514099999992 4122.597554499999 6855519.471605782 23.488769054412842
88 1305.9514099999992 4148.9893407 6121020.621635068 23.747963190078735
89 1305.9514099999992 4292.1393124 6494719.172674413 24.008347272872925
90 1305.9514099999992 4150.891231900001 6501433.37082464 24.271843194961548
91 1305.9514099999992 4150.782908199999 6567229.811535064 24.531439304351807
92 1305.9514099999992 4223.1094324 7465060.661792737 24.7937331199646
93 1305.9514099999992 4339.5477447 6948289.600482329 25.054877042770386
94 1305.9514099999992 4356.1838914 6713025.728663662 25.319514274597168
95 1305.9514099999992 4526.892659300001 7819629.298499123 25.582775115966797
96 1305.9514099999992 4232.774068199999 6411579.875971585 25.84715700149536
97 1305.9514099999992 4467.4353741 6180030.438931265 26.110886335372925
98 1305.9514099999992 4697.192002 5945269.725445619 26.384162187576294
99 1305.9514099999992 4660.230520000001 6725418.058032653 26.647775173187256
100 1305.9514099999992 4717.8351522 6828182.753873234 26.912403106689453
101 1305.9514099999992 4562.6867796999995 6096599.008436004 27.175045251846313
102 1305.9514099999992 4511.565176299999 5810978.834286427 27.44059109687805
103 1305.9514099999992 4541.7924778999995 6778305.869439892 27.707595109939575
104 1305.9514099999992 4451.113148800001 6169586.343877722 27.970118284225464
105 1305.9514099999992 4403.4020311 6434692.797821569 28.233822107315063
106 1305.9514099999992 4371.796481800001 6048456.178834928 28.49726915359497
107 1305.9514099999992 4555.054047900001 6398965.79087269 28.782904148101807
108 1305.9514099999992 4813.8640467000005 7849520.7442957 29.052943229675293
109 1305.9514099999992 4807.6457231 7564099.702263317 29.325756311416626
110 1305.9514099999992 4492.0235089 6108843.383782766 29.592663049697876
111 1305.9514099999992 4694.5091128 6554997.890919655 29.85994601249695
112 1305.9514099999992 4680.245913299999 7105652.156279419 30.13528299331665
113 1305.9514099999992 4700.691694000001 7273491.87278796 30.403242111206055
114 1305.9514099999992 4293.702849600001 6724342.440055078 30.665565967559814
115 1305.9514099999992 4396.243354500001 7316820.930056499 30.929197072982788
116 1305.9514099999992 4240.4117315 6803532.038191793 31.192873001098633
117 1305.9514099999992 4333.5342075 6926282.815237687 31.456499099731445
118 1305.9514099999992 4328.8633862 5954784.449088723 31.720499992370605
119 1305.9514099999992 4061.9337197000004 5735879.477315101 31.978893041610718
120 1305.9514099999992 3994.0160923999997 5669174.466043463 32.238097190856934
121 1305.9514099999992 3755.9888938999998 4253919.299668235 32.492815256118774
122 1305.9514099999992 3963.3705623999995 5202293.097368657 32.75275492668152
123 1305.9514099999992 4053.8463289999995 5546445.132513847 33.01332211494446
124 1305.9514099999992 3997.1286463 6413277.60809483 33.270995140075684
125 1305.9514099999992 3991.7962179000006 5098661.433283698 33.53046917915344
126 1305.9514099999992 4243.8017612 4748551.300063924 33.79073214530945
127 1305.9514099999992 4563.9851405 6085350.768017 34.05610918998718
128 1305.9514099999992 4631.9385733 6167304.331210001 34.32282018661499
129 1305.9514099999992 4429.2735461 5768635.891630773 34.586233139038086
130 1305.9514099999992 4207.190494099999 6763819.172337838 34.84534811973572
131 1305.9514099999992 4239.3165299 6405720.8168525435 35.10174107551575
132 1305.9514099999992 4177.064469700001 6195761.1716575585 35.36358404159546
133 1305.9514099999992 4334.5083982 6303126.484408007 35.6267032623291
134 1305.9514099999992 4353.506972500001 6505254.31510841 35.887227296829224
135 1305.9514099999992 4400.4436645000005 7074567.7037343625 36.147751331329346
136 1305.9514099999992 4360.4570485 7664222.596760633 36.41326904296875
137 1305.9514099999992 4473.5892890000005 7234153.132502416 36.677024126052856
138 1305.9514099999992 4376.4638722 7320004.767144578 36.93767809867859
139 1305.9514099999992 4378.253299 6429653.875196739 37.19870328903198
140 1305.9514099999992 4517.3353609999995 7110705.62031172 37.462867975234985
141 1305.9514099999992 4242.5838352 6725837.597105257 37.72557711601257
142 1305.9514099999992 3920.7417824 6223481.670565648 37.98583912849426
143 1305.9514099999992 4211.518745199999 6240616.086663363 38.249741077423096
144 1305.9514099999992 4145.2541805 5875439.139485991 38.51078820228577
145 1305.9514099999992 4020.2007909999998 5769851.881967401 38.76794409751892
146 1305.9514099999992 4126.722534800001 5391723.5259891655 39.03112816810608
147 1305.9514099999992 4280.244951500001 5712205.455245984 39.29449009895325
148 1305.9514099999992 4344.0132388 6436549.762550116 39.557626247406006
149 1305.9514099999992 4183.0127178 6694563.308540791 39.816373109817505
150 1305.9514099999992 4064.6944669 6874803.080434281 40.075993061065674
151 1305.9514099999992 4134.462590800001 6978678.805879074 40.333733320236206
152 1305.9514099999992 4390.3361215 6134839.48381567 40.593839168548584
153 1305.9514099999992 4227.698606800001 7281647.681506745 40.85279321670532
154 1305.9514099999992 4033.0923669 6886485.709247725 41.11092209815979
155 1305.9514099999992 4303.3072491 6129328.9980409155 41.37196230888367
156 1305.9514099999992 4325.9823958 6000837.485949811 41.63030409812927
157 1305.9514099999992 4429.7628104 5883651.2600920545 41.89478826522827
158 1305.9514099999992 4339.4917011 6803846.869428152 42.156538248062134
159 1305.9514099999992 4337.1842981 6677977.513731878 42.419788122177124
160 1305.9514099999992 4391.1259821 6554865.892083082 42.680079221725464
161 1305.9514099999992 4286.0479909 5949253.707607168 42.939425230026245
162 1305.9514099999992 4549.445598599999 6484731.011553827 43.2034912109375
163 1305.9514099999992 4449.7094839 6623031.997567644 43.46400308609009
164 1305.9514099999992 4370.4207644 6709412.228029796 43.72386312484741
165 1305.9514099999992 4297.881315799999 6635871.824465418 43.98408222198486
166 1305.9514099999992 4226.645012999999 6738559.943318099 44.247162103652954
167 1305.9514099999992 4325.162985999999 6114730.930601407 44.50748419761658
168 1305.9514099999992 4094.9804692 5952187.536825202 44.76867318153381
169 1305.9514099999992 4414.582919699999 7279438.22999777 45.03276705741882
170 1305.9514099999992 4599.4009664000005 6751191.089099271 45.30005931854248
171 1305.9514099999992 4462.845367600001 6921254.372679699 45.562363147735596
172 1305.9514099999992 4317.934392200001 6452314.409078169 45.821712255477905
173 1305.9514099999992 4348.2113256 7248228.65709341 46.08240222930908
174 1305.9514099999992 4218.473991500001 7433228.871948298 46.339683055877686
175 1305.9514099999992 4494.5935442 7690205.392598165 46.60073232650757
176 1305.9514099999992 4693.4769141 7088696.429180521 46.86595630645752
177 1305.9514099999992 4492.071261 6435154.562229139 47.129300117492676
178 1305.9514099999992 4278.0168575 6779968.143055936 47.38906216621399
179 1305.9514099999992 3850.908705 6440731.66580593 47.645143032073975
180 1305.9514099999992 4242.022511499999 7129641.896940627 47.906753063201904
181 1305.9514099999992 4161.3740403 6756762.0009733355 48.167454957962036
182 1305.9514099999992 4394.6827188 7009869.836524712 48.429261207580566
183 1305.9514099999992 4156.8818360000005 5464248.48090459 48.68947100639343
184 1305.9514099999992 4176.1571742999995 6004078.768812719 48.949138164520264
185 1305.9514099999992 4316.8298985 6532605.664649901 49.2119140625
186 1305.9514099999992 4638.41277 5570712.421353199 49.47761511802673
187 1305.9514099999992 4401.6870546 6109612.940808092 49.73797416687012
188 1305.9514099999992 4235.4416841 7064538.7389917215 49.99666404724121
189 1305.9514099999992 4528.572098000001 6968124.110290758 50.26176118850708
190 1305.9514099999992 4828.590170400001 6891604.216613103 50.52864217758179
191 1305.9514099999992 4485.669528000001 7081860.662544467 50.79093623161316
192 1305.9514099999992 4527.594913900001 7105363.786559432 51.05371332168579
193 1305.9514099999992 4477.8394579000005 6308696.544829275 51.31740593910217
194 1305.9514099999992 4659.8629552 6322592.712371794 51.58225202560425
195 1305.9514099999992 4589.7112018 6635172.166166551 51.847867250442505
196 1305.9514099999992 4406.5550717999995 7187492.612251293 52.11202836036682
197 1305.9514099999992 4225.0773093 6214412.041567876 52.37070417404175
198 1305.9514099999992 4454.3744888 6913611.668879174 52.632807970047
199 1305.9514099999992 4449.277526100001 6866480.933801952 52.898826122283936
200 1305.9514099999992 4446.246633300001 6633949.666120147 53.16382431983948
201 1305.9514099999992 4503.373898200001 6568590.637766565 53.427574157714844
202 1305.9514099999992 4598.4941244 7849518.796793019 53.692708253860474
203 1305.9514099999992 4420.903265100001 7708659.900168202 53.956969022750854
204 1305.9514099999992 4326.8285123000005 7177078.535588839 54.21924924850464
205 1305.9514099999992 4337.3985959 6054064.572671883 54.48040294647217
206 1305.9514099999992 3943.6042380000004 6134819.653452927 54.73760223388672
207 1305.9514099999992 3756.290846500001 4686650.196835149 54.99171304702759
208 1305.9514099999992 4047.3833460000005 5886383.2689423915 55.24985218048096
209 1305.9514099999992 4397.771794500001 5067133.435629258 55.51207709312439
210 1305.9514099999992 4135.7333049 5909404.941535402 55.774752140045166
211 1305.9514099999992 4450.380684400001 6191279.722545991 56.04035711288452
212 1305.9514099999992 4216.167194400001 6936820.511338738 56.30306100845337
213 1305.9514099999992 4388.614866100001 7444981.204499871 56.56879115104675
214 1305.9514099999992 3955.6824863999996 6217763.2771425545 56.831560134887695
215 1305.9514099999992 4127.5676887 6486376.488147062 57.08638620376587
216 1305.9514099999992 4323.998205500001 6352035.238577391 57.34701228141785
217 1305.9514099999992 4703.728082900001 6639195.1314774165 57.616212129592896
218 1305.9514099999992 4749.7628856 7181189.056347868 57.88933706283569
219 1305.9514099999992 4309.5694833 7602157.740550796 58.153889179229736
220 1305.9514099999992 4113.244941499999 6876804.943100079 58.418230056762695
221 1305.9514099999992 4354.7464838000005 6823805.771955886 58.68069505691528
222 1305.9514099999992 4372.1473179 6912608.758242432 58.945863246917725
223 1305.9514099999992 4363.4098454 6569994.136870696 59.207698345184326
224 1305.9514099999992 4326.3225296 7858652.654331119 59.47005796432495
225 1305.9514099999992 4469.5800056 7356608.018469401 59.73181414604187
226 1305.9514099999992 4302.9352361 6578134.500981186 59.9909291267395
227 1305.9514099999992 4489.5946979 6974924.732819765 60.25611424446106
228 1305.9514099999992 4008.1382171 6857964.454598039 60.51344108581543
229 1305.9514099999992 4129.703322099999 6480159.472928891 60.774829149246216
230 1305.9514099999992 3976.5917083999993 6708935.745918412 61.03009629249573
231 1305.9514099999992 3939.190294500001 6029015.21501557 61.284647941589355
232 1305.9514099999992 4403.3921497 6259575.549756782 61.548179149627686
233 1305.9514099999992 4246.6609228 6991041.289178098 61.80905294418335
234 1305.9514099999992 3804.0901883 5805965.072078033 62.06236815452576
235 1305.9514099999992 3797.3139593999995 5914446.287624162 62.31645321846008
236 1305.9514099999992 3942.9641788999993 6191152.327153019 62.581159353256226
237 1305.9514099999992 4186.4694513 6972577.437957349 62.860674142837524
238 1305.9514099999992 4379.4318135 7352661.350975253 63.1278121471405
239 1305.9514099999992 4218.752557899999 6768368.397190448 63.39254021644592
240 1305.9514099999992 4315.3041759 6167268.85086155 63.65330219268799
241 1305.9514099999992 4352.1271228000005 6243893.122153015 63.91769599914551
242 1305.9514099999992 3812.3631577000006 5857024.823973006 64.1756579875946
243 1305.9514099999992 3761.4652681999996 5416790.818805724 64.44042229652405
244 1305.9514099999992 4126.8224514 5895947.936751669 64.70488500595093
245 1305.9514099999992 4274.6060418 7096642.020557011 64.97732400894165
246 1305.9514099999992 4004.1976288999995 6414584.581065177 65.23898506164551
247 1305.9514099999992 4277.7056565 6813295.848774017 65.5041811466217
248 1305.9514099999992 4699.3561033 7017690.364697223 65.7737889289856
249 1305.9514099999992 4571.807189700001 7764691.377219755 66.036630153656
1305.9514099999992 66.3064980506897
2
0 9223372036854775807 8521.331714299999 671831.0128590028 0.21039366722106934
1 2948.50944 7974.9647276000005 920638.0611619994 0.5648057460784912
2 1612.071940000001 6854.637632000002 4119255.4174531423 0.8683288097381592
3 1407.1361199999994 5938.554032100002 5876984.289287773 1.149099588394165
4 1407.1361199999994 5347.4334364 7288879.024958418 1.420435905456543
5 1407.1361199999994 4941.004914200001 6552708.956290536 1.687349796295166
6 1407.1361199999994 4954.919085600001 6688477.749541717 1.9521548748016357
7 1407.1361199999994 4701.4928502 6723191.98856435 2.2172977924346924
8 1407.1361199999994 4356.549222 6012665.524765888 2.4773848056793213
9 1398.5951899999998 4213.4003791000005 5781605.500442919 2.7355849742889404
10 1394.6874199999995 4282.4979002 6396753.191228322 2.995100736618042
11 1394.6874199999995 3984.1330973000004 4553119.484670564 3.2491698265075684
12 1379.3468299999993 4394.621549400001 5925342.898901048 3.5099246501922607
13 1339.5009799999991 4596.340821400001 6526538.768927064 3.7724997997283936
14 1339.5009799999991 4493.6951903 6329262.825066614 4.037469863891602
15 1339.5009799999991 4330.2118145 6816817.465569253 4.292633771896362
16 1339.5009799999991 4228.6277601 7090031.150126237 4.553622007369995
17 1339.5009799999991 4547.695293500001 6822627.212406628 4.813233852386475
18 1330.906819999999 4124.998842700001 6881655.488882835 5.069276809692383
19 1330.906819999999 4610.486520200001 6891711.451699742 5.336087703704834
20 1305.9514099999992 4389.757478300001 7407609.161206914 5.599372625350952
21 1305.9514099999992 4449.2496805 6999426.644583846 5.8637518882751465
22 1305.9514099999992 4391.3981039 6321928.507360587 6.12752366065979
23 1305.9514099999992 4293.2543375000005 6499468.81626342 6.385485649108887
24 1305.9514099999992 4022.4365391 5518245.975323143 6.642973899841309
25 1305.9514099999992 4459.3224152 5590280.957371164 6.906271934509277
26 1305.9514099999992 4521.983860699999 6614416.057426388 7.168886661529541
27 1305.9514099999992 4272.1795548 7284792.483647812 7.428478956222534
28 1305.9514099999992 4260.8748747 6817194.956078564 7.687197923660278
29 1305.9514099999992 4195.563056999999 6714912.110256047 7.951696872711182
30 1305.9514099999992 4358.4760849 5733933.694218281 8.21476674079895
31 1305.9514099999992 4621.9176781999995 6313989.2975678155 8.479517936706543
32 1305.9514099999992 4413.0901965 7089601.339717252 8.741437911987305
33 1305.9514099999992 4237.1123939 6076746.242489349 9.010182857513428
34 1305.9514099999992 4189.921093699999 6325628.344150186 9.270153760910034
35 1305.9514099999992 4128.610967800001 5371933.874509127 9.529953002929688
36 1305.9514099999992 3975.4685752 6210759.859229314 9.78806185722351
37 1305.9514099999992 4258.9641078 6482083.343646301 10.060028791427612
38 1305.9514099999992 4168.5001 6017646.252466717 10.320137977600098
39 1305.9514099999992 4205.5475095 6267042.46277636 10.580421686172485
40 1305.9514099999992 4401.531615 6276027.143209235 10.842150688171387
41 1305.9514099999992 4201.6833400000005 7056630.994873664 11.107571840286255
42 1305.9514099999992 4236.6929519000005 7691754.814455276 11.369680881500244
43 1305.9514099999992 4149.1337656000005 7960590.6825967105 11.634013891220093
44 1305.9514099999992 4441.2650688 7883408.007227294 11.902101993560791
45 1305.9514099999992 4284.2104981 6740739.269019875 12.165968894958496
46 1305.9514099999992 4669.887814000001 5337004.795827532 12.435576677322388
47 1305.9514099999992 4530.807066599999 5150367.02427639 12.701446771621704
48 1305.9514099999992 4321.845378200001 6112421.230719676 12.967201709747314
49 1305.9514099999992 4363.8531562 5643714.76729069 13.234566688537598
50 1305.9514099999992 4444.0581737 6041547.647247461 13.499813795089722
51 1305.9514099999992 4489.8341962 5841341.427757884 13.768203735351562
52 1305.9514099999992 4693.7124789 6992033.137004221 14.036497831344604
53 1305.9514099999992 4707.6986185000005 6060748.11172297 14.303592920303345
54 1305.9514099999992 4368.128058600001 6320703.915389545 14.564684629440308
55 1305.9514099999992 4274.7103095 4806125.125956882 14.824517726898193
56 1305.9514099999992 4275.1062331 6347129.635964701 15.086080551147461
57 1305.9514099999992 4491.4864348 6191346.827082983 15.398741960525513
58 1305.9514099999992 4510.8316099 6577902.951965201 15.665519714355469
59 1305.9514099999992 4477.5122385 7019348.074074301 15.93231987953186
60 1305.9514099999992 4360.9166922 6244682.204524759 16.199488639831543
61 1305.9514099999992 4718.6852272 6235909.561683781 16.464059829711914
62 1305.9514099999992 4825.240843200001 6603577.236764916 16.738905668258667
63 1305.9514099999992 4509.6209803 6502856.881086827 17.009055852890015
64 1305.9514099999992 4515.3383268 6416761.487961694 17.272432804107666
65 1305.9514099999992 4133.019154900001 6231723.037176405 17.528570652008057
66 1305.9514099999992 4324.5287278 6635960.680002957 17.792341947555542
67 1305.9514099999992 4446.5993174 6730964.158857819 18.0564386844635
68 1305.9514099999992 4220.349545599999 7028159.244724076 18.31666874885559
69 1305.9514099999992 4424.530554 7477391.76872026 18.581095933914185
70 1305.9514099999992 4102.8164981 7236652.172238607 18.84000062942505
71 1305.9514099999992 3751.2375281999994 5950337.20213266 19.0929057598114
72 1305.9514099999992 3791.6733794999996 5667278.561645497 19.34722876548767
73 1305.9514099999992 3617.690148 5321655.006639802 19.59795570373535
74 1305.9514099999992 3896.5227766999997 6320274.814472832 19.85693883895874
75 1305.9514099999992 4336.634508400001 7221976.428194493 20.122241735458374
76 1305.9514099999992 4334.383846300001 5954864.717720533 20.385433673858643
77 1305.9514099999992 4141.689569900001 6755559.149366883 20.64428687095642
78 1305.9514099999992 4426.430729000001 6589011.719240601 20.906686782836914
79 1305.9514099999992 4090.1807948 6567071.32266071 21.163217782974243
80 1305.9514099999992 4291.2582218 7393649.644103188 21.42357087135315
81 1305.9514099999992 3983.9975142999992 6764504.070119799 21.67975878715515
82 1305.9514099999992 4012.1404780999997 6922727.4962513745 21.940160751342773
83 1305.9514099999992 4254.6758804 7211485.480978478 22.19921374320984
84 1305.9514099999992 4167.476336999999 6850935.917586245 22.460835695266724
85 1305.9514099999992 4184.212255699999 6739184.901425056 22.720350980758667
86 1305.9514099999992 4326.339669500001 7469349.31979999 22.982707738876343
87 1305.9514099999992 4205.1601865 6275641.747841029 23.241074800491333
88 1305.9514099999992 4245.253315 6884080.4709036695 23.502915620803833
89 1305.9514099999992 3530.2068811000004 5412285.29672256 23.75320863723755
90 1305.9514099999992 4097.3679016999995 6138433.778135648 24.016459703445435
91 1305.9514099999992 4135.828563800001 5985245.500218221 24.279990673065186
92 1305.9514099999992 3952.1101346000005 4805969.41454762 24.53743267059326
93 1305.9514099999992 3888.4170040000004 5001328.691853466 24.803466796875
94 1305.9514099999992 3927.7449841 5304254.728081679 25.06270694732666
95 1305.9514099999992 4170.418628 6099142.226195303 25.32928466796875
96 1305.9514099999992 4353.0376590000005 6798035.07915647 25.592963695526123
97 1305.9514099999992 4366.260782400001 5761737.922339838 25.856730699539185
98 1305.9514099999992 4213.8606632 5834205.6950364625 26.119768619537354
99 1305.9514099999992 4318.125223200001 5905632.504354887 26.380056619644165
100 1305.9514099999992 4224.1947248000015 6147089.268701026 26.643024682998657
101 1305.9514099999992 4323.183728600001 5886711.375124893 26.903170824050903
102 1305.9514099999992 3903.387535300001 6495434.301754881 27.16075587272644
103 1305.9514099999992 4299.466904500002 6212625.430161481 27.421590566635132
104 1305.9514099999992 4419.1155822 7718468.441972745 27.692736625671387
105 1305.9514099999992 4224.8327478 6609136.389625839 27.954025983810425
106 1305.9514099999992 3975.9365466 6082527.274655082 28.216054677963257
107 1305.9514099999992 3865.164725300001 5593876.581288713 28.47541880607605
108 1305.9514099999992 4153.457382900001 5794231.720203885 28.736016750335693
109 1305.9514099999992 4497.2935158 6117684.069020693 29.001768827438354
110 1305.9514099999992 4509.7343673000005 5503341.339510018 29.27174973487854
111 1305.9514099999992 4200.6616339 5922673.187399378 29.54084300994873
112 1305.9514099999992 4401.781473200001 7161102.0406578835 29.807872772216797
113 1305.9514099999992 4366.955408500001 7464632.3094778545 30.073189735412598
114 1305.9514099999992 4192.8376071 7130126.714605979 30.332767963409424
115 1305.9514099999992 3900.189531600001 5823124.447315994 30.591041564941406
116 1305.9514099999992 3850.3364666 4932018.071360154 30.84962773323059
117 1305.9514099999992 3950.034623000001 5029147.577764251 31.107077836990356
118 1305.9514099999992 4254.2183076 5528824.098704491 31.36998462677002
119 1305.9514099999992 4445.8268075000005 5512125.919438974 31.63396668434143
120 1305.9514099999992 4426.6731287 6208100.317254523 31.899850845336914
121 1305.9514099999992 4362.5863592999995 6633528.209868938 32.16214084625244
122 1305.9514099999992 4291.2533699 7224345.5443383325 32.424561738967896
123 1305.9514099999992 4074.4455443 6500710.621572777 32.685311794281006
124 1305.9514099999992 4230.274213199999 6493666.410785994 32.94572472572327
125 1305.9514099999992 4413.696994300001 7308238.60019632 33.20851469039917
126 1305.9514099999992 4605.669107500001 7397208.872700047 33.47334575653076
127 1305.9514099999992 4538.113754800001 7351439.318833422 33.73384070396423
128 1305.9514099999992 4231.3152589 7390149.848619003 33.996219873428345
129 1305.9514099999992 4310.3509055 7801218.775602923 34.263288736343384
130 1305.9514099999992 4526.6819012 7793324.518922451 34.52753782272339
131 1305.9514099999992 4180.2961835 6972697.824847076 34.78755283355713
132 1305.9514099999992 4108.4061652 6634564.3968598405 35.04863691329956
133 1305.9514099999992 3931.8117960000004 5245076.606749262 35.304356813430786
134 1305.9514099999992 4134.0180876 6317198.480616145 35.566667556762695
135 1305.9514099999992 4145.0713395 5782537.84583302 35.82949781417847
136 1305.9514099999992 4026.0065384 5562921.427867356 36.08851671218872
137 1305.9514099999992 4198.9970178 6117986.211455267 36.35085678100586
138 1305.9514099999992 4308.3931754000005 6139022.756383768 36.61665368080139
139 1305.9514099999992 4055.2426679 6263669.83466322 36.875871896743774
140 1305.9514099999992 3939.1286600000003 5616377.896925344 37.137399673461914
141 1305.9514099999992 4152.4304463 5533342.279190652 37.40110468864441
142 1305.9514099999992 4197.9647099 5527296.292321894 37.66457176208496
143 1305.9514099999992 4506.758917100001 6332974.870741032 37.930235862731934
144 1305.9514099999992 4698.602560100001 6443949.437059195 38.19615578651428
145 1305.9514099999992 4500.792723300001 6163294.84602816 38.46410274505615
146 1305.9514099999992 4278.388969300001 6710698.363048418 38.72405195236206
147 1305.9514099999992 4275.878710200001 6758803.190424766 38.98590683937073
148 1305.9514099999992 4258.402815400001 7063059.87034283 39.24820876121521
149 1305.9514099999992 4342.9256458 7577906.483791956 39.510878801345825
150 1305.9514099999992 4464.537268100001 6666872.951673686 39.775917768478394
151 1305.9514099999992 4133.895369600001 6669523.114167433 40.03985095024109
152 1305.9514099999992 4120.7144581 6252423.665502454 40.29885482788086
153 1305.9514099999992 4262.6680735 6127481.071246966 40.56034469604492
154 1305.9514099999992 4337.4571562 6197248.60026205 40.82786679267883
155 1305.9514099999992 4674.2462061 6296501.000589166 41.094650745391846
156 1305.9514099999992 4509.5042037 6898004.468893681 41.36326456069946
157 1305.9514099999992 4050.8655539 6060198.989449335 41.620967864990234
158 1305.9514099999992 3890.2171464999997 5616565.765383089 41.87864089012146
159 1305.9514099999992 3713.4656413000007 5789299.874541228 42.13357973098755
160 1305.9514099999992 4131.7965012 6878861.443702276 42.39177870750427
161 1305.9514099999992 4168.6756716 6696278.838447678 42.654048919677734
162 1305.9514099999992 4812.8463386 6937499.851534404 42.925925731658936
163 1305.9514099999992 4745.6751381 6879219.118034159 43.19250774383545
164 1305.9514099999992 4389.591079000001 6764589.650631942 43.452452659606934
165 1305.9514099999992 4414.7502663000005 6816485.036929275 43.71667981147766
166 1305.9514099999992 3931.118225 5855984.309807351 43.973373889923096
167 1305.9514099999992 4254.328257499999 5777159.633865953 44.23456263542175
168 1305.9514099999992 4308.2356064000005 5956719.445953935 44.49485373497009
169 1305.9514099999992 4263.5613751 6532208.525861039 44.7544629573822
170 1305.9514099999992 4271.665732099999 6497551.7868680535 45.01805591583252
171 1305.9514099999992 4212.2698353000005 6907469.166099305 45.276463747024536
172 1305.9514099999992 4088.780123500001 7382238.181307175 45.53346586227417
173 1305.9514099999992 4511.199760300001 6971356.935341179 45.79924178123474
174 1305.9514099999992 4515.5372151 6716199.624185034 46.062413692474365
175 1305.9514099999992 4564.2873964 7357244.9190125195 46.32713079452515
176 1305.9514099999992 4209.323484099999 6126842.942270371 46.58998084068298
177 1305.9514099999992 4356.058518999999 6112877.649613809 46.85324478149414
178 1305.9514099999992 3837.9841389999992 4900624.981281671 47.107075691223145
179 1305.9514099999992 4123.632508 6085877.155271577 47.36471676826477
180 1305.9514099999992 3782.9244763000006 4891241.495077249 47.617841720581055
181 1305.9514099999992 3704.052915800001 5446773.21725586 47.870845794677734
182 1305.9514099999992 3903.892657 4974992.188235262 48.12735676765442
183 1305.9514099999992 4464.934134200001 6152946.315334311 48.39193081855774
184 1305.9514099999992 4143.647736400001 6132952.401921631 48.65074181556702
185 1305.9514099999992 4066.159939 6417044.902592817 48.91355872154236
186 1305.9514099999992 3931.8180687 6842963.626069606 49.17050862312317
187 1305.9514099999992 4096.595493600001 6000772.547228698 49.42753481864929
188 1305.9514099999992 3909.6055127999994 5309414.345892998 49.68774771690369
189 1305.9514099999992 4089.2285612000005 5458303.054401171 49.9530029296875
190 1305.9514099999992 4282.532025500001 6129678.057884289 50.219663858413696
191 1305.9514099999992 4112.200648700001 5790127.61843895 50.4834418296814
192 1305.9514099999992 4134.236345699999 5767756.921068295 50.74456191062927
193 1305.9514099999992 4267.730531700001 5481996.872865336 51.0088529586792
194 1305.9514099999992 4365.4789915 6598712.990321559 51.27176284790039
195 1305.9514099999992 4355.517654300001 6496264.279425731 51.53621196746826
196 1305.9514099999992 4259.6236481 6579209.409963705 51.79580783843994
197 1305.9514099999992 4727.7573069 7154309.946987458 52.064371824264526
198 1305.9514099999992 4079.1287482999996 6967774.85341531 52.32194375991821
199 1305.9514099999992 4202.769207500001 6677453.976283854 52.58037781715393
200 1305.9514099999992 4256.164642500001 6906953.471831185 52.84073877334595
201 1305.9514099999992 4226.4130769 6844964.506320119 53.09899067878723
202 1305.9514099999992 3787.5341547000003 6691885.493839294 53.35294985771179
203 1305.9514099999992 4142.4955147 6929637.015286913 53.61095070838928
204 1305.9514099999992 4355.9481809 7078512.074180359 53.87442374229431
205 1305.9514099999992 4209.498518800001 6283506.089889049 54.13798189163208
206 1305.9514099999992 4242.8133290000005 6877180.359954401 54.397846698760986
207 1305.9514099999992 4027.9627676000005 6322155.764291668 54.65745782852173
208 1305.9514099999992 3886.6584715999993 6079300.874079032 54.917436838150024
209 1305.9514099999992 4001.1674766000006 6785526.030624297 55.175365686416626
210 1305.9514099999992 3949.6442756000006 6286038.7867929675 55.43161487579346
211 1305.9514099999992 4258.600525100001 6916411.613448772 55.69080877304077
212 1305.9514099999992 4289.227327400001 7365213.667377762 55.95409083366394
213 1305.9514099999992 4602.5524194 7829037.548882712 56.21773386001587
214 1305.9514099999992 4265.1657734 7424658.111106212 56.47736191749573
215 1305.9514099999992 4196.403075099999 6539525.313441754 56.73703384399414
216 1305.9514099999992 3834.2244292 6435772.722320445 56.9941828250885
217 1305.9514099999992 4277.212000899999 6510498.53914959 57.255918741226196
218 1305.9514099999992 4521.3473220999995 7251884.905384786 57.52067971229553
219 1305.9514099999992 4189.535746500001 7478770.263287966 57.780409812927246
220 1305.9514099999992 4521.271243 6125961.269202387 58.04551076889038
221 1305.9514099999992 4602.4771364 5908217.366703289 58.30889272689819
222 1305.9514099999992 4843.3864695 6355916.539647791 58.57475280761719
223 1305.9514099999992 4868.4759953 6131878.383409189 58.84440493583679
224 1305.9514099999992 4585.1116436 5917670.0814704355 59.10918378829956
225 1305.9514099999992 4497.4474394 6101949.234875122 59.37143564224243
226 1305.9514099999992 4572.3352866000005 5187004.252603612 59.63632583618164
227 1305.9514099999992 4345.377586400002 5533385.805742765 59.89814496040344
228 1305.9514099999992 4550.4838308 7090398.2925537955 60.16452670097351
229 1305.9514099999992 4141.3300096 6591624.02069314 60.42368483543396
230 1305.9514099999992 4314.842090100001 5813271.40889665 60.6875786781311
231 1305.9514099999992 4233.9995795 6566612.292772969 60.94688177108765
232 1305.9514099999992 4047.4587411 5552459.440930059 61.20331692695618
233 1305.9514099999992 4107.003133 4936781.841655896 61.46485471725464
234 1305.9514099999992 4537.979320000001 4986996.642168411 61.72994375228882
235 1305.9514099999992 4651.8557993 5715179.005938169 61.99865770339966
236 1305.9514099999992 4363.1729516 6957643.053408116 62.261335611343384
237 1305.9514099999992 4493.772434500001 5919704.638548906 62.52568578720093
238 1305.9514099999992 4059.1460525999996 6456902.24219876 62.786688566207886
239 1305.9514099999992 4122.0409983 6996204.836529284 63.048489809036255
240 1305.9514099999992 4154.6698246 7419293.613321997 63.308634757995605
241 1305.9514099999992 4280.0089289 6816925.145918429 63.57225179672241
242 1305.9514099999992 4435.535831900001 6740738.815679679 63.83792781829834
243 1305.9514099999992 4542.9534494 6912087.305124361 64.10351777076721
244 1305.9514099999992 4213.5887589 6842363.796958654 64.36324191093445
245 1305.9514099999992 4517.429905499999 6636287.707073038 64.62434482574463
246 1305.9514099999992 4541.8281912 6460914.4572914895 64.88761186599731
247 1305.9514099999992 4642.794596199999 6208898.823645412 65.15259981155396
248 1305.9514099999992 4815.0842598 6791757.152259703 65.41858577728271
249 1305.9514099999992 4610.7745556 6503351.100457217 65.68410587310791
1305.9514099999992 65.94250774383545
3
0 9223372036854775807 8578.412999499998 650623.3057039322 0.2090921401977539
1 2734.9722000000015 8092.032971500001 923821.5419930032 0.5583350658416748
2 1823.3856700000003 7122.171749000001 3986202.3284002966 0.8620421886444092
3 1625.5313899999999 6307.876628599999 6163889.85178463 1.1440470218658447
4 1527.426699999999 5515.484829800001 6855779.294505651 1.4115440845489502
5 1367.3531599999992 4900.330822399999 7203518.911708475 1.6763429641723633
6 1352.39688 4841.247801400001 7028183.647304126 1.9435429573059082
7 1338.7428999999997 4816.1314259 7307046.7977549685 2.209897041320801
8 1338.7428999999997 4479.9458957 6748475.745011282 2.4743449687957764
9 1338.7428999999997 4414.631299000001 7003246.964641276 2.738499164581299
10 1338.7428999999997 4527.3937536 6455372.783040467 2.9983890056610107
11 1338.7428999999997 4207.8782925000005 5986327.313343609 3.258242130279541
12 1338.7428999999997 4194.5324577 6694838.874280355 3.5170421600341797
13 1338.7428999999997 4310.178558500001 7244448.654570896 3.774890899658203
14 1338.7428999999997 4527.5807615 6566028.001994344 4.044806003570557
15 1338.7428999999997 4495.0331942 6037658.913033721 4.308974981307983
16 1338.7428999999997 4706.3541407 7063250.892806774 4.573458194732666
17 1338.7428999999997 4483.316497 7194186.903427652 4.836542844772339
18 1338.7428999999997 4373.749689600001 6864883.385701473 5.1001410484313965
19 1338.7428999999997 4544.5139297000005 7143309.841471367 5.366404056549072
20 1338.7428999999997 4639.5702731 5798412.4116741065 5.629590034484863
21 1334.2456299999992 4549.996188700001 6097240.602784356 5.8924970626831055
22 1334.2456299999992 4297.969162900001 6765036.063998841 6.1541969776153564
23 1305.9514099999992 4230.242975500001 6826024.74453954 6.412867069244385
24 1305.9514099999992 4417.696916100001 6671032.257973408 6.677401065826416
25 1305.9514099999992 4492.772762 7006489.676073134 6.939599990844727
26 1305.9514099999992 4109.5913673 7142126.176425666 7.196475028991699
27 1305.9514099999992 4222.031819600001 6793267.4828935405 7.45580792427063
28 1305.9514099999992 4510.5755248000005 6106225.696253973 7.7200140953063965
29 1305.9514099999992 4503.6254859 6606512.01881819 7.985576868057251
30 1305.9514099999992 4263.739200400001 6195077.549484082 8.246547937393188
31 1305.9514099999992 4288.5722885000005 6411808.541927473 8.506248235702515
32 1305.9514099999992 4472.2908643 6598995.27869815 8.766435146331787
33 1305.9514099999992 4288.0434362 7083355.281846294 9.027752876281738
34 1305.9514099999992 4383.7334986000005 6367926.852477343 9.292386054992676
35 1305.9514099999992 4505.5147443 6639280.109051048 9.559494018554688
36 1305.9514099999992 4589.9445697 6621884.203766521 9.825855016708374
37 1305.9514099999992 4251.4846069000005 6886471.01831606 10.08638620376587
38 1305.9514099999992 3967.0204979 5939889.842038291 10.345217943191528
39 1305.9514099999992 4481.7629484 5505097.510252842 10.609736204147339
40 1305.9514099999992 4390.7418322 6544043.1108309785 10.873235940933228
41 1305.9514099999992 4396.827345500001 6167013.050894896 11.13450312614441
42 1305.9514099999992 4472.1985007 6480476.828961688 11.397457122802734
43 1305.9514099999992 4117.981121100001 7499691.755328029 11.653246879577637
44 1305.9514099999992 3895.2649760000004 6604475.547389283 11.90936803817749
45 1305.9514099999992 4066.0777889 6162820.879554659 12.166069030761719
46 1305.9514099999992 3836.8081802999995 5152813.701581252 12.418356895446777
47 1305.9514099999992 4032.2109452000004 6097670.507266521 12.675853967666626
48 1305.9514099999992 4154.3108114 6508329.0028622355 12.934959173202515
49 1305.9514099999992 4615.0687978 7087246.596640854 13.198715209960938
50 1305.9514099999992 4671.3501232 7160431.504066909 13.462861061096191
51 1305.9514099999992 4481.990770600001 6837441.375213291 13.726301908493042
52 1305.9514099999992 4363.0264996000005 6341004.40269024 13.989068984985352
53 1305.9514099999992 4158.7683996999995 6169479.523796585 14.248175144195557
54 1305.9514099999992 3993.5876575999996 5861164.980035156 14.505652904510498
55 1305.9514099999992 4074.0840582 6554602.419145774 14.764478921890259
56 1305.9514099999992 4324.5117476000005 6162613.246458947 15.027754068374634
57 1305.9514099999992 4178.4731555 5972133.902185335 15.28713607788086
58 1305.9514099999992 4087.996479000001 6067064.458644731 15.542937994003296
59 1305.9514099999992 3910.187763100001 5108661.5255424855 15.799013137817383
60 1305.9514099999992 4369.369421900001 5870981.611299817 16.062384128570557
61 1305.9514099999992 4043.7769866000012 5619603.945517144 16.31997585296631
62 1305.9514099999992 4120.6440889 6659790.853929777 16.57859516143799
63 1305.9514099999992 4216.796868 5760895.067162356 16.83856201171875
64 1305.9514099999992 4325.536213699999 6457400.612870652 17.099485874176025
65 1305.9514099999992 4614.347018900001 6388264.3155579595 17.362568855285645
66 1305.9514099999992 4028.7155957 6193242.004929303 17.619581937789917
67 1305.9514099999992 4817.391900500002 5604646.148788915 17.88822913169861
68 1305.9514099999992 4494.408378800002 6271501.428288055 18.15128207206726
69 1305.9514099999992 4247.4072456 6495358.519232669 18.411078214645386
70 1305.9514099999992 4358.511200800001 6710665.40791595 18.674310207366943
71 1305.9514099999992 4275.3922438 5407876.944599902 18.936156034469604
72 1305.9514099999992 3904.4558036999997 5746980.276128791 19.194519996643066
73 1305.9514099999992 4199.378184500001 5809596.263988536 19.450777053833008
74 1305.9514099999992 4403.835930600001 6874876.281519346 19.711544036865234
75 1305.9514099999992 4404.7032009 5925397.830076351 19.97415590286255
76 1305.9514099999992 4045.7410139000003 6153386.280068478 20.231565952301025
77 1305.9514099999992 4133.951142400001 6058953.249799588 20.488627910614014
78 1305.9514099999992 3912.184954900001 6219280.56642296 20.742813110351562
79 1305.9514099999992 3529.620439800001 5578291.865909107 20.99472403526306
80 1305.9514099999992 3895.8790363000007 6000625.932728209 21.251742839813232
81 1305.9514099999992 4369.969170400001 6750641.058920635 21.512085914611816
82 1305.9514099999992 4145.6131491999995 5968971.119739094 21.771042108535767
83 1305.9514099999992 4392.8259894 7085252.927587787 22.036739110946655
84 1305.9514099999992 4182.524658100001 6253541.530790608 22.29452896118164
85 1305.9514099999992 4345.092112200001 6539915.658770852 22.55448293685913
86 1305.9514099999992 4481.283965899999 6684473.838309485 22.815937042236328
87 1305.9514099999992 4520.6758385 6871932.83080648 23.07912015914917
88 1305.9514099999992 4683.497454200001 6439023.054827001 23.34963083267212
89 1305.9514099999992 4482.1056297000005 6439127.291357957 23.61016297340393
90 1305.9514099999992 4280.9972546 6820324.039527391 23.869236946105957
91 1305.9514099999992 3893.970937000001 5625524.591383567 24.126247882843018
92 1305.9514099999992 3835.2632245000004 5167741.567443062 24.38188910484314
93 1305.9514099999992 4137.5670448 6443099.446468145 24.638519048690796
94 1305.9514099999992 4060.4668835 6318173.683338594 24.89435911178589
95 1305.9514099999992 4069.0479878 6858159.341218076 25.15125799179077
96 1305.9514099999992 4291.925668300001 6602524.056757356 25.408843994140625
97 1305.9514099999992 4552.4378717 6319705.034066987 25.670183181762695
98 1305.9514099999992 4269.487419399999 6114985.812942034 25.932186126708984
99 1305.9514099999992 4412.0369924 6881341.210589304 26.19443702697754
100 1305.9514099999992 4095.7420983 6415384.531751228 26.455235958099365
101 1305.9514099999992 4242.679843399999 6124302.296833761 26.713309049606323
102 1305.9514099999992 4520.3324429 6513845.7628511945 26.97735905647278
103 1305.9514099999992 4423.3452496 5487094.5979487635 27.23924708366394
104 1305.9514099999992 4500.2504161 6310802.5926445 27.503549098968506
105 1305.9514099999992 4158.818168000001 6472444.194244592 27.763468027114868
106 1305.9514099999992 4392.1897401999995 6622265.175907351 28.03165888786316
107 1305.9514099999992 4397.3258955 6544945.61761037 28.29629111289978
108 1305.9514099999992 4430.6843057999995 7391318.945128463 28.56403613090515
109 1305.9514099999992 4338.9569977 6774672.932441219 28.825793027877808
110 1305.9514099999992 4085.4218344 5807328.322096798 29.084733963012695
111 1305.9514099999992 3864.2711209 5918571.399514075 29.339161157608032
112 1305.9514099999992 4157.7077094 5612294.405879689 29.59528398513794
113 1305.9514099999992 4018.3704306999994 5433695.295224065 29.85271692276001
114 1305.9514099999992 4113.573817900001 5621979.951125887 30.10933494567871
115 1305.9514099999992 4158.7787434 5603787.261421102 30.366098165512085
116 1305.9514099999992 4292.7996459000005 6044988.332245052 30.623403072357178
117 1305.9514099999992 4518.3479048 5745931.897569543 30.886430025100708
118 1305.9514099999992 4950.913933700001 6757684.561709168 31.15566611289978
119 1305.9514099999992 4720.5320950000005 7832979.195259751 31.421463012695312
120 1305.9514099999992 4490.066893300001 6657608.546755507 31.682442903518677
121 1305.9514099999992 4257.7885907 6165364.356381945 31.946665048599243
122 1305.9514099999992 4390.916198500001 5508477.897598153 32.20846104621887
123 1305.9514099999992 4382.1328444 5603469.108964405 32.4696729183197
124 1305.9514099999992 4496.1311077 7161233.845871054 32.73242998123169
125 1305.9514099999992 4151.220627700001 6628802.458674233 32.991131067276
126 1305.9514099999992 4450.525427300001 6677324.9941786025 33.25243592262268
127 1305.9514099999992 4166.857863200001 5982565.683333549 33.509182929992676
128 1305.9514099999992 4139.7885724 6473671.328848689 33.764878034591675
129 1305.9514099999992 3971.5933752000005 6851611.643317205 34.02500295639038
130 1305.9514099999992 3660.6464883999997 5732286.317125849 34.276840925216675
131 1305.9514099999992 3884.6550645999996 6473164.539638165 34.5316641330719
132 1305.9514099999992 3849.3823508 5143297.255247655 34.790000200271606
133 1305.9514099999992 3666.8687735000003 5024067.564339161 35.04382300376892
134 1305.9514099999992 3993.7668892999995 5755072.88837775 35.30082607269287
135 1305.9514099999992 4080.9402647000006 6189931.574657684 35.55703592300415
136 1305.9514099999992 3939.7197625 5635583.294839656 35.81309413909912
137 1305.9514099999992 3888.9939157000003 5190049.887905997 36.067378997802734
138 1305.9514099999992 3802.0119977 6515866.61037251 36.319437980651855
139 1305.9514099999992 4389.2469292999995 7220839.908866355 36.57971501350403
140 1305.9514099999992 4426.5502314 8422142.663735501 36.84264302253723
141 1305.9514099999992 4341.0873431 7688089.659326887 37.10401701927185
142 1305.9514099999992 4337.6543008 7617773.156027526 37.3639280796051
143 1305.9514099999992 4512.1075484 7014299.952403104 37.62716794013977
144 1305.9514099999992 4392.955467800001 6125798.730145748 37.88993191719055
145 1305.9514099999992 4268.75863 5560767.5711573865 38.15376400947571
146 1305.9514099999992 4188.892757 5593404.992334217 38.414231061935425
147 1305.9514099999992 4355.607111400001 6392800.097481674 38.67419409751892
148 1305.9514099999992 4487.2979513 5813123.6309633255 38.93700814247131
149 1305.9514099999992 4683.6604282 7206507.139644041 39.20281791687012
150 1305.9514099999992 4595.0776652 6651845.011447784 39.46992206573486
151 1305.9514099999992 4305.867533600001 6373667.881134038 39.732378005981445
152 1305.9514099999992 4433.6917039 6605299.359974588 39.998672008514404
153 1305.9514099999992 4438.912298200001 6694508.708579432 40.26176881790161
154 1305.9514099999992 4238.4200077000005 6418242.285217576 40.52768397331238
155 1305.9514099999992 4157.9028226 5735486.874150033 40.792099952697754
156 1305.9514099999992 3433.4131019999995 4768134.0666959295 41.042819023132324
157 1305.9514099999992 3780.3698257999995 5386508.467754133 41.297476053237915
158 1305.9514099999992 3756.3908810000007 5369401.5897478005 41.550820112228394
159 1305.9514099999992 4168.8343795 6446234.14516228 41.81456208229065
160 1305.9514099999992 4152.1496204000005 6315442.260909045 42.0748450756073
161 1305.9514099999992 4769.4249896 7197130.424862515 42.343488931655884
162 1305.9514099999992 4704.2363028 6898883.0351680545 42.60918116569519
163 1305.9514099999992 4234.5067466 5908327.111426012 42.8742241859436
164 1305.9514099999992 4309.6382906 5249946.333242773 43.1400260925293
165 1305.9514099999992 4224.1921322 5952750.311901865 43.39956188201904
166 1305.9514099999992 4437.4267017 6391766.723774953 43.66586494445801
167 1305.9514099999992 4100.7435932 7208724.998681165 43.92677402496338
168 1305.9514099999992 4237.034232799999 6587576.681703865 44.18642807006836
169 1305.9514099999992 4256.7740311 6710484.91707006 44.44872808456421
170 1305.9514099999992 4116.8578205 6504553.132878673 44.7054500579834
171 1305.9514099999992 4550.9672347 6807210.092760552 44.969542026519775
172 1305.9514099999992 4711.506464000001 6664228.908283511 45.23607110977173
173 1305.9514099999992 4606.608782800001 6903684.492044781 45.502172231674194
174 1305.9514099999992 4772.760975499999 7366576.905890321 45.77069807052612
175 1305.9514099999992 4498.351072 7181744.455630256 46.03790211677551
176 1305.9514099999992 4404.2212932 6423234.221797918 46.299880027770996
177 1305.9514099999992 4394.8430394 6684450.664371487 46.562050104141235
178 1305.9514099999992 4268.363023900001 6413109.614148272 46.82392501831055
179 1305.9514099999992 4274.8128348 6945923.615432732 47.084477186203
180 1305.9514099999992 4187.4666042 6370492.456226449 47.34326386451721
181 1305.9514099999992 4601.125241300001 5526901.470142199 47.60864996910095
182 1305.9514099999992 4425.3613913 6013084.377746073 47.87155199050903
183 1305.9514099999992 4408.119756699999 7317150.975936692 48.13489818572998
184 1305.9514099999992 4520.786705499999 7240664.340591016 48.39617991447449
185 1305.9514099999992 4549.2980931 6288021.810647066 48.65958499908447
186 1305.9514099999992 4250.7049439 6181467.87686205 48.921303033828735
187 1305.9514099999992 4037.427581 6394715.728522531 49.17872095108032
188 1305.9514099999992 4145.614565700001 6122444.48663244 49.43811821937561
189 1305.9514099999992 4398.310439600001 6403542.91381051 49.69702696800232
190 1305.9514099999992 3933.9090170000004 6618452.295336358 49.95509099960327
191 1305.9514099999992 3898.3135124 6286189.412145087 50.20918917655945
192 1305.9514099999992 3972.8829579999997 6696130.917135073 50.46656513214111
193 1305.9514099999992 4187.1210024 6259557.728635163 50.722569942474365
194 1305.9514099999992 4225.2220308 6532965.567331206 50.98726296424866
195 1305.9514099999992 4410.3646418 6612800.741450838 51.25266194343567
196 1305.9514099999992 4518.122356999999 6698081.810162221 51.517395973205566
197 1305.9514099999992 4429.7558462 7231009.416374522 51.7838671207428
198 1305.9514099999992 4178.019013599999 6319674.576819735 52.051812171936035
199 1305.9514099999992 3703.2076913999995 4484347.989659878 52.31165790557861
200 1305.9514099999992 3856.3409300999997 4913767.536837949 52.56672406196594
201 1305.9514099999992 4156.128213800001 6221912.948990596 52.82772207260132
202 1305.9514099999992 4101.9438072 6501239.258292005 53.08499813079834
203 1305.9514099999992 4407.4898507 6645639.758718892 53.34976005554199
204 1305.9514099999992 4202.207262500001 6810158.562739327 53.60909700393677
205 1305.9514099999992 4492.0527778 6978950.990704257 53.87771415710449
206 1305.9514099999992 4374.860686 6622985.377417705 54.14108419418335
207 1305.9514099999992 4187.2189972999995 6581162.585708656 54.40050983428955
208 1305.9514099999992 4317.8483103 6598440.921721756 54.66011309623718
209 1305.9514099999992 4178.5666335000005 6260005.303429939 54.918102979660034
210 1305.9514099999992 4407.336996999999 7048973.2756531425 55.19483804702759
211 1305.9514099999992 4504.2087468 6149399.006442993 55.46455001831055
212 1305.9514099999992 4593.2572205 6427849.798560996 55.742396116256714
213 1305.9514099999992 4528.6218458 6799221.16337209 56.00987219810486
214 1305.9514099999992 4432.1740928 7313589.104942867 56.27551603317261
215 1305.9514099999992 4103.029120399999 6795216.830145703 56.55742001533508
216 1305.9514099999992 3780.5187162999996 6310142.23484223 56.81970000267029
217 1305.9514099999992 3977.2550017999997 6566498.428927553 57.079883098602295
218 1305.9514099999992 4010.243253700001 5676978.513019374 57.34218692779541
219 1305.9514099999992 4094.4005775000005 6008788.337508995 57.604779958724976
220 1305.9514099999992 4342.892429699999 6646928.756690627 57.86937594413757
221 1305.9514099999992 4314.8471347 7382969.652665149 58.13501524925232
222 1305.9514099999992 4793.7037662 6736469.420352587 58.40047788619995
223 1305.9514099999992 4677.5208491 6449328.823643404 58.66700100898743
224 1305.9514099999992 4671.6323562 6288679.473388922 58.932157039642334
225 1305.9514099999992 4385.2803595 6246769.939731686 59.19598889350891
226 1305.9514099999992 4297.1795685 5876161.695565876 59.45831298828125
227 1305.9514099999992 4432.6387325 6695143.082832935 59.720871925354004
228 1305.9514099999992 4716.642607299999 6857789.542072114 59.98997187614441
229 1305.9514099999992 4652.2937512 7654091.286600159 60.258135080337524
230 1305.9514099999992 4405.4466565 6941976.505998853 60.51945209503174
231 1305.9514099999992 4680.0564068 7462159.1561667165 60.78610920906067
232 1305.9514099999992 4825.002380399999 6204049.585259039 61.05832290649414
233 1305.9514099999992 4479.6082910000005 6803838.64820597 61.32288718223572
234 1305.9514099999992 4322.606996400001 7033452.904503483 61.58631205558777
235 1305.9514099999992 4379.357897200001 6350803.794506976 61.85096287727356
236 1305.9514099999992 4411.342991 6441581.562752637 62.11579489707947
237 1305.9514099999992 3908.9259839999995 5610905.479113552 62.36944794654846
238 1305.9514099999992 4153.3394967 6479115.737769315 62.62786102294922
239 1305.9514099999992 4261.8327901 6507194.022784219 62.890434980392456
240 1305.9514099999992 4155.9380835 6374103.460635803 63.1518120765686
241 1305.9514099999992 4215.4668423 6530347.726840742 63.40969395637512
242 1305.9514099999992 4357.400557400001 6581169.618243553 63.67567992210388
243 1305.9514099999992 4740.814522400001 7017568.034528205 63.945810079574585
244 1305.9514099999992 4611.849318100001 6776415.892970961 64.21199798583984
245 1305.9514099999992 4506.382943100001 6936175.171300205 64.47764611244202
246 1305.9514099999992 4376.540334300001 7125044.081997259 64.74226808547974
247 1305.9514099999992 4090.4065629999996 7125610.954126434 65.00412702560425
248 1305.9514099999992 4232.1158101 7294154.956535481 65.26597809791565
249 1305.9514099999992 4252.2771902 6470642.575129818 65.53067994117737
1305.9514099999992 65.80588006973267
