MO2
250 1432.36
1
0 9223372036854775807 9290.9293565 760865.979117379 0.21477580070495605
1 2540.863889999999 8582.4524505 1216786.211843982 0.5631177425384521
2 1660.758590000001 6896.5608056 5243469.250662348 0.8585188388824463
3 1659.1714200000013 6171.658539199999 8032554.641123176 1.1395847797393799
4 1569.7530700000013 5668.064523199999 7838185.036887603 1.4150049686431885
5 1525.1824600000014 5098.9362172 9290916.1822573 1.6796448230743408
6 1525.1824600000014 4997.5476936000005 8728811.641857313 1.952420949935913
7 1525.1824600000014 4744.764663600001 7904747.8045187555 2.2175309658050537
8 1475.8037300000015 4961.870175200001 8012646.395715121 2.4825186729431152
9 1475.8037300000015 4815.3434772 6937764.312228551 2.7477188110351562
10 1475.8037300000015 5161.2910429 7924149.074579804 3.0166049003601074
11 1475.8037300000015 5119.010277400001 7221637.63422451 3.2829599380493164
12 1475.8037300000015 4718.7102505 7988028.114295235 3.5441489219665527
13 1475.8037300000015 4788.509819 8331485.430840281 3.8081417083740234
14 1475.8037300000015 4384.2927255 6942728.056160228 4.068245887756348
15 1460.2914900000019 4233.8210165 6398269.137256644 4.324828863143921
16 1460.2914900000019 4444.881602600001 7303036.863196233 4.58539080619812
17 1460.2914900000019 4600.5931621 7867264.549928736 4.848212003707886
18 1460.2914900000019 4365.7554427000005 7323807.876243498 5.1071367263793945
19 1460.2914900000019 4493.3344674 8323810.270693229 5.370426893234253
20 1460.2914900000019 4984.454609400001 8269942.153045274 5.63779878616333
21 1460.2914900000019 4556.7095607 6712996.455855739 5.897640943527222
22 1460.2914900000019 4689.0721262 7203844.147051241 6.164592981338501
23 1460.2914900000019 4938.5639624000005 8638215.882681703 6.429951906204224
24 1460.2914900000019 5012.8170494999995 9336367.50238765 6.698530912399292
25 1460.2914900000019 4756.430829700001 7731566.808512795 6.96504282951355
26 1460.2914900000019 4331.6175071 7668181.23191682 7.226953983306885
27 1460.2914900000019 4344.0429023 7458673.186685761 7.488648891448975
28 1460.2914900000019 3820.7091643000003 6452703.619399199 7.746045827865601
29 1460.2914900000019 4505.889576500001 7420064.46535319 8.011101007461548
30 1460.2914900000019 4242.451256599999 6706620.999746965 8.271117925643921
31 1460.2914900000019 4389.2756794 7380012.240053848 8.5332670211792
32 1460.2914900000019 4609.8790683 7855968.401436938 8.798539876937866
33 1460.2914900000019 4451.5239886 8232563.373685765 9.05894684791565
34 1460.2914900000019 4321.7943531 7507997.553581475 9.322608947753906
35 1460.2914900000019 4775.630724 7653043.243902594 9.58681869506836
36 1460.2914900000019 4568.496374699999 7315008.983927403 9.852513790130615
37 1460.2914900000019 5012.7205537 7039157.355995793 10.124473810195923
38 1460.2914900000019 4862.7388055 7467442.72198472 10.395115852355957
39 1460.2914900000019 4740.202037399999 7393471.844275641 10.662710666656494
40 1460.2914900000019 4835.9756339000005 6601387.241920836 10.933043003082275
41 1460.2914900000019 4992.480872000001 6924958.417357204 11.203613996505737
42 1460.2914900000019 4938.9131505 7879900.152244705 11.475892066955566
43 1460.2914900000019 5086.662412599999 7912690.895808621 11.74451994895935
44 1460.2914900000019 5227.5693636 8701760.658500712 12.021023035049438
45 1460.2914900000019 4923.9375390000005 8126400.650719207 12.291275024414062
46 1460.2914900000019 5126.472565600001 8342988.069228386 12.563553810119629
47 1460.2914900000019 4753.8603237 8288796.602934108 12.831363916397095
48 1460.2914900000019 4366.0130616 7383411.999961164 13.088364839553833
49 1460.2914900000019 4253.7212275 6679001.303337432 13.344183683395386
50 1460.2914900000019 4206.613647099999 6156830.4912463 13.598562717437744
51 1460.2914900000019 4089.5805147000005 6722632.536911812 13.856441736221313
52 1460.2914900000019 4232.3175842 6528571.93789544 14.112754821777344
53 1460.2914900000019 4431.5640147 7542867.738810872 14.373172998428345
54 1460.2914900000019 4609.7459876 7051418.802650306 14.636591911315918
55 1460.2914900000019 4438.2560522 7861410.264536718 14.890630960464478
56 1460.2914900000019 4692.0644994 6760341.612939396 15.152169942855835
57 1460.2914900000019 4834.5558538000005 7145561.900112064 15.4176766872406
58 1460.2914900000019 5044.8566455 7185850.343760406 15.688057899475098
59 1460.2914900000019 4994.7929387 6949477.071882529 15.953167915344238
60 1460.2914900000019 4736.046737599999 7428444.562302448 16.217194080352783
61 1460.2914900000019 4689.321765999999 8333150.726794719 16.477803707122803
62 1460.2914900000019 4787.2569807 8636996.490804458 16.737010955810547
63 1460.2914900000019 4982.7145799 8037999.677789646 17.000861883163452
64 1456.605550000001 5058.7139836 7036324.745527091 17.270198822021484
65 1456.605550000001 4696.5361914 6467099.793441661 17.533660888671875
66 1456.605550000001 4812.497544499999 7433934.129978277 17.79680895805359
67 1456.605550000001 4668.7860726 7904360.927495872 18.063716888427734
68 1456.605550000001 4743.3415604 7278737.236754924 18.328550815582275
69 1456.605550000001 4669.343589200001 6648464.708468047 18.59419584274292
70 1452.8480500000005 4593.3418496 7931335.483075803 18.856788873672485
71 1452.8480500000005 4351.576087400001 6823433.5389048755 19.119043827056885
72 1452.8480500000005 4865.0746693 6949700.127318935 19.385952711105347
73 1452.8480500000005 4610.5735676 5986323.291911648 19.646086931228638
74 1452.8480500000005 4774.127771300001 7413900.6132498095 19.91072678565979
75 1452.8480500000005 4596.080371000001 7501832.2576727 20.175593852996826
76 1452.8480500000005 4524.731613100001 6873289.993082817 20.43710494041443
77 1452.8480500000005 4252.5541757 7058848.995158352 20.69483780860901
78 1432.35732 4520.879008000001 7869594.933839039 20.954797744750977
79 1432.35732 4512.3310743 7888197.887369847 21.21299386024475
80 1432.35732 4761.3234759 7752181.075558717 21.47525978088379
81 1432.35732 4740.8944411 8039931.611210241 21.743732929229736
82 1432.35732 4384.037179000001 7014072.405108392 22.00668978691101
83 1432.35732 4532.3126619 7215863.479936671 22.26763606071472
84 1432.35732 4529.9075036 7136306.315220355 22.528636932373047
85 1432.35732 4804.8558287000005 8073857.721812258 22.79532289505005
86 1432.35732 5147.6370978 8373654.985893923 23.064908742904663
87 1432.35732 4845.3292335000015 8166716.758705627 23.332162857055664
88 1432.35732 5237.4772736 7775078.403691611 23.604491710662842
89 1432.35732 5043.983706700001 6967854.97900038 23.875088930130005
90 1432.35732 4798.3525597 7972628.973185027 24.13758683204651
91 1432.35732 5053.911893199999 7457940.746727735 24.406592845916748
92 1432.35732 5143.9898995 8846240.146292645 24.67504382133484
93 1432.35732 5044.8330308 7599829.91033119 24.94310998916626
94 1432.35732 4980.0593735 7359790.581447853 25.212312936782837
95 1432.35732 4892.771803299999 8097758.263470732 25.47600269317627
96 1432.35732 4557.6685236 7511042.883682576 25.741004705429077
97 1432.35732 4567.7333969 8658463.275258062 26.005223989486694
98 1432.35732 4670.6971568 7725169.510917033 26.26796293258667
99 1432.35732 4753.5437508 6573090.76338141 26.534764766693115
100 1432.35732 4693.7641779000005 7588397.148186536 26.807716846466064
101 1432.35732 4851.2226304000005 8522244.662852474 27.098374843597412
102 1432.35732 4782.404507800001 9228861.361453122 27.370655059814453
103 1432.35732 4799.2304002 8407770.46319491 27.641480922698975
104 1432.35732 4701.0761123 8426850.811360866 27.907440900802612
105 1432.35732 4447.8921572 7421792.7910348475 28.172114849090576
106 1432.35732 4387.1987303 7308258.548005015 28.43250274658203
107 1432.35732 4383.3334411000005 6829862.65265621 28.694455862045288
108 1432.35732 4233.1438473 6928949.221541 28.95666790008545
109 1432.35732 4742.9879949 7797663.105291093 29.222776889801025
110 1432.35732 4331.730096300001 6768454.969496045 29.484242916107178
111 1432.35732 4350.3783552 7596213.052093562 29.752163887023926
112 1432.35732 4263.3086754999995 6706316.24432347 30.013688802719116
113 1432.35732 4429.3062379 8050004.394790713 30.28062081336975
114 1432.35732 4921.9581180000005 8982654.165511223 30.54927372932434
115 1432.35732 4894.8702683 8179177.6836898355 30.814753770828247
116 1432.35732 4414.2815165 7150746.560391792 31.07788395881653
117 1432.35732 4894.180057 7951831.542524888 31.346498727798462
118 1432.35732 4929.863592999999 8461143.316197984 31.61719298362732
119 1432.35732 4928.4354419 9019732.853296503 31.881773710250854
120 1432.35732 5360.143773600001 9327352.43722903 32.15441679954529
121 1432.35732 4928.3203607000005 9036158.275660321 32.41991400718689
122 1432.35732 4478.3922531 8377498.914718253 32.67774176597595
123 1432.35732 4674.7748519 8312235.108556355 32.9436469078064
124 1432.35732 4774.278289299999 8042014.0708308695 33.211474895477295
125 1432.35732 5037.634053899999 7404662.590822236 33.47726273536682
126 1432.35732 4429.1166877 8292206.421881178 33.735986948013306
127 1432.35732 4329.3494975 7454227.320240699 33.998538970947266
128 1432.35732 4446.568954300001 7067754.593213311 34.25790977478027
129 1432.35732 4841.1810347 7673821.254941868 34.52847385406494
130 1432.35732 4837.0479931 7035751.556963425 34.79767298698425
131 1432.35732 4835.5308429 7238948.711014095 35.064342737197876
132 1432.35732 4506.1153697 5861911.971068219 35.32936668395996
133 1432.35732 4731.252030600001 6696569.27543357 35.59670686721802
134 1432.35732 4388.250464000001 6522446.076078407 35.856106996536255
135 1432.35732 4225.283405699999 6072837.215264238 36.11386585235596
136 1432.35732 4097.5921948000005 7656747.485275771 36.36914372444153
137 1432.35732 4358.983297900001 7709820.662900315 36.6262149810791
138 1432.35732 4778.774646100001 6874525.527576404 36.893075942993164
139 1432.35732 4320.2426308 8118718.385361505 37.15185475349426
140 1432.35732 4157.4764491 7826387.719558644 37.40882086753845
141 1432.35732 4587.624374499999 7403059.550585213 37.66834998130798
142 1432.35732 4695.0537662 7343102.586059563 37.93391680717468
143 1432.35732 4833.4800545 7122967.592969816 38.202720642089844
144 1432.35732 4821.181104 7498261.260574721 38.464345932006836
145 1432.35732 4368.2726704 6752558.763024748 38.72384285926819
146 1432.35732 4383.635076500001 7632895.06615463 38.98381805419922
147 1432.35732 4451.9122408 7489803.947106596 39.24495577812195
148 1432.35732 4576.2170074 7509143.092315688 39.50418186187744
149 1432.35732 4439.669240200001 6744616.315954348 39.76260590553284
150 1432.35732 4611.0873545 6997727.629567873 40.022788763046265
151 1432.35732 4258.3369516 7156861.806427108 40.28378987312317
152 1432.35732 4880.5040086 8762605.773896784 40.55139780044556
153 1432.35732 4986.2338924 7371937.618423729 40.81784772872925
154 1432.35732 4858.505104600001 7969469.288847315 41.09982180595398
155 1432.35732 4608.9729949 7830245.364503689 41.370670795440674
156 1432.35732 4188.4812600000005 7545394.758469147 41.63039183616638
157 1432.35732 4738.1361092 8288023.963725144 41.89901685714722
158 1432.35732 4765.7917388000005 8351227.6109423125 42.16346979141235
159 1432.35732 4343.8536044 7753986.217887457 42.433488845825195
160 1432.35732 4410.9779275 7550536.4392583575 42.699049949645996
161 1432.35732 4587.099968999999 8080747.072135579 42.96143293380737
162 1432.35732 4479.1122764 7932159.943467631 43.225464820861816
163 1432.35732 4440.8213262 8072136.191578072 43.489994049072266
164 1432.35732 4525.0273003 8156151.544891021 43.75579500198364
165 1432.35732 4556.8010874 7312545.430221554 44.02497386932373
166 1432.35732 4447.2231954 6612195.236987762 44.28869676589966
167 1432.35732 4353.5990772000005 7699134.875867125 44.545942068099976
168 1432.35732 4281.599062400001 5962988.980655755 44.803343772888184
169 1432.35732 4535.6774752 6526603.033992482 45.06525492668152
170 1432.35732 4796.2734949 6870605.037690601 45.33194875717163
171 1432.35732 4780.4595458 7670965.5754170595 45.59828305244446
172 1432.35732 4656.7712274 6352913.710763994 45.85964798927307
173 1432.35732 4597.900626999999 7045553.919055134 46.1240508556366
174 1432.35732 4220.357503300002 7225877.195620995 46.382441997528076
175 1432.35732 4309.2150224000015 7391960.408129448 46.64080786705017
176 1432.35732 4240.6498397000005 7082889.079236836 46.89685392379761
177 1432.35732 4191.7438475 7488974.883791622 47.15463876724243
178 1432.35732 4387.367764300001 8037786.481450929 47.41434192657471
179 1432.35732 4785.7232019 7868038.230866625 47.67514777183533
180 1432.35732 5219.2261482 7584936.217987153 47.9459228515625
181 1432.35732 5117.7188317 8230608.669570256 48.21233582496643
182 1432.35732 4989.732225500001 7745964.91701702 48.47824168205261
183 1432.35732 4764.0985018 8053546.129796451 48.74346876144409
184 1432.35732 4668.4762931 8852059.260268822 49.00894594192505
185 1432.35732 4377.9292614999995 8189085.172099623 49.26841592788696
186 1432.35732 4439.8783868 6865816.259011043 49.52843499183655
187 1432.35732 4753.2576799 8083712.638148969 49.79075574874878
188 1432.35732 4869.9721961 8499779.322678003 50.055962800979614
189 1432.35732 5002.6262258 8492558.00134671 50.32469892501831
190 1432.35732 4818.556055600001 7983822.412840274 50.590168714523315
191 1432.35732 4820.5767037000005 8110121.350541289 50.85618996620178
192 1432.35732 4878.6450959 8369521.525680946 51.123230934143066
193 1432.35732 5178.444906000001 7936158.642479561 51.39107370376587
194 1432.35732 4789.3643656 8379958.958742001 51.653708696365356
195 1432.35732 4760.7839469 8416091.790085696 51.91417598724365
196 1432.35732 4826.731307 7307867.478082095 52.17977976799011
197 1432.35732 4956.7757946 7998178.698299564 52.45124292373657
198 1432.35732 5362.3468875 9136165.522325825 52.72491383552551
199 1432.35732 5389.733909900001 10007689.947267193 52.99727487564087
200 1432.35732 4866.922652199999 8841671.496128673 53.2663197517395
201 1432.35732 4984.950091500001 9437386.168957101 53.53021597862244
202 1432.35732 5000.535278300001 8527410.496582791 53.79289889335632
203 1432.35732 4835.2276278 8286073.932587909 54.05934286117554
204 1432.35732 4580.2668825 7886437.81673506 54.32082796096802
205 1432.35732 4854.3120849 8272039.769274959 54.5831139087677
206 1432.35732 4422.7535791 7210776.104278475 54.841508865356445
207 1432.35732 4474.3040342 7192865.269728638 55.108720779418945
208 1432.35732 4681.6607810000005 8190173.373989408 55.372766971588135
209 1432.35732 4297.9412526 7103103.261436688 55.632473945617676
210 1432.35732 4067.2382151 6519952.815152154 55.890437841415405
211 1432.35732 4619.526952000001 7955852.284155024 56.15972375869751
212 1432.35732 4680.968164400001 8154171.764144911 56.42855095863342
213 1432.35732 4260.8474119 6949512.059774691 56.696494817733765
214 1432.35732 4418.103568100001 7676126.876276884 56.95532178878784
215 1432.35732 4851.600098300001 7763902.380994699 57.22252583503723
216 1432.35732 4989.059793600001 8902113.554268276 57.486881732940674
217 1432.35732 4448.2576959 7751526.928449729 57.74509286880493
218 1432.35732 4707.5310236 7807628.294772694 58.01076102256775
219 1432.35732 4633.0867698 6332211.3555835225 58.27388882637024
220 1432.35732 5040.2201505 7362357.441676506 58.53736686706543
221 1432.35732 4916.010063199999 7132081.501641367 58.802934885025024
222 1432.35732 5127.4105933 8345850.70026725 59.072330951690674
223 1432.35732 4921.7980935 8582041.470378041 59.3373589515686
224 1432.35732 4972.0398380999995 8118012.021925253 59.60190796852112
225 1432.35732 5143.3333073 8269103.920766091 59.87088084220886
226 1432.35732 4643.1897857 7355665.343473364 60.15912890434265
227 1432.35732 4550.5902936 8256475.297732821 60.41814875602722
228 1432.35732 4651.8051029 7969343.544270359 60.6777548789978
229 1432.35732 4511.6193854 7442529.899392179 60.943541049957275
230 1432.35732 4766.1974992000005 8143634.242627476 61.207653760910034
231 1432.35732 4744.6239892 6735828.1106316615 61.47631287574768
232 1432.35732 5068.415146300001 6446187.069902891 61.746882915496826
233 1432.35732 4676.7904991 7659554.472238127 62.00874972343445
234 1432.35732 4839.1148582 8194554.649378392 62.27440905570984
235 1432.35732 4439.0500481 7481311.872504506 62.533278942108154
236 1432.35732 4379.1773924 7162748.773704197 62.79421377182007
237 1432.35732 4304.396241 7075218.522924359 63.05448770523071
238 1432.35732 4530.269635100001 7292160.407979191 63.31342697143555
239 1432.35732 4826.9703942 8790134.126973359 63.579951763153076
240 1432.35732 4950.883225 8903236.680196313 63.845075845718384
241 1432.35732 4460.6316966 7064383.105475163 64.10642576217651
242 1432.35732 4423.8081281 5744726.241402978 64.36507296562195
243 1432.35732 4320.7188205 6126269.639544422 64.62587881088257
244 1432.35732 4831.81682 7149686.022454113 64.89166378974915
245 1432.35732 5086.0932354999995 7676845.082484232 65.15972995758057
246 1432.35732 4599.183812800001 7935094.230837005 65.42380809783936
247 1432.35732 4919.526532899999 7161333.1164393155 65.69043374061584
248 1432.35732 5102.3809767 7086128.959921556 65.95679998397827
249 1432.35732 4682.868480699999 7152306.601986449 66.22457194328308
1432.35732 66.48240494728088
2
0 9223372036854775807 9178.2245534 872234.8628403796 0.24030303955078125
1 2481.264410000001 8633.3253011 1332181.9574935765 0.5898609161376953
2 1781.8721100000007 7426.432273199998 5169505.637718745 0.8909718990325928
3 1728.1028800000006 6216.360277899999 7673121.19887401 1.1689338684082031
4 1715.8942599999998 5677.129410599999 7187536.372988719 1.438309907913208
5 1567.74976 5362.001985599999 7335756.670710198 1.7062559127807617
6 1567.74976 4992.602723500001 8840450.548285138 1.9726600646972656
7 1545.9336100000003 4863.2581435 8228030.804621936 2.233098030090332
8 1493.3211300000005 4839.3125068 8078098.579375411 2.4933879375457764
9 1493.3211300000005 4568.7562794000005 6881534.010403666 2.7499589920043945
10 1493.3211300000005 4147.4377466 6676727.445767291 3.0024819374084473
11 1493.3211300000005 4202.8351912 6975665.8965785215 3.2563869953155518
12 1493.3211300000005 4537.9532433 6850634.334008426 3.512699842453003
13 1493.3211300000005 4539.994486499999 6781839.448913325 3.7711920738220215
14 1472.4416500000004 4581.918729399999 7072922.765189355 4.029252767562866
15 1472.4416500000004 4600.3263332 8430197.751101255 4.288851022720337
16 1472.4416500000004 4476.4878332 7227821.52860327 4.545450925827026
17 1472.4416500000004 4504.800761899999 7876813.495113424 4.803332090377808
18 1472.4416500000004 4311.783529099999 6897667.230743863 5.060848951339722
19 1472.4416500000004 4830.3203877000005 8186884.724933479 5.328770160675049
20 1472.4416500000004 4385.2905784 8124474.692526995 5.593930959701538
21 1472.4416500000004 4684.4966196000005 7561679.994965566 5.856628894805908
22 1472.4416500000004 4397.7435834 6632989.363735548 6.11243200302124
23 1472.4416500000004 4392.9958254 6583914.003366463 6.370460033416748
24 1472.4416500000004 4584.6693347 7554242.62734029 6.630297899246216
25 1472.4416500000004 4404.6313363 6644361.2139399955 6.8906800746917725
26 1472.4416500000004 4971.088062599999 7679733.37638665 7.153895854949951
27 1472.4416500000004 4619.0944689 7706731.2165449355 7.4167139530181885
28 1468.4562600000008 4232.6968468 6436585.96227295 7.67674708366394
29 1459.05084 4567.4835409 6283954.074335842 7.934531211853027
30 1459.05084 4416.211776200001 6490433.755742531 8.19242000579834
31 1459.05084 4544.2782855000005 6814698.088022007 8.45342206954956
32 1459.05084 4996.770178000001 8415618.336096352 8.718650817871094
33 1459.05084 4737.6160542 7352909.347260483 8.979344844818115
34 1459.05084 4709.6296839999995 6911776.753250549 9.240033149719238
35 1459.05084 4879.4532932 7295753.518337701 9.506448984146118
36 1445.7045400000002 4774.1167912 7472679.944622364 9.772562980651855
37 1445.7045400000002 4806.388120799999 7039309.566549148 10.034611940383911
38 1445.7045400000002 5052.792603299999 8106859.867215243 10.297416925430298
39 1445.7045400000002 4984.6481066 7329208.237581524 10.56197714805603
40 1445.7045400000002 4804.7989394 8260874.742551935 10.826535940170288
41 1445.7045400000002 4573.812594399999 7738517.497112819 11.086525917053223
42 1445.7045400000002 4127.1114982 6807193.558885573 11.344760179519653
43 1445.7045400000002 4258.586335 7358737.28759575 11.60102105140686
44 1445.7045400000002 3971.4947202999992 6079972.238120931 11.852256059646606
45 1445.7045400000002 4380.2073413 6635233.867313113 12.111247777938843
46 1445.7045400000002 4771.8412738 7082944.769006977 12.371503114700317
47 1445.7045400000002 4565.5537365 7163511.875415236 12.63247013092041
48 1445.7045400000002 4547.411853299999 7436541.137527386 12.892091989517212
49 1445.7045400000002 4363.079168799999 6897793.359109055 13.149318933486938
50 1445.7045400000002 4373.441926799999 8026483.688992442 13.404865980148315
51 1445.7045400000002 4189.8697207 8063740.533878131 13.662405967712402
52 1445.7045400000002 4622.172188 7589273.281259268 13.92324709892273
53 1445.7045400000002 4441.7575858 7947462.590727779 14.18170714378357
54 1445.7045400000002 4649.743254699999 8637565.168270566 14.442991018295288
55 1445.7045400000002 4733.6042116 7606584.125537642 14.708405017852783
56 1445.7045400000002 4597.2254993999995 8492782.628423547 14.971073150634766
57 1445.7045400000002 4657.6954834 7602262.282593458 15.23181700706482
58 1445.7045400000002 4603.577587 8063350.504422066 15.492889881134033
59 1445.7045400000002 4402.1263131000005 7214946.725219449 15.750613927841187
60 1445.7045400000002 4569.9389145 7299181.904009735 16.012953758239746
61 1445.7045400000002 4442.5991992 6910386.903762194 16.269723892211914
62 1445.7045400000002 4515.0425049000005 7253609.2849948825 16.528677940368652
63 1445.7045400000002 4641.643672200001 7907413.042340767 16.789716005325317
64 1445.7045400000002 4266.438673099999 6836926.35023994 17.043100833892822
65 1445.7045400000002 4738.506428899999 8130094.229283464 17.303263902664185
66 1445.7045400000002 4571.7559756 6717238.579778147 17.56507396697998
67 1445.7045400000002 4522.8987984000005 5807271.252632165 17.829341888427734
68 1445.7045400000002 4458.8938069000005 7453198.988993065 18.087326049804688
69 1445.7045400000002 4285.1043518999995 6580434.003460817 18.34278392791748
70 1445.7045400000002 4719.7121644 6979962.52409788 18.602715969085693
71 1445.7045400000002 4510.323822900001 7846784.774911017 18.86001992225647
72 1445.7045400000002 4355.811211199999 7162694.299909327 19.116447925567627
73 1445.7045400000002 4530.118183499999 7476348.422708623 19.37691593170166
74 1445.7045400000002 4330.192202899999 6721492.510996648 19.634572982788086
75 1445.7045400000002 4155.679286799999 7233232.51623554 19.88961410522461
76 1445.7045400000002 4191.704674 6756348.644131391 20.144662141799927
77 1445.7045400000002 4042.239311499999 6849322.216082125 20.398136138916016
78 1445.7045400000002 4062.1599148999994 5507395.032828211 20.652409076690674
79 1445.7045400000002 4314.8689792 6461180.946180854 20.90727186203003
80 1445.7045400000002 4441.430721299999 6939620.858355208 21.165122032165527
81 1445.7045400000002 4351.591817699999 6717893.113974891 21.424607038497925
82 1445.7045400000002 4450.4654967999995 6730579.194599017 21.679646968841553
83 1445.7045400000002 4972.779475 6346245.995763881 21.944031953811646
84 1445.7045400000002 4652.7117172 7066674.174729084 22.204843044281006
85 1445.7045400000002 4632.2876837 7675203.38736382 22.466880083084106
86 1445.7045400000002 4933.8665892 7842203.248323142 22.72954797744751
87 1445.7045400000002 4937.2056461 7468292.442378752 22.993621110916138
88 1445.7045400000002 4946.781497100001 7567694.476230123 23.259016036987305
89 1445.7045400000002 5425.211495800001 8601563.926052436 23.528626918792725
90 1445.7045400000002 5152.958531199999 7608665.850137705 23.79628300666809
91 1445.7045400000002 5228.1419866 7100920.245525744 24.065380096435547
92 1445.7045400000002 5060.045866099999 6575784.99400383 24.331044912338257
93 1445.7045400000002 4605.122511999999 7698025.274142952 24.590551137924194
94 1445.7045400000002 4927.5464842 7951563.547038237 24.85415291786194
95 1445.7045400000002 4592.4548772 7624639.527529464 25.111943006515503
96 1445.7045400000002 4489.6061221 7236656.017396332 25.370917797088623
97 1445.7045400000002 4373.474287699999 6694533.693019165 25.62805199623108
98 1445.7045400000002 4488.1107286 7072057.97763385 25.88552498817444
99 1445.7045400000002 4343.3875744 7324194.431982129 26.14153504371643
100 1445.7045400000002 4202.6025065 7264041.543419196 26.397202968597412
101 1445.7045400000002 4433.1060677 7362026.629918269 26.653759956359863
102 1445.7045400000002 4456.4953482 7232818.941731586 26.911648988723755
103 1445.7045400000002 4059.2457945 6973969.288521725 27.165235996246338
104 1445.7045400000002 4436.085124000001 7275075.211571145 27.423802852630615
105 1445.7045400000002 4809.834176599999 7962191.683845128 27.68627691268921
106 1445.7045400000002 4467.169996199999 7429178.925585863 27.942823886871338
107 1445.7045400000002 4235.7833739 6119463.63564297 28.198756217956543
108 1445.7045400000002 4440.0233517 5994293.384563033 28.457072973251343
109 1445.7045400000002 4385.218613 6284094.21130635 28.712074995040894
110 1445.7045400000002 4385.159138699999 6277002.034972029 28.969956874847412
111 1445.7045400000002 4129.053696000001 6161208.81013587 29.225607872009277
112 1445.7045400000002 4381.560242799999 7348292.336285318 29.48279094696045
113 1445.7045400000002 4480.217156799999 7705032.700635718 29.740819931030273
114 1445.7045400000002 4441.0157673 7153781.516400255 29.9966778755188
115 1445.7045400000002 4751.1230583999995 7738015.148622348 30.258540153503418
116 1445.7045400000002 5038.952177199999 8526753.320065713 30.52368998527527
117 1445.7045400000002 4844.180592899999 8212924.794870286 30.788442850112915
118 1445.7045400000002 4932.095415299998 7040121.501706472 31.04860496520996
119 1445.7045400000002 4524.729559 7147060.804097432 31.305358171463013
120 1445.7045400000002 4304.8965533 7415650.016015594 31.56530785560608
121 1445.7045400000002 4665.644397499999 7891507.349216453 31.825387954711914
122 1445.7045400000002 4615.0139695 6792380.219451299 32.085505962371826
123 1445.7045400000002 4989.2089381999995 7980855.5106683485 32.35058784484863
124 1445.7045400000002 5110.5372343 7805037.485902115 32.61791396141052
125 1445.7045400000002 5161.7824486 8055102.17988613 32.88249707221985
126 1445.7045400000002 4604.9578081 7123588.407138889 33.143336057662964
127 1445.7045400000002 4748.7986051 7686134.659079211 33.40301585197449
128 1445.7045400000002 4828.5110177 7645029.869013923 33.66927790641785
129 1445.7045400000002 5089.9936073 7967499.654298913 33.933685064315796
130 1445.7045400000002 5016.7305903 8451039.702726359 34.197986125946045
131 1445.7045400000002 4996.713176 8331272.285744193 34.46300387382507
132 1445.7045400000002 4898.828842100001 8496635.978622474 34.725273847579956
133 1445.7045400000002 4879.0737222 8431797.398720432 34.985806941986084
134 1445.7045400000002 4994.838267 7910652.180544763 35.250067949295044
135 1445.7045400000002 5040.2199424 8147509.344645231 35.51445293426514
136 1445.7045400000002 5353.6799885 8349565.051022507 35.7842218875885
137 1445.7045400000002 4749.252167799999 7292770.531654483 36.046937227249146
138 1445.7045400000002 5030.0856912 7784804.36993615 36.31288814544678
139 1445.7045400000002 5093.971993900001 7711585.402912068 36.57848596572876
140 1445.7045400000002 4684.749174199999 7548902.841529207 36.83877992630005
141 1445.7045400000002 4747.8409077999995 7458125.10226458 37.0996310710907
142 1445.7045400000002 4852.8797172 7679139.153588952 37.361624002456665
143 1445.7045400000002 4547.2175033 7321807.922582772 37.624114990234375
144 1445.7045400000002 4984.2550172 8083242.008515457 37.88670301437378
145 1445.7045400000002 4789.960760599999 7901004.894345714 38.148292779922485
146 1445.7045400000002 4730.0098122 6791115.444392326 38.41021800041199
147 1445.7045400000002 4487.523814599999 6046790.687249568 38.674376010894775
148 1445.7045400000002 4827.0426806 6248690.78164787 38.93470788002014
149 1445.7045400000002 4864.684422599999 6555078.304963244 39.19903802871704
150 1445.7045400000002 4716.0559797 6826033.071189638 39.46118092536926
151 1445.7045400000002 4663.0065688 7921896.194904327 39.72359800338745
152 1445.7045400000002 4609.6376622 7026575.877790421 39.98318386077881
153 1445.7045400000002 4401.3466929 6371888.182553605 40.24238204956055
154 1445.7045400000002 4876.124330000001 7524412.101102891 40.50560212135315
155 1445.7045400000002 4596.1198334 6880419.116498125 40.76495313644409
156 1445.7045400000002 4973.780642399999 7887331.87480956 41.025221824645996
157 1445.7045400000002 4413.474388 7246951.7026994135 41.28117775917053
158 1445.7045400000002 4304.746350400001 7722086.288075403 41.53659915924072
159 1445.7045400000002 4385.9713303 6775117.228999265 41.79444599151611
160 1445.7045400000002 4016.3116329000013 6408077.859947502 42.04871082305908
161 1445.7045400000002 4473.722630800001 7352589.619305678 42.30420517921448
162 1445.7045400000002 4677.6107321 7465942.185917423 42.56712603569031
163 1445.7045400000002 4587.6772933 7418154.20544029 42.82802987098694
164 1445.7045400000002 4543.2471961 7657389.387209254 43.08673691749573
165 1445.7045400000002 4342.038695599999 7012328.908190118 43.34132790565491
166 1445.7045400000002 4489.979829100001 7100753.361970145 43.60116195678711
167 1445.7045400000002 4386.945168599999 6196106.68943645 43.85747504234314
168 1445.7045400000002 4519.2338666 6911050.233892342 44.116515159606934
169 1445.7045400000002 4476.2658224 8208330.640596124 44.37455701828003
170 1445.7045400000002 4217.4220325 7210022.482369058 44.63133692741394
171 1445.7045400000002 4363.1326153 7367119.059070251 44.88682508468628
172 1445.7045400000002 5119.852661399999 8531967.112895384 45.153002977371216
173 1445.7045400000002 4809.1278939 8369268.47188091 45.41413187980652
174 1445.7045400000002 4594.998505099999 8549536.289579615 45.67424416542053
175 1445.7045400000002 4727.264080399999 8060846.6076622745 45.93537998199463
176 1445.7045400000002 4697.246800599999 7753147.6384508945 46.19748902320862
177 1445.7045400000002 4447.833163899999 6320555.280938443 46.45516109466553
178 1445.7045400000002 4552.610298699999 7249014.49056876 46.71383810043335
179 1445.7045400000002 4137.081196899999 7188836.892501124 46.96910500526428
180 1445.7045400000002 4415.7285674 7075931.2882194575 47.22715902328491
181 1445.7045400000002 4560.062839599999 7044621.456435537 47.489168882369995
182 1445.7045400000002 4525.3739302 7049832.430742354 47.75097608566284
183 1445.7045400000002 4991.1183755 7244703.481709408 48.022258043289185
184 1445.7045400000002 4684.9794076 7579142.8263275055 48.28793501853943
185 1445.7045400000002 4576.4866565 7141807.8353537675 48.55215787887573
186 1445.7045400000002 4541.906637399999 6734543.195027211 48.81383299827576
187 1445.7045400000002 4554.825511999999 6400012.375662775 49.07577180862427
188 1445.7045400000002 4787.177638999999 7732496.955180203 49.34140491485596
189 1445.7045400000002 4943.9483916 8035305.468762849 49.60631704330444
190 1445.7045400000002 4514.189955799999 7722475.875570309 49.866952896118164
191 1445.7045400000002 4824.582848 7896000.40795069 50.137497901916504
192 1445.7045400000002 4479.8521008 6712016.377466328 50.39965486526489
193 1445.7045400000002 4630.345272699999 6631458.7854977 50.662243127822876
194 1445.7045400000002 4470.145048999999 7820965.57450532 50.92527794837952
195 1445.7045400000002 4462.605939699999 7144065.063470714 51.18373513221741
196 1445.7045400000002 4534.3592251 7196499.995181681 51.444854974746704
197 1445.7045400000002 4735.7682065 7771148.327918792 51.71100687980652
198 1445.7045400000002 4708.0543597000005 7527921.106358127 51.97175598144531
199 1445.7045400000002 4821.4676311 6807523.008023105 52.23714780807495
200 1445.7045400000002 4068.3857884999993 6545569.311786985 52.497031927108765
201 1445.7045400000002 4709.7994009 7660955.804814111 52.760977029800415
202 1445.7045400000002 4705.838589000001 8029650.58528307 53.02919411659241
203 1445.7045400000002 4957.3858302 7868638.174629134 53.29354000091553
204 1445.7045400000002 4996.2741695 7813939.847153703 53.55859899520874
205 1445.7045400000002 4743.4695104 7147272.322978534 53.821537017822266
206 1445.7045400000002 4716.9239175 8175621.144086988 54.08265709877014
207 1445.7045400000002 4970.3858363 8197237.420282687 54.34666299819946
208 1445.7045400000002 5133.585906699999 7195494.225765879 54.6138129234314
209 1445.7045400000002 5012.6791248 8343577.206063079 54.88081216812134
210 1445.7045400000002 5377.782753799999 7575061.288211366 55.153286933898926
211 1445.7045400000002 5138.4741764 7183634.944963711 55.42626214027405
212 1445.7045400000002 4602.949069400001 7393099.4812985035 55.68919801712036
213 1445.7045400000002 4622.8185920000005 7158897.836463803 55.9542019367218
214 1445.7045400000002 4393.282959 8027468.741635315 56.224682092666626
215 1445.7045400000002 4316.000005099999 8504011.383631703 56.49374604225159
216 1445.7045400000002 4656.7472640999995 7401395.072752207 56.790748834609985
217 1445.7045400000002 4664.839152699999 7038213.412782566 57.12970805168152
218 1445.7045400000002 4707.727385300001 7579050.531129867 57.41303992271423
219 1445.7045400000002 4552.6863849 7472223.096697289 57.67579197883606
220 1445.7045400000002 4649.5241336 7433539.444100235 57.94038105010986
221 1445.7045400000002 4227.2572869 7120668.728244876 58.198577880859375
222 1445.7045400000002 4110.447453299999 6833301.026832726 58.45365619659424
223 1445.7045400000002 4199.2941614 7240069.242935312 58.71381878852844
224 1445.7045400000002 4332.9991158 7387997.990110611 58.972825050354004
225 1445.7045400000002 4752.1579771 7393679.225263489 59.23188900947571
226 1445.7045400000002 4524.870659300001 7502875.92191285 59.49363994598389
227 1445.7045400000002 4625.9102141 7449907.529431623 59.758450984954834
228 1445.7045400000002 4429.232901299999 6557585.091241731 60.02052712440491
229 1445.7045400000002 4515.2855629 7231612.897161048 60.27775478363037
230 1445.7045400000002 4826.047333699999 8789077.616122222 60.54252600669861
231 1445.7045400000002 4278.2882051 6905676.288322769 60.80080199241638
232 1445.7045400000002 4421.6946274 6266172.391697896 61.06173896789551
233 1445.7045400000002 4220.9750465 6119304.060417115 61.31702709197998
234 1445.7045400000002 4559.692611500001 6770450.911731812 61.58200979232788
235 1445.7045400000002 4688.7215017 7860523.874276055 61.841870069503784
236 1445.7045400000002 4839.395167 7483783.325537906 62.10590600967407
237 1445.7045400000002 4467.8536027 7023181.851971261 62.36721897125244
238 1445.7045400000002 4704.5906706999995 7425441.561174678 62.6298828125
239 1445.7045400000002 4696.1542406 7098934.560414631 62.88906502723694
240 1445.7045400000002 4405.3834579 7239033.050867176 63.14448404312134
241 1445.7045400000002 4369.026132999999 7526145.429171202 63.40046215057373
242 1445.7045400000002 4535.949783599999 7945139.23766618 63.66130208969116
243 1445.7045400000002 4795.560491199999 7957923.016279923 63.92345714569092
244 1445.7045400000002 4835.3427156 8056946.230765289 64.1840410232544
245 1445.7045400000002 5009.1801278 7493969.9141612975 64.44919514656067
246 1445.7045400000002 4752.1810181 8674807.890979445 64.71124410629272
247 1445.7045400000002 4522.913396499999 8622326.525083471 64.96787405014038
248 1445.7045400000002 4384.4936153 7949611.693003008 65.22684288024902
249 1445.7045400000002 4750.3644209 7978729.907244316 65.49140501022339
1445.7045400000002 65.7517020702362
3
0 9223372036854775807 9294.4759048 686502.1361217228 0.20867109298706055
1 3666.160169999999 8806.3273557 1040884.0713825215 0.5662558078765869
2 2086.7147600000003 7277.3070522 4603489.497551564 0.872797966003418
3 1568.8443100000002 6515.1664333 5757929.875927819 1.1515648365020752
4 1568.8443100000002 5933.681736399999 6957500.54502436 1.421565055847168
5 1533.4578300000003 5372.6032639000005 8786700.39072344 1.6889517307281494
6 1510.087000000001 5281.0714102 8651965.16387741 1.9564728736877441
7 1488.8834300000005 5400.582398600002 7962725.594442224 2.226841926574707
8 1488.8834300000005 5200.2660356 6613972.5240027765 2.493499994277954
9 1467.1281000000004 4711.0324805 6357557.220724577 2.759700059890747
10 1467.1281000000004 4786.2378277 7107587.675855518 3.0262179374694824
11 1466.5534499999997 4859.5920848000005 6701759.6517094495 3.2929599285125732
12 1466.5534499999997 4420.926952700001 7087624.787598618 3.556792974472046
13 1466.5534499999997 4701.8068971 7193690.874051264 3.8213560581207275
14 1466.5534499999997 4426.2542037 7204948.853529959 4.081931829452515
15 1466.5534499999997 4389.5135689 6883449.243383843 4.340910911560059
16 1466.5534499999997 4411.392594 7466608.8688232275 4.606344938278198
17 1466.5534499999997 4305.329935 7085497.041339703 4.873313903808594
18 1446.1145700000004 4540.8061997 7193723.125778762 5.134688138961792
19 1446.1145700000004 4636.7442267999995 6774168.475364179 5.396482944488525
20 1446.1145700000004 4682.431626199999 7932828.905885553 5.659868955612183
21 1446.1145700000004 4504.4140383 6561613.430113308 5.920267105102539
22 1446.1145700000004 4162.4529433 7002220.2984738685 6.174301862716675
23 1446.1145700000004 4126.513982799999 6418212.325678654 6.428095102310181
24 1446.1145700000004 4335.4745748000005 7688749.097367685 6.69162392616272
25 1446.1145700000004 4691.6899293 7944223.214347102 6.949554920196533
26 1446.1145700000004 4653.5145162 7825854.476017613 7.211071968078613
27 1446.1145700000004 4467.0957198999995 7270801.194511419 7.471521854400635
28 1446.1145700000004 4754.396904200001 6844430.387066139 7.73813796043396
29 1446.1145700000004 4627.498700699999 6845262.74270547 7.9997241497039795
30 1446.1145700000004 4632.818303499999 7504398.871886628 8.260758876800537
31 1446.1145700000004 4506.541298699999 6347772.846408679 8.519433975219727
32 1446.1145700000004 4651.3607406 6351495.986194139 8.781337976455688
33 1446.1145700000004 4943.552207299999 6989460.941968059 9.045676708221436
34 1446.1145700000004 4445.412071699999 7865822.255905953 9.303364992141724
35 1446.1145700000004 4780.7971089 8014807.41496841 9.568395853042603
36 1446.1145700000004 4472.677860199999 7392573.662477711 9.827419996261597
37 1446.1145700000004 4815.5319253 7859348.598088422 10.092581987380981
38 1446.1145700000004 4905.1530324 7501550.448442409 10.359799861907959
39 1446.1145700000004 4826.799739399999 6517544.470352204 10.623812913894653
40 1446.1145700000004 4747.452962799999 7402943.838634621 10.891405820846558
41 1446.1145700000004 4744.132215 6958824.653528814 11.154006004333496
42 1446.1145700000004 4630.6563271999985 7615863.018947908 11.416764974594116
43 1446.1145700000004 4612.792782199999 7689116.074344814 11.677858829498291
44 1446.1145700000004 4760.4423388 6481179.102196292 11.941722869873047
45 1446.1145700000004 4696.704078299999 7247597.74024496 12.201974153518677
46 1446.1145700000004 4524.3182092 7006760.400581231 12.46125602722168
47 1446.1145700000004 4088.1258417 5184736.728187961 12.717764854431152
48 1446.1145700000004 4216.6837719 6389652.0216414025 12.973666906356812
49 1446.1145700000004 4130.0464799 6649147.682632517 13.229826927185059
50 1446.1145700000004 4115.259311899999 6451132.236510557 13.483951807022095
51 1446.1145700000004 4457.250106499999 6853287.770074432 13.748307943344116
52 1446.1145700000004 4432.699820599999 7056435.9761077855 14.008391857147217
53 1446.1145700000004 4258.4380433 6576011.824080796 14.263942956924438
54 1446.1145700000004 4245.1425107 7147776.865283161 14.518680810928345
55 1446.1145700000004 4602.3794836 8236903.68167185 14.783900022506714
56 1446.1145700000004 4971.3809224999995 8546165.696093686 15.050999879837036
57 1446.1145700000004 5302.8058939 7755420.29905035 15.326778888702393
58 1446.1145700000004 5185.5243163000005 8465243.624516463 15.593775987625122
59 1446.1145700000004 4955.582711599999 8650818.330420488 15.861140012741089
60 1446.1145700000004 4885.3927331999985 8359026.326133034 16.125902891159058
61 1446.1145700000004 4655.825994999999 6964339.739283233 16.382333040237427
62 1446.1145700000004 4733.015787399999 7395395.053161987 16.647690057754517
63 1446.1145700000004 4417.727321199999 6241271.074592707 16.904096126556396
64 1446.1145700000004 4375.8966475 6276263.552309689 17.16009783744812
65 1446.1145700000004 3971.2528446 5908345.083022529 17.412898778915405
66 1446.1145700000004 4023.9193516999994 6148505.205829445 17.669092893600464
67 1446.1145700000004 4412.9221447 7693525.474374544 17.926012992858887
68 1446.1145700000004 4137.3227959 6967299.810535937 18.179678916931152
69 1446.1145700000004 4534.461830799999 8354406.155737262 18.43763780593872
70 1446.1145700000004 4928.4907686999995 8270301.839596304 18.70400595664978
71 1446.1145700000004 4764.506152400001 7296195.227332281 18.968284845352173
72 1446.1145700000004 4552.1536535000005 5908357.847470137 19.2291898727417
73 1446.1145700000004 4668.8214345 6950378.918431763 19.49046778678894
74 1446.1145700000004 4468.9405713 8231271.825562791 19.748231887817383
75 1446.1145700000004 4143.7072948 7369551.276755235 20.00356888771057
76 1446.1145700000004 4168.9357724 6726060.2203980675 20.259265899658203
77 1446.1145700000004 4179.753673 7139080.820143077 20.517786979675293
78 1446.1145700000004 4484.164650899999 7841737.111916006 20.78011393547058
79 1446.1145700000004 4762.5538255 9005663.181214502 21.044981956481934
80 1446.1145700000004 5055.6741234 7088447.118020182 21.312006950378418
81 1446.1145700000004 4963.405802899999 6954882.115312219 21.578895807266235
82 1446.1145700000004 4671.5927044 7364128.935905413 21.84149479866028
83 1446.1145700000004 4951.082864 6856392.006048518 22.10477089881897
84 1446.1145700000004 4858.3910762 7582133.860198889 22.36662983894348
85 1446.1145700000004 4446.2424585 7240294.4734676 22.620237827301025
86 1446.1145700000004 4718.736480000001 7955547.443156574 22.88819193840027
87 1446.1145700000004 4644.737945600001 7520986.157140766 23.150874853134155
88 1446.1145700000004 4709.544881 7763745.942467963 23.414183855056763
89 1446.1145700000004 4547.3740044 8243406.704767193 23.678884983062744
90 1446.1145700000004 4911.910707899999 7279254.781044964 23.942330837249756
91 1446.1145700000004 4782.415947799999 7628748.573388419 24.204123973846436
92 1446.1145700000004 4493.8364507 7478963.144234639 24.460458040237427
93 1446.1145700000004 4424.203406499999 7640836.285125131 24.720876932144165
94 1446.1145700000004 4349.594248199999 7260188.026052695 24.975733041763306
95 1446.1145700000004 4558.6192618 8313904.797317123 25.23236584663391
96 1446.1145700000004 4645.9878351 7321012.954555527 25.491233825683594
97 1446.1145700000004 4915.387006199999 7566858.786115238 25.759644985198975
98 1446.1145700000004 5196.3011731999995 8038979.210331446 26.027522802352905
99 1446.1145700000004 5013.990739700001 8020503.99539782 26.293165922164917
100 1446.1145700000004 4880.0504517 7329859.940477351 26.554666996002197
101 1446.1145700000004 5132.347863499999 8182842.4942520885 26.820873022079468
102 1446.1145700000004 5025.069297999999 8549954.84680184 27.08426594734192
103 1446.1145700000004 4926.2220608 8343443.352975104 27.345112800598145
104 1446.1145700000004 4423.2739205 7571889.2402767325 27.602900981903076
105 1446.1145700000004 4342.7788091 7005654.4521825425 27.860339879989624
106 1446.1145700000004 4395.419712 6708748.018766281 28.12099313735962
107 1446.1145700000004 4207.129474099999 7044865.161110244 28.374919891357422
108 1446.1145700000004 4022.614169199999 6210075.659972132 28.624510049819946
109 1446.1145700000004 4381.2515195999995 7515807.728741603 28.88438105583191
110 1446.1145700000004 4442.5357851 7859732.791712586 29.14067792892456
111 1446.1145700000004 4470.4797424 6926627.960825622 29.40062689781189
112 1446.1145700000004 4104.1819017 6727734.808529794 29.65200114250183
113 1446.1145700000004 4477.6912486 7610442.971694402 29.91123104095459
114 1446.1145700000004 4546.656926799999 7074066.531993798 30.16651201248169
115 1446.1145700000004 4242.340675699999 6607479.416625645 30.421961069107056
116 1446.1145700000004 4252.431872900001 7373822.260180069 30.679989099502563
117 1446.1145700000004 4552.2463983 7264857.182719333 30.939620971679688
118 1446.1145700000004 4914.902691400001 7257812.234534339 31.202495098114014
119 1446.1145700000004 5311.002366099999 8046703.512268547 31.46780300140381
120 1446.1145700000004 4382.6360998 5941936.250115521 31.72798180580139
121 1446.1145700000004 4504.885697399999 6410540.875859107 31.98790192604065
122 1446.1145700000004 4675.477881399999 6638115.504882246 32.24848794937134
123 1446.1145700000004 4652.443161499999 6983768.246545223 32.50712990760803
124 1446.1145700000004 4757.260599899999 7577620.81588629 32.77244186401367
125 1446.1145700000004 4786.588912899999 8233906.162796889 33.035024881362915
126 1446.1145700000004 4683.734293399999 8588405.582919383 33.29337406158447
127 1446.1145700000004 4732.621925899999 7393823.445735833 33.551788091659546
128 1446.1145700000004 4391.5463991 6280680.524438026 33.80918097496033
129 1446.1145700000004 4373.722077199999 6905200.906861765 34.066563844680786
130 1446.1145700000004 4033.2139730999997 6787804.781280878 34.31892991065979
131 1446.1145700000004 3997.8954737999993 6876734.404784983 34.57207775115967
132 1446.1145700000004 4514.2567768 7806922.06452105 34.83077883720398
133 1446.1145700000004 4555.7107221 7593752.562898816 35.08799386024475
134 1446.1145700000004 4734.2964487 7438074.751002857 35.34723687171936
135 1446.1145700000004 4797.4800847999995 7486682.133233012 35.60722208023071
136 1446.1145700000004 4662.8604815 7874853.648574211 35.868430852890015
137 1446.1145700000004 4362.280145399999 7360573.746463035 36.123976945877075
138 1446.1145700000004 4525.7382331 7142298.872678014 36.38010787963867
139 1446.1145700000004 4719.198920999999 6530453.856398332 36.64377975463867
140 1446.1145700000004 4371.030817000001 6384592.542086375 36.89882493019104
141 1446.1145700000004 4832.6605601 7597717.225173113 37.16187882423401
142 1446.1145700000004 4711.8873293 8191495.949436 37.42172193527222
143 1446.1145700000004 4929.275978999999 7488277.3828009395 37.68683886528015
144 1446.1145700000004 4685.577592399999 7290008.233656299 37.946600914001465
145 1446.1145700000004 4243.288778600001 6640186.249200314 38.20145797729492
146 1446.1145700000004 4562.518736599999 6560023.932391957 38.45973205566406
147 1446.1145700000004 4280.8284918 6702162.055993123 38.71839904785156
148 1446.1145700000004 4458.851798 8575527.35345989 38.974350929260254
149 1446.1145700000004 4494.6229406 7890027.133559475 39.23141694068909
150 1446.1145700000004 4431.9864782 7758396.819530648 39.48983097076416
151 1446.1145700000004 4416.9074900000005 7047588.68240959 39.748897075653076
152 1446.1145700000004 4780.5541867 7345987.083890909 40.00820302963257
153 1446.1145700000004 5115.715324500001 8858617.320467439 40.273576974868774
154 1446.1145700000004 5015.423297 8027163.78004066 40.53840899467468
155 1446.1145700000004 4895.4544675 7535103.063658899 40.80171871185303
156 1446.1145700000004 4586.873045400001 6974980.971751708 41.06113886833191
157 1446.1145700000004 4560.216838699999 6800995.891431188 41.31804394721985
158 1446.1145700000004 4839.5532647 7283725.941448383 41.58183407783508
159 1446.1145700000004 5075.819064 7143234.852548703 41.84609580039978
160 1446.1145700000004 4851.6445173 7190133.823005842 42.1074378490448
161 1446.1145700000004 5050.446114799999 8613448.943780666 42.372485876083374
162 1446.1145700000004 4766.524979399999 8369778.334833517 42.633235931396484
163 1446.1145700000004 4786.634283099999 8621866.64658646 42.89434194564819
164 1446.1145700000004 4961.7687871 7854985.986829054 43.15657877922058
165 1446.1145700000004 4843.8829424000005 7388614.569813444 43.42037796974182
166 1446.1145700000004 4638.4886381999995 7498546.348137077 43.68096995353699
167 1446.1145700000004 4690.8047291 7412076.581991695 43.94313979148865
168 1446.1145700000004 4648.1786609 7067330.171935316 44.210773944854736
169 1446.1145700000004 4501.5794213 7510177.4401553925 44.470040798187256
170 1446.1145700000004 4340.510394599999 6863784.395746167 44.731212854385376
171 1446.1145700000004 4523.463329099999 7296729.135440933 44.99404501914978
172 1446.1145700000004 4251.074444499999 7379764.40829306 45.25002694129944
173 1446.1145700000004 4846.8723208 7987163.284345326 45.51473593711853
174 1446.1145700000004 4795.962792200001 7933403.68803953 45.780996799468994
175 1446.1145700000004 4369.0762536 6715471.963188992 46.038589000701904
176 1446.1145700000004 4690.762257 6804072.287664729 46.30129790306091
177 1446.1145700000004 4864.9652394 7871975.9239487 46.56788086891174
178 1446.1145700000004 4644.9336282 7530625.791063076 46.83056902885437
179 1446.1145700000004 5043.9033911999995 6589333.938028441 47.0955069065094
180 1446.1145700000004 5014.828641800001 6516856.508405248 47.36296892166138
181 1446.1145700000004 4538.005846799999 6426795.536736319 47.623847007751465
182 1446.1145700000004 4859.808766599999 7244164.381040531 47.892090797424316
183 1446.1145700000004 4782.8367843999995 7353398.693023282 48.16039204597473
184 1446.1145700000004 4890.736739200001 8135948.6419408405 48.43028473854065
185 1446.1145700000004 5101.7016366 8156595.227502302 48.6990909576416
186 1446.1145700000004 4637.2628069 7588580.502413529 48.96340584754944
187 1446.1145700000004 4593.8723832999995 7155201.624690508 49.22870206832886
188 1446.1145700000004 4172.7199499 7406797.084807192 49.48480176925659
189 1446.1145700000004 4919.175623799998 8459265.62811031 49.748148918151855
190 1446.1145700000004 5100.4855251 7404103.857383835 50.01567006111145
191 1446.1145700000004 4968.0546824 8039451.938687741 50.28005290031433
192 1446.1145700000004 4860.055153599999 7478246.300565197 50.545307874679565
193 1446.1145700000004 4842.083967999999 7906109.852654968 50.81257200241089
194 1446.1145700000004 4574.160330599999 7214861.430397856 51.07470488548279
195 1446.1145700000004 4340.160190899998 6557011.634805983 51.33751893043518
196 1446.1145700000004 4572.497746999999 7432041.136522928 51.600430965423584
197 1446.1145700000004 4677.9398294 6915844.045390866 51.86148476600647
198 1446.1145700000004 5146.1256991 7524608.319624842 52.13039684295654
199 1446.1145700000004 5167.6370998 8105518.263200384 52.39513087272644
200 1446.1145700000004 5071.614282 7823038.888418591 52.66406297683716
201 1446.1145700000004 5317.560909999999 8530430.035038477 52.93085789680481
202 1446.1145700000004 5089.965960299998 8482459.849324293 53.19580793380737
203 1446.1145700000004 4642.6944766999995 8045550.305421824 53.454744815826416
204 1446.1145700000004 4567.3620301 7260685.416886675 53.716601848602295
205 1446.1145700000004 4552.1678372999995 7421230.052693183 53.97754406929016
206 1446.1145700000004 4961.625405999999 8295347.327316639 54.239946126937866
207 1446.1145700000004 4821.629483 7658642.144134987 54.50030994415283
208 1446.1145700000004 4741.1978891 7057106.913851941 54.76140809059143
209 1446.1145700000004 4345.3403253999995 6343925.3339092685 55.01830196380615
210 1446.1145700000004 4401.227379799999 6999532.920989666 55.2757089138031
211 1446.1145700000004 4341.376324599999 6963852.9264109675 55.534626960754395
212 1446.1145700000004 4185.6406369 6769554.1901844535 55.79057478904724
213 1446.1145700000004 4560.1772875 7375490.546893389 56.0520658493042
214 1446.1145700000004 5132.8916937 8226740.029093756 56.3180627822876
215 1446.1145700000004 5296.006568399999 8790741.75314707 56.58658194541931
216 1446.1145700000004 5106.105010299999 7944952.270768984 56.85081195831299
217 1446.1145700000004 5231.7330186 8603641.129909256 57.113892793655396
218 1446.1145700000004 5317.272661299999 8701099.356866408 57.382155895233154
219 1446.1145700000004 5262.4165421 8188787.904720529 57.65069603919983
220 1446.1145700000004 5262.5369589 8086850.004166302 57.91856288909912
221 1446.1145700000004 5042.314725599999 7420540.299214379 58.183902978897095
222 1446.1145700000004 4738.864323499999 7475968.644253172 58.445371866226196
223 1446.1145700000004 5137.2397843 8377701.826495975 58.7103807926178
224 1446.1145700000004 5044.8806945999995 7471363.560747576 58.974937915802
225 1446.1145700000004 4777.0588237 7854993.147013575 59.234944105148315
226 1446.1145700000004 4397.0283856 6967758.657340217 59.49153184890747
227 1446.1145700000004 4697.310719199999 6633281.415154082 59.753073930740356
228 1446.1145700000004 4384.3539617 7674923.366270312 60.007580041885376
229 1446.1145700000004 4299.6852694 6931948.810989076 60.26450276374817
230 1446.1145700000004 4722.944059 7381761.2269842895 60.52377700805664
231 1446.1145700000004 4639.019140899999 6781427.934189664 60.7852680683136
232 1446.1145700000004 4734.860388699999 6578917.968392576 61.0476758480072
233 1446.1145700000004 4402.741167799999 7179174.886736266 61.307267904281616
234 1446.1145700000004 4331.578030699999 6398861.251332686 61.567086935043335
235 1446.1145700000004 4249.9700989 6233829.952541028 61.823745012283325
236 1446.1145700000004 4605.011044999999 6947571.129795968 62.08264088630676
237 1446.1145700000004 4739.9031253 7298739.041309203 62.34660577774048
238 1446.1145700000004 4824.6715168 7435175.309691501 62.60754990577698
239 1446.1145700000004 4395.642302300001 7191904.852836826 62.864837884902954
240 1446.1145700000004 4564.1423427 7212802.113819006 63.12365484237671
241 1446.1145700000004 4586.2433691999995 7166832.781890784 63.38245105743408
242 1446.1145700000004 4514.3926845999995 6873265.6380536845 63.64208006858826
243 1446.1145700000004 4422.5088721 7544120.006157925 63.90025496482849
244 1446.1145700000004 4663.3765709 8090581.729675441 64.17450094223022
245 1446.1145700000004 4791.638354399999 7678225.7192923 64.45235204696655
246 1446.1145700000004 4837.400388899999 7158235.285785507 64.71732091903687
247 1446.1145700000004 4681.092458499999 7889468.588434566 64.98161482810974
248 1446.1145700000004 4532.9107759 8418490.650439303 65.24227094650269
249 1446.1145700000004 4359.223303499999 8122537.798327143 65.50089883804321
1446.1145700000004 65.75355505943298
