MO3
250 1516.77300
1
0 9223372036854775807 9975.663969300002 819687.0694570027 0.20983004570007324
1 3673.9485199999986 9187.748586500004 1906072.4699571962 0.5589559078216553
2 2237.2885400000014 7606.7718545000025 4805581.955567016 0.8643991947174072
3 2060.4668600000005 6461.777909700003 7152707.559265227 1.1451141834259033
4 1779.2227900000005 6162.9617437000015 8688854.131652085 1.4150869846343994
5 1647.1032 5511.850539400001 8195560.547708797 1.676447868347168
6 1647.1032 5308.850031100001 7391860.348268829 1.9398870468139648
7 1647.1032 5297.443463700001 8309158.989354307 2.200685977935791
8 1638.8778599999996 5242.750468500001 8958285.229824763 2.4589900970458984
9 1638.8778599999996 5377.437311600001 9009861.502848607 2.7214341163635254
10 1613.2080399999993 5254.8446285 8613106.565694613 2.980462074279785
11 1613.2080399999993 5496.117338300001 8280524.860280632 3.2453701496124268
12 1574.9527099999998 5322.044470500001 9616939.606906673 3.5049450397491455
13 1574.9527099999998 5291.920447700001 10576249.903752895 3.7693779468536377
14 1574.9527099999998 5347.1276881 9646647.323185243 4.033854961395264
15 1574.9527099999998 5616.4537883 8852698.845677046 4.297420024871826
16 1544.4706099999999 5267.8644068 8719726.775376111 4.563582897186279
17 1544.33975 5574.8695357999995 9226114.428271633 4.830682039260864
18 1544.33975 5773.726645100001 9641965.704939578 5.098745107650757
19 1544.33975 4890.438228700001 9016468.371481212 5.3623950481414795
20 1544.33975 4853.618462900001 8326411.191096102 5.6223249435424805
21 1544.33975 5057.933493400001 8707643.940063048 5.883288145065308
22 1544.33975 4813.8278414000015 8137884.034923719 6.139256000518799
23 1544.33975 4313.544790800001 6851228.166687545 6.394066095352173
24 1544.33975 4583.000728000001 7514546.912239433 6.651689052581787
25 1544.33975 4984.232629300001 8241157.190762682 6.916218042373657
26 1544.33975 5074.307769800001 10214464.248391498 7.179500102996826
27 1544.33975 5311.347563100002 10541019.674522297 7.447965145111084
28 1544.33975 5205.572685500001 9463612.526974011 7.711313247680664
29 1544.33975 5365.033391300002 8798303.052916462 7.978588104248047
30 1544.33975 4957.593842100001 7712223.499382689 8.243615865707397
31 1544.33975 4901.515867200002 9718281.815501612 8.505291938781738
32 1544.33975 4999.0776491000015 8994877.35751942 8.769412994384766
33 1544.33975 4826.031613200002 9546029.23950054 9.031786918640137
34 1544.33975 5258.608565000001 8937918.93706076 9.300250053405762
35 1544.33975 5405.786108899999 9061577.641584313 9.568997144699097
36 1544.33975 4944.844545900001 10284096.23760151 9.832762002944946
37 1544.33975 5151.9955104 9400751.759021983 10.095356941223145
38 1544.33975 4955.6323515 8106611.563591791 10.365242004394531
39 1544.33975 4710.0439055000015 8846666.326220833 10.625195026397705
40 1544.33975 5258.626619300001 8400755.444484869 10.888527154922485
41 1544.33975 5180.295675600001 8231866.554021652 11.153426885604858
42 1543.8933899999995 4914.5488544 8820611.423618434 11.41406798362732
43 1543.8933899999995 4927.2668647 8821570.351982255 11.674362182617188
44 1540.7650800000001 4677.7445276 7854005.636472531 11.93696403503418
45 1533.4919199999995 4963.9496801000005 8849651.270783698 12.201882123947144
46 1533.4919199999995 5027.192742900002 8585964.829427883 12.469161987304688
47 1533.4919199999995 5349.471885900001 8807860.994151535 12.738059997558594
48 1533.4919199999995 5506.7910145 8767550.778024627 13.006746053695679
49 1533.4919199999995 5357.142094500001 8173368.577846004 13.282210111618042
50 1533.4919199999995 5017.295014600001 8457546.536683924 13.544689178466797
51 1533.4919199999995 4988.046434 8722457.288535941 13.809115171432495
52 1533.4919199999995 4958.3290493 7969733.048280652 14.074254035949707
53 1533.4919199999995 5189.351139200002 8677874.701779252 14.34183406829834
54 1533.4919199999995 5152.107586800001 8803741.402371531 14.604441165924072
55 1533.4919199999995 4963.928133200001 9239738.628214043 14.888923168182373
56 1533.4919199999995 5175.367077900002 9162817.419723308 15.158658027648926
57 1533.4919199999995 5173.495276000001 7380662.739185225 15.423977851867676
58 1533.4919199999995 5160.482469400002 8964421.438465314 15.689010858535767
59 1533.4919199999995 4826.994941500001 8441154.276352359 15.953660249710083
60 1533.4919199999995 4938.393545800001 8492634.060839903 16.21547222137451
61 1533.4919199999995 4782.4753654000015 9732867.498595705 16.477757930755615
62 1533.4919199999995 4748.0063796 7921836.416627237 16.73818588256836
63 1533.4919199999995 4769.959206100002 8959574.959857099 16.99877095222473
64 1533.4919199999995 4855.965133 9150898.251692718 17.26018190383911
65 1533.4919199999995 4530.6154646 9394579.218512869 17.521535873413086
66 1533.4919199999995 4576.390017500001 10069277.807960525 17.78168296813965
67 1533.4919199999995 4696.791332200002 8297356.74753055 18.046377897262573
68 1533.4919199999995 4653.438652400001 8354272.28783072 18.305658102035522
69 1533.4919199999995 4787.8910237 7646780.627277616 18.56480622291565
70 1533.4919199999995 4847.712625700002 7780920.267155426 18.82880401611328
71 1533.4919199999995 4644.5729556000015 7372709.411320197 19.089770078659058
72 1533.4919199999995 4804.1046442000015 7494898.226745192 19.35121989250183
73 1533.4919199999995 4920.882061400001 8027224.876087082 19.61503791809082
74 1532.6097300000004 5273.9993485 10001647.672185829 19.882909059524536
75 1532.6097300000004 5226.460207800002 9041408.769844763 20.148433208465576
76 1532.6097300000004 5380.187236400002 9413436.29869884 20.41710615158081
77 1532.6097300000004 5320.197133300002 10038686.383638717 20.683907985687256
78 1532.6097300000004 5438.381515500001 8234928.948953985 20.95727515220642
79 1532.6097300000004 5594.956052300001 8649606.65986852 21.22963809967041
80 1532.6097300000004 5196.051179600001 8309909.718344164 21.498803853988647
81 1532.6097300000004 5580.7131923000015 8424606.17273793 21.772547960281372
82 1532.6097300000004 5440.844174100002 8821496.950865377 22.04385209083557
83 1532.6097300000004 5245.279555 8065737.980185243 22.312840938568115
84 1532.6097300000004 5160.328338000001 8013897.513461838 22.576896905899048
85 1532.6097300000004 5020.279737600002 8169315.71261271 22.841235876083374
86 1532.6097300000004 5188.082881200001 8801655.742198868 23.107892990112305
87 1532.6097300000004 4957.7579442000015 9267762.869105844 23.375853061676025
88 1532.6097300000004 5239.0170606 8387040.942982977 23.646826028823853
89 1532.6097300000004 5513.280039 9077188.026344804 23.9195818901062
90 1532.6097300000004 5466.498826900001 7836280.657348404 24.18953800201416
91 1532.6097300000004 5231.459093900001 7213344.874746978 24.455212116241455
92 1532.6097300000004 4911.2694421000015 8227096.346927711 24.717092037200928
93 1532.6097300000004 4644.111881300001 8706581.899407297 24.98233699798584
94 1532.6097300000004 4979.3400207 7301341.79476365 25.250386238098145
95 1532.6097300000004 4965.196409700001 7325993.790639449 25.514363050460815
96 1532.6097300000004 4998.745557900002 7748040.049189751 25.781096935272217
97 1532.6097300000004 4979.102852400001 8021127.400848322 26.047226190567017
98 1532.6097300000004 5321.923252200001 8556014.887104632 26.318909883499146
99 1521.4727300000004 5025.961710500002 9113724.506252427 26.585560083389282
100 1521.4727300000004 5282.889015500001 9712239.440405492 26.854628086090088
101 1521.4727300000004 4899.734370100001 8366703.981370279 27.11794900894165
102 1521.4727300000004 4929.766746600001 9190403.136693269 27.379549980163574
103 1521.4727300000004 4852.6627789 8347305.727901199 27.639668941497803
104 1521.4727300000004 5213.776392400001 8911377.907955475 27.905921936035156
105 1521.4727300000004 5099.8305968 8875116.26414523 28.17256498336792
106 1521.4727300000004 5241.906880700001 9251593.013438597 28.441098928451538
107 1521.4727300000004 4477.9683049000005 7388391.494930273 28.698626041412354
108 1521.4727300000004 4600.4132773 7222943.138586792 28.961788177490234
109 1521.4727300000004 4587.391719499999 7807990.13027249 29.218889951705933
110 1521.4727300000004 4757.561138300001 8139693.076482679 29.479334115982056
111 1521.4727300000004 5354.157297500002 9225486.736514594 29.74573802947998
112 1521.4727300000004 5140.1621208000015 8728734.395887267 30.009071111679077
113 1516.7730000000008 5324.612415400002 7420226.172477135 30.273890018463135
114 1516.7730000000008 4660.8836647 8290301.536058328 30.52859902381897
115 1516.7730000000008 4968.445835300001 7915495.154844321 30.808824062347412
116 1516.7730000000008 5421.005614400001 7807218.290614008 31.082700967788696
117 1516.7730000000008 5180.612289500002 7920400.505519849 31.35151195526123
118 1516.7730000000008 4990.589028200001 7989626.813971693 31.616039991378784
119 1516.7730000000008 4764.5193039000005 7511704.2261806205 31.875843048095703
120 1516.7730000000008 4444.859985900001 8032186.32391297 32.13471007347107
121 1516.7730000000008 4500.144103400001 7699191.249657967 32.397804975509644
122 1516.7730000000008 5145.995018500002 9117114.38177668 32.66815900802612
123 1516.7730000000008 5244.9460204000015 9884547.224498669 32.93391513824463
124 1516.7730000000008 5559.383010400001 9121977.835231088 33.207242012023926
125 1516.7730000000008 5237.5151472000025 8590258.822587244 33.470690965652466
126 1516.7730000000008 4883.977849300001 7267514.382963128 33.734557151794434
127 1516.7730000000008 4638.753113400001 7966448.43293668 33.99717712402344
128 1516.7730000000008 4903.285755000002 9143282.091785785 34.25548005104065
129 1516.7730000000008 5091.672218900001 9431487.998958781 34.51371097564697
130 1516.7730000000008 5015.9835621 10189603.299672402 34.77763295173645
131 1516.7730000000008 4599.931227900001 8757600.539018078 35.029362201690674
132 1516.7730000000008 4866.837817900002 9230344.819145337 35.29168891906738
133 1516.7730000000008 4580.705359100001 7801091.388749164 35.55186200141907
134 1516.7730000000008 4748.314135900001 7236828.095284699 35.813323974609375
135 1516.7730000000008 4838.036234600001 8060011.093761754 36.07065010070801
136 1516.7730000000008 4984.103225700001 8158703.322759496 36.332802057266235
137 1516.7730000000008 4636.350667200001 8083439.639138976 36.58955001831055
138 1516.7730000000008 5236.866557600002 8068792.465178209 36.859554052352905
139 1516.7730000000008 5224.7262331 8556980.096934536 37.124407052993774
140 1516.7730000000008 5227.371398800001 8051637.774056528 37.39059925079346
141 1516.7730000000008 4838.845170500001 8723271.036138434 37.65056300163269
142 1516.7730000000008 4679.624554100001 7043279.046822038 37.912166118621826
143 1516.7730000000008 5012.240885100002 8220053.690567011 38.184131145477295
144 1516.7730000000008 5061.135484900002 9768091.501394844 38.45184111595154
145 1516.7730000000008 4625.2712072 8049774.478334776 38.71334910392761
146 1516.7730000000008 4995.349866800001 8024169.09871453 38.97859001159668
147 1516.7730000000008 5102.779441100001 9511499.862157404 39.23927116394043
148 1516.7730000000008 5290.380826100001 9702117.890023954 39.502939224243164
149 1516.7730000000008 5408.028256300001 8967588.16279561 39.768922090530396
150 1516.7730000000008 5197.884214400001 8976904.528329408 40.03509497642517
151 1516.7730000000008 4457.591981200001 8231375.44887133 40.300148010253906
152 1516.7730000000008 4788.558472500001 7801172.566142383 40.56256890296936
153 1516.7730000000008 5122.719549 7290850.100559508 40.825186014175415
154 1516.7730000000008 5245.1744943 7828248.779422838 41.09028911590576
155 1516.7730000000008 5300.0326007 8150207.891959504 41.357950925827026
156 1516.7730000000008 5060.5214278 8239836.064432195 41.61998105049133
157 1516.7730000000008 5340.029564600001 10800191.500766087 41.8857159614563
158 1516.7730000000008 5566.110040200001 9841467.588428749 42.151899099349976
159 1516.7730000000008 5042.631296500002 8355425.23992481 42.413297176361084
160 1516.7730000000008 5335.029320500001 9271398.118479505 42.680559158325195
161 1516.7730000000008 5197.080954600001 8744554.187340975 42.94457387924194
162 1516.7730000000008 5045.1414622 7789531.970967807 43.20891809463501
163 1516.7730000000008 4962.476748100001 8725616.80761429 43.47912812232971
164 1516.7730000000008 4529.927356000001 7533504.933171301 43.73891305923462
165 1516.7730000000008 4759.0235727 7713179.622908408 43.99983620643616
166 1516.7730000000008 4747.8497709 7947422.850717298 44.26589012145996
167 1516.7730000000008 4797.682043600001 7967346.997264657 44.5288610458374
168 1516.7730000000008 4908.647461700001 7881774.210191076 44.79102897644043
169 1516.7730000000008 4891.438599500001 7942673.390644247 45.052018880844116
170 1516.7730000000008 5026.3741404 8638546.321397243 45.32470393180847
171 1516.7730000000008 4811.032453000001 7757058.537836501 45.58467698097229
172 1516.7730000000008 5199.443776300001 8368180.816373071 45.849740982055664
173 1516.7730000000008 4683.959586100001 9138038.147497904 46.113337993621826
174 1516.7730000000008 4640.0237162 8917159.988163954 46.36851096153259
175 1516.7730000000008 4730.113036700001 9094134.315019391 46.627070903778076
176 1516.7730000000008 5194.120147500001 9979817.794252358 46.890578269958496
177 1516.7730000000008 4927.3107859 9916854.056577751 47.15116500854492
178 1516.7730000000008 4675.2577783000015 8655037.477155399 47.40815210342407
179 1516.7730000000008 4795.839257600001 8073840.822075188 47.673851013183594
180 1516.7730000000008 4759.185918300001 8357075.86143158 47.93288016319275
181 1516.7730000000008 4700.8431621 8075174.26183644 48.19116687774658
182 1516.7730000000008 5119.7002775 9088359.14785629 48.45761299133301
183 1516.7730000000008 5364.3690148 9887165.423330942 48.72313117980957
184 1516.7730000000008 5368.534423200001 9597580.429889621 48.98861503601074
185 1516.7730000000008 5114.302036500001 10206283.379511673 49.25070405006409
186 1516.7730000000008 4612.223828900001 9071558.765447741 49.51107716560364
187 1516.7730000000008 5013.864013200001 8737914.270517731 49.77574706077576
188 1516.7730000000008 4993.2876 9094896.22270039 50.041218996047974
189 1516.7730000000008 4907.812451000001 9181878.723906277 50.299888134002686
190 1516.7730000000008 5145.488076500001 8991448.580656081 50.564703941345215
191 1516.7730000000008 5236.1682011 8621592.130674517 50.83108401298523
192 1516.7730000000008 5157.935191900001 8804986.61013656 51.09478497505188
193 1516.7730000000008 5127.020827100002 9650655.412666352 51.363407135009766
194 1516.7730000000008 5086.6225828000015 8546024.085221335 51.62669801712036
195 1516.7730000000008 5002.710434200001 8766151.446478935 51.88855600357056
196 1516.7730000000008 4902.638881500001 7987226.852118323 52.15715003013611
197 1516.7730000000008 5139.894235100001 9338059.07859609 52.42053008079529
198 1516.7730000000008 5003.564717300001 8722383.584586028 52.68245601654053
199 1516.7730000000008 4494.7109500999995 7295485.668509999 52.93984293937683
200 1516.7730000000008 4840.915429000001 7520753.113676394 53.19957900047302
201 1516.7730000000008 4802.659183300001 8280231.6733427 53.46127104759216
202 1516.7730000000008 4861.4676515 8689085.178898238 53.72897410392761
203 1516.7730000000008 5007.6263776000005 8305592.52211463 53.99232506752014
204 1516.7730000000008 4982.9378856 9601550.162118118 54.2553870677948
205 1516.7730000000008 5170.720208800001 9097645.316656595 54.52361011505127
206 1516.7730000000008 5102.1718113000015 8822549.48321524 54.783589124679565
207 1516.7730000000008 4419.160588000001 7439745.339368199 55.04646611213684
208 1516.7730000000008 4245.5923296 7431121.273371871 55.301656007766724
209 1516.7730000000008 4564.782289100001 7487751.609530394 55.56808018684387
210 1516.7730000000008 4785.1757204000005 7165447.473915177 55.829392194747925
211 1516.7730000000008 4723.328579700001 8117128.353457025 56.09309506416321
212 1516.7730000000008 5393.2584596000015 9074698.588078564 56.3607759475708
213 1516.7730000000008 4961.9369303 7131149.655173243 56.62517499923706
214 1516.7730000000008 4992.795325700001 8034591.383411327 56.88978290557861
215 1516.7730000000008 5042.9597268 8123092.670318591 57.15443515777588
216 1516.7730000000008 4984.0099316000005 8464942.712176943 57.42168211936951
217 1516.7730000000008 4789.993234600001 8368284.910627513 57.68010997772217
218 1516.7730000000008 4866.139280700001 8582631.232262298 57.94121313095093
219 1516.7730000000008 5302.780422400001 7353611.3521374585 58.20379590988159
220 1516.7730000000008 4715.799814000001 8130224.352401179 58.46492600440979
221 1516.7730000000008 4666.861059 7876715.471354625 58.725741147994995
222 1516.7730000000008 4943.687742600001 7250884.663885002 58.99061393737793
223 1516.7730000000008 4949.305510600001 8500860.446742183 59.254806995391846
224 1516.7730000000008 4670.942957700001 7270128.847190869 59.507057189941406
225 1516.7730000000008 4847.2570463 7041732.410899924 59.766072034835815
226 1516.7730000000008 4590.041861500001 7266423.975565839 60.02171802520752
227 1516.7730000000008 4722.3092309 8705867.277852848 60.280070066452026
228 1516.7730000000008 4883.337861700001 9435127.638820954 60.54558610916138
229 1516.7730000000008 5022.7151760000015 8993358.780030232 60.80589509010315
230 1516.7730000000008 5391.417452300001 9695469.86085524 61.07083702087402
231 1516.7730000000008 5057.654975700001 9516169.167792821 61.331581830978394
232 1516.7730000000008 4889.2192344000005 7836723.8799549425 61.60316014289856
233 1516.7730000000008 4798.369560000001 8343189.70613478 61.867465019226074
234 1516.7730000000008 5180.726050300001 9048338.453778699 62.130594968795776
235 1516.7730000000008 4897.7785042000005 8758213.95651528 62.39024901390076
236 1516.7730000000008 4476.7408213 8840497.291817907 62.644829988479614
237 1516.7730000000008 4888.042831000001 8711594.870558098 62.90236520767212
238 1516.7730000000008 5066.069211400001 9170998.88034023 63.15963697433472
239 1516.7730000000008 5179.183080800001 8863244.831490956 63.41811919212341
240 1516.7730000000008 5467.4797991 8509982.119046405 63.68008303642273
241 1516.7730000000008 5344.303080900002 9021893.673477663 63.94536805152893
242 1516.7730000000008 5184.528535100001 8629469.317082964 64.20509910583496
243 1516.7730000000008 4930.601207900001 9374018.442130338 64.45999312400818
244 1516.7730000000008 5237.641407300001 8662802.923771892 64.71898603439331
245 1516.7730000000008 4872.4787566 8290565.67562802 64.97791886329651
246 1516.7730000000008 4951.691107400001 8370296.174952149 65.2369430065155
247 1516.7730000000008 4747.181212700001 8818896.38528592 65.49498009681702
248 1516.7730000000008 5331.5429321 9188922.955819793 65.75545382499695
249 1516.7730000000008 4948.521166 8897737.720999647 66.01753497123718
1516.7730000000008 66.27199697494507
2
0 9223372036854775807 9995.515031400002 982363.5447056456 0.20914697647094727
1 2728.841759999998 9477.138586000005 1369700.9301970906 0.5518858432769775
2 2137.1238000000003 7793.647845000002 6388090.866822639 0.8543119430541992
3 1747.52238 6459.641977800002 7181428.482097029 1.1315529346466064
4 1622.8451499999999 6218.133836400002 9049661.89043625 1.4010648727416992
5 1622.8451499999999 5637.7175646000005 9970471.787513873 1.6656467914581299
6 1577.4242599999995 4819.910835300001 9239173.433178598 1.9213919639587402
7 1577.4242599999995 5212.6302615 9584845.268085634 2.1860098838806152
8 1543.8933899999995 4766.732508700002 8808566.883451238 2.446974992752075
9 1543.8933899999995 4756.242782200001 9183219.770662457 2.712019920349121
10 1543.8933899999995 4501.2767334 8098496.2552173445 2.969742774963379
11 1542.6803199999997 4693.796976900001 7680966.060137448 3.2323977947235107
12 1542.6803199999997 4822.241215000001 7635662.327714346 3.49354887008667
13 1542.6803199999997 4835.789805300001 8295998.909564315 3.756028890609741
14 1542.6803199999997 5067.3845595 7834401.16488384 4.023500680923462
15 1542.6803199999997 5085.376789000001 7775177.513854222 4.2857959270477295
16 1542.6803199999997 5316.582849100002 8449691.581232145 4.555684804916382
17 1542.6803199999997 5263.7385877000015 8036492.235642113 4.82096791267395
18 1542.6803199999997 4968.077831200001 8486181.515985232 5.0963521003723145
19 1542.6803199999997 5165.5886691000005 8159054.223782301 5.36729884147644
20 1542.6803199999997 5402.574448900003 8644848.522820482 5.634763956069946
21 1542.6803199999997 5674.569250900002 8037421.217145154 5.901855945587158
22 1542.6803199999997 5016.353148900001 8346707.44595165 6.168869972229004
23 1542.6803199999997 4966.277079600001 8467472.917523362 6.427093982696533
24 1542.6803199999997 5314.4285805 8488499.954174899 6.692172050476074
25 1542.6803199999997 5083.0316950000015 7538089.285265701 6.95366096496582
26 1542.6803199999997 4645.114347500001 6775340.113388448 7.207828998565674
27 1542.6803199999997 4940.319076400001 7580423.5507653365 7.46813178062439
28 1542.6803199999997 4993.879566500002 8657999.965342218 7.723804950714111
29 1542.6803199999997 4791.1525673000015 9361023.930281075 7.985018968582153
30 1542.6803199999997 4742.861617300002 7945497.639143864 8.244262933731079
31 1542.6803199999997 4651.303728700002 6970915.694806083 8.49878191947937
32 1542.6803199999997 4989.745482900002 8444764.04411947 8.757017850875854
33 1542.6803199999997 4787.102532900001 8093756.029428324 9.017238855361938
34 1542.6803199999997 4735.710964300001 7700613.093448273 9.276557922363281
35 1542.6803199999997 4695.828448000001 8926844.607443484 9.529727935791016
36 1542.6803199999997 4598.192134700001 6966491.120534126 9.78335189819336
37 1542.6803199999997 4706.4203913 8138579.538250609 10.038797855377197
38 1542.6803199999997 4835.1244317 8582904.386451997 10.296741962432861
39 1542.6803199999997 5152.7388443 8241264.036795407 10.556457042694092
40 1542.6803199999997 4804.4077352 7670546.251280551 10.81337594985962
41 1542.6803199999997 5490.825293000002 8556108.661058864 11.076864957809448
42 1533.4919199999995 5461.1991209000025 9165482.868853008 11.340598106384277
43 1533.4919199999995 5618.6735276 9095031.120768823 11.60847783088684
44 1533.4919199999995 5061.7854309 9534027.649889834 11.874218940734863
45 1533.4919199999995 4702.972982200001 8433615.6522401 12.13580584526062
46 1533.4919199999995 4728.0836232 8191126.075251863 12.401598930358887
47 1533.4919199999995 5330.670943500001 7527849.70638211 12.667922019958496
48 1533.4919199999995 5343.370854700001 7989832.751878539 12.930909872055054
49 1533.4919199999995 5187.617251200001 8192859.858860369 13.192460775375366
50 1528.46608 5140.039434300001 7974322.228721025 13.452189922332764
51 1528.46608 5271.044732700002 8829664.568395007 13.717666864395142
52 1516.7730000000008 5070.685658900001 7774895.10975136 13.98148775100708
53 1516.7730000000008 4858.77947 8034279.54758364 14.243478775024414
54 1516.7730000000008 5232.984619500001 8489121.640247155 14.51118278503418
55 1516.7730000000008 4990.053983000001 8601222.165232908 14.773386001586914
56 1516.7730000000008 5028.230668700001 7443157.896744893 15.040478944778442
57 1516.7730000000008 4782.121114800001 7885358.302861643 15.296700954437256
58 1516.7730000000008 4598.634100700001 8734040.084412696 15.553725004196167
59 1516.7730000000008 4497.492534200001 7920059.328577933 15.807141780853271
60 1516.7730000000008 4864.1139204 8131675.06867748 16.063113927841187
61 1516.7730000000008 4944.118964400001 7759065.971453006 16.32302689552307
62 1516.7730000000008 4935.381750400001 6187550.1950189015 16.58487296104431
63 1516.7730000000008 5034.601400300002 8217302.381506206 16.84551501274109
64 1516.7730000000008 5158.304278500001 8904313.213614471 17.107913970947266
65 1516.7730000000008 5059.577307800002 8610669.389791751 17.368945837020874
66 1516.7730000000008 5393.435507400002 9281022.91979719 17.630692958831787
67 1516.7730000000008 4742.164426000001 10368952.930636514 17.886140823364258
68 1516.7730000000008 5187.121648200001 10428082.967241865 18.14651083946228
69 1516.7730000000008 5042.866124600001 8334388.836465075 18.408350944519043
70 1516.7730000000008 4501.4015582 8006656.373244911 18.66344976425171
71 1516.7730000000008 4494.737093 7783456.916165955 18.915735721588135
72 1516.7730000000008 4483.505145500001 8693922.76296574 19.166501760482788
73 1516.7730000000008 4702.985485100002 8700900.82226308 19.425041913986206
74 1516.7730000000008 5325.176962000001 8282127.750538137 19.690141916275024
75 1516.7730000000008 5184.951723700002 8121862.651024712 19.952534675598145
76 1516.7730000000008 5232.393940500001 8503898.033925861 20.21188473701477
77 1516.7730000000008 5365.269378400001 9788412.06951421 20.474719047546387
78 1516.7730000000008 5088.6049067 8759806.022533799 20.73741888999939
79 1516.7730000000008 5011.603950100001 7752162.302364606 20.995476961135864
80 1516.7730000000008 5148.023721700001 8568580.586942993 21.259976863861084
81 1516.7730000000008 5412.852730200001 7344596.76236188 21.521230936050415
82 1516.7730000000008 5145.0135514 7377295.245435733 21.781835079193115
83 1516.7730000000008 4818.574805500001 8443472.041188285 22.04020094871521
84 1516.7730000000008 4648.604054600001 6735490.1601857245 22.29237389564514
85 1516.7730000000008 4631.7523446000005 7712363.069750614 22.545325756072998
86 1516.7730000000008 4791.127861500001 8324892.218885443 22.80399990081787
87 1516.7730000000008 4846.4501889 8718269.835910318 23.0617458820343
88 1516.7730000000008 4459.524408 8827902.28994733 23.311007976531982
89 1516.7730000000008 4671.4327345 7786131.785775754 23.56526279449463
90 1516.7730000000008 4896.408591100001 7815142.701542389 23.827130794525146
91 1516.7730000000008 4731.526041500001 7211500.741679992 24.083852767944336
92 1516.7730000000008 5465.201405400002 9729357.487513885 24.348435878753662
93 1516.7730000000008 5621.048834900001 9464699.256850632 24.61680793762207
94 1516.7730000000008 4847.510974000001 8106050.553531962 24.873263835906982
95 1516.7730000000008 4895.3125926 7375599.403415756 25.13303565979004
96 1516.7730000000008 4766.0666999000005 7477522.000723703 25.38760495185852
97 1516.7730000000008 5154.572974500001 8671062.006721795 25.647478103637695
98 1516.7730000000008 4862.4552615 8630720.071105672 25.905440092086792
99 1516.7730000000008 5130.7268362 9206881.94589329 26.16723370552063
100 1516.7730000000008 5039.008172200001 9430597.467094947 26.423399925231934
101 1516.7730000000008 4929.747662000002 9037120.033334076 26.683565855026245
102 1516.7730000000008 4760.937090000001 8491006.125973834 26.941333055496216
103 1516.7730000000008 5115.3873853000005 9508716.880975896 27.199211835861206
104 1516.7730000000008 5046.988556800002 9290569.895675112 27.45812201499939
105 1516.7730000000008 5021.07947 9603733.773811815 27.720744848251343
106 1516.7730000000008 5089.3246328000005 8962814.590132885 27.981343984603882
107 1516.7730000000008 5228.175863700001 9242284.05018047 28.242029905319214
108 1516.7730000000008 5363.618727300001 9556882.024993783 28.504440784454346
109 1516.7730000000008 4912.239533400002 8026695.336187471 28.76077699661255
110 1516.7730000000008 4569.080728900001 6572710.306150024 29.014142990112305
111 1516.7730000000008 4859.418060400001 8337408.312568191 29.27148985862732
112 1516.7730000000008 4609.210969600001 8604966.605144734 29.527692079544067
113 1516.7730000000008 4848.088836400002 7930745.00849947 29.784422874450684
114 1516.7730000000008 4767.037670200001 7358624.983371015 30.043012857437134
115 1516.7730000000008 4424.035835300001 7964326.769499912 30.297136783599854
116 1516.7730000000008 4623.0917104 8524170.832891637 30.55256676673889
117 1516.7730000000008 4788.294772300002 7611606.072997482 30.804933786392212
118 1516.7730000000008 4967.079237300001 8405772.241779445 31.0642409324646
119 1516.7730000000008 5053.034103400002 8727035.058271114 31.32327890396118
120 1516.7730000000008 5315.9764772 8520858.356103854 31.586133003234863
121 1516.7730000000008 5389.337004100002 7274171.691738678 31.85031509399414
122 1516.7730000000008 5192.360137200001 7539531.5231590625 32.111083030700684
123 1516.7730000000008 5224.1310561 8502189.060254693 32.37106990814209
124 1516.7730000000008 5450.644982300001 9005172.610364199 32.637393951416016
125 1516.7730000000008 5247.473656700002 8402016.673269376 32.89905381202698
126 1516.7730000000008 4944.339929700001 8745231.190969076 33.159264087677
127 1516.7730000000008 4982.074426400001 8651167.529643828 33.41681098937988
128 1516.7730000000008 5011.513653200002 8818268.512580618 33.67646789550781
129 1516.7730000000008 4968.954272600001 9293442.751200758 33.93720602989197
130 1516.7730000000008 5031.357165200001 9486270.25007007 34.19520688056946
131 1516.7730000000008 5079.605191100001 9093916.112492818 34.453896045684814
132 1516.7730000000008 5288.0247733000015 9508393.099316033 34.71731209754944
133 1516.7730000000008 4818.5251996000015 7547317.6791849425 34.976067781448364
134 1516.7730000000008 4760.428476100001 8592099.336958248 35.234904766082764
135 1516.7730000000008 4892.074864700002 9061860.067539867 35.49205684661865
136 1516.7730000000008 4929.028876 9545019.304586582 35.75138592720032
137 1516.7730000000008 4992.9986302000025 8703918.216948455 36.0111780166626
138 1516.7730000000008 5273.536912400001 8367251.178300544 36.27632784843445
139 1516.7730000000008 5101.142419800001 8531808.652167263 36.53987789154053
140 1516.7730000000008 5504.267707500001 9733075.435174102 36.803810834884644
141 1516.7730000000008 5377.834772600002 9151041.669247797 37.07085990905762
142 1516.7730000000008 5248.3384289000005 8474661.650259225 37.33900284767151
143 1516.7730000000008 5022.367174100003 9691208.249467522 37.600037813186646
144 1516.7730000000008 5165.970726700001 9416658.024066105 37.86089777946472
145 1516.7730000000008 5114.319130400001 9841432.625950288 38.12069082260132
146 1516.7730000000008 5512.4513744000005 10149738.445210462 38.38485884666443
147 1516.7730000000008 4838.758611600001 8894768.955188395 38.641315937042236
148 1516.7730000000008 4915.745358600001 9669241.393996947 38.89619302749634
149 1516.7730000000008 5387.827661400001 9823777.6034083 39.16212582588196
150 1516.7730000000008 5303.936340300002 9793448.363110356 39.423197984695435
151 1516.7730000000008 5338.911897 9106748.229183929 39.686315059661865
152 1516.7730000000008 5265.891902900002 9283041.864543177 39.94818592071533
153 1516.7730000000008 4718.763135100001 8416628.097140547 40.203407764434814
154 1516.7730000000008 4602.853479200001 8526011.585791185 40.456459045410156
155 1516.7730000000008 4526.624624800002 7606469.718085877 40.711588859558105
156 1516.7730000000008 4784.2684599 7659748.663674857 40.96942591667175
157 1516.7730000000008 4526.789621600001 8290843.113723087 41.22641682624817
158 1516.7730000000008 4461.586751500001 8640652.427705145 41.484123945236206
159 1516.7730000000008 4920.866266500001 8735950.60136322 41.74676489830017
160 1516.7730000000008 5217.545564500001 9504793.605219107 42.010371923446655
161 1516.7730000000008 4760.0376134 9212530.155288545 42.267661809921265
162 1516.7730000000008 4896.446994600002 9650612.518556584 42.52348279953003
163 1516.7730000000008 5058.902229900002 9667903.95631896 42.787765979766846
164 1516.7730000000008 5117.869329600001 8068884.890762012 43.05395293235779
165 1516.7730000000008 5686.652876100003 8979900.859236222 43.321589946746826
166 1516.7730000000008 5154.771003300001 8467097.914267337 43.58455681800842
167 1516.7730000000008 5082.040338500001 9037510.966518277 43.844552993774414
168 1516.7730000000008 5341.209990300002 9112252.448606607 44.10937285423279
169 1516.7730000000008 5495.249839600001 9635150.990043618 44.37500596046448
170 1516.7730000000008 5016.086673200001 8823165.203691237 44.63288497924805
171 1516.7730000000008 5072.568171600001 8257291.218482104 44.89067602157593
172 1516.7730000000008 5118.576933000001 7155653.791462975 45.15307283401489
173 1516.7730000000008 5259.686019000002 7893144.4139435915 45.414904832839966
174 1516.7730000000008 5203.065644900001 8819073.217073334 45.68095898628235
175 1516.7730000000008 5382.969472600002 7785291.317227245 45.94510006904602
176 1516.7730000000008 5256.683289100001 9129365.897198921 46.207884073257446
177 1516.7730000000008 5296.298237900001 11601687.379098345 46.46749687194824
178 1516.7730000000008 4886.848127700001 10053731.387950419 46.72661304473877
179 1516.7730000000008 4606.170257200001 9050545.774623837 46.981898069381714
180 1516.7730000000008 5104.0773653000015 9418504.411290191 47.24358892440796
181 1516.7730000000008 5176.324918800002 8218564.323900627 47.503766775131226
182 1516.7730000000008 4900.939072800003 9341181.162899053 47.76533579826355
183 1516.7730000000008 4272.029312500001 8324000.102083856 48.018572092056274
184 1516.7730000000008 4406.276203000001 8186206.728436613 48.27200889587402
185 1516.7730000000008 4456.902793800001 7846553.445476463 48.524800062179565
186 1516.7730000000008 4157.6751473 7471037.671860755 48.77434587478638
187 1516.7730000000008 4617.5744957000015 7254038.265892161 49.03162884712219
188 1516.7730000000008 4639.428790000001 7650974.32966455 49.287862062454224
189 1516.7730000000008 5020.035216200002 9534066.281245604 49.54809093475342
190 1516.7730000000008 4728.977563700001 8905795.44799331 49.80194687843323
191 1516.7730000000008 5168.939001500001 8885897.73413644 50.0624840259552
192 1516.7730000000008 5567.856790800001 10270527.383344946 50.32699799537659
193 1516.7730000000008 5541.8884165 9320198.964954808 50.59956192970276
194 1516.7730000000008 5522.326174500002 8907142.718745595 50.87530493736267
195 1516.7730000000008 5358.375237700001 8462587.229282357 51.20099902153015
196 1516.7730000000008 5194.9209138000015 9280615.60881516 51.47814083099365
197 1516.7730000000008 4844.379833100002 8689198.93195528 51.743544816970825
198 1516.7730000000008 4853.843632200002 9055972.402233113 52.009970903396606
199 1516.7730000000008 5218.1846808 8823688.299209166 52.27383995056152
200 1516.7730000000008 5131.0294399 8829591.36459244 52.5397047996521
201 1516.7730000000008 5338.961727500002 8906751.313377984 52.80216193199158
202 1516.7730000000008 5395.520392900002 8639385.270211322 53.066421031951904
203 1516.7730000000008 5086.8107944 8710472.97920357 53.36375689506531
204 1516.7730000000008 4923.4091262 8033305.262868494 53.622166872024536
205 1516.7730000000008 4901.7866245000005 7999895.103605796 53.88038873672485
206 1516.7730000000008 5094.2803172 8618857.50832725 54.13893485069275
207 1516.7730000000008 5379.826415500001 9554071.785444874 54.41014790534973
208 1516.7730000000008 5627.213262500001 9699339.297388025 54.67872381210327
209 1516.7730000000008 5759.570858700002 9878088.157439027 54.94803786277771
210 1516.7730000000008 5390.9666784 9315727.177598007 55.21053075790405
211 1516.7730000000008 5700.6182868000005 8462333.929506825 55.47750401496887
212 1516.7730000000008 5814.7319296999995 8768467.49912014 55.7486526966095
213 1516.7730000000008 5188.4575608000005 9026940.91850496 56.01183485984802
214 1516.7730000000008 4846.019771500001 8838950.461212872 56.271337032318115
215 1516.7730000000008 5330.503705100002 8836934.101483814 56.53695273399353
216 1516.7730000000008 4964.653392100001 9013354.174598586 56.83656597137451
217 1516.7730000000008 4736.660757900001 8044133.669373128 57.095059871673584
218 1516.7730000000008 4778.102099000001 9161745.466836153 57.352864027023315
219 1516.7730000000008 4621.363691500001 8234376.248957708 57.60657787322998
220 1516.7730000000008 4329.6303392 7455265.937520366 57.85807490348816
221 1516.7730000000008 4559.391427400002 7681902.9253509 58.11330795288086
222 1516.7730000000008 4267.248764700002 7140195.061907457 58.36771368980408
223 1516.7730000000008 4535.1743292 8388359.957513856 58.62268686294556
224 1516.7730000000008 4589.018163200001 7355620.130230521 58.87659287452698
225 1516.7730000000008 4919.644987900001 8288895.15749775 59.13719201087952
226 1516.7730000000008 5386.174913400001 9032248.594689 59.39988684654236
227 1516.7730000000008 5413.949878100002 9409158.389983505 59.66539192199707
228 1516.7730000000008 5285.920292600001 9890062.571578916 59.92613983154297
229 1516.7730000000008 5560.371819000002 8119000.864089031 60.19266390800476
230 1516.7730000000008 5054.114501000001 9746904.15090665 60.45085287094116
231 1516.7730000000008 5080.268238300001 9508852.487225676 60.712317943573
232 1516.7730000000008 5048.288368300001 9529124.075025555 60.97074794769287
233 1516.7730000000008 5006.207701200001 8870653.312814506 61.231626987457275
234 1516.7730000000008 4655.193008300001 7933060.342921827 61.49066090583801
235 1516.7730000000008 4606.597604500001 8060642.102770976 61.74552893638611
236 1516.7730000000008 5095.893585400002 9188483.520604594 62.00664186477661
237 1516.7730000000008 4820.521731500001 9160212.784471866 62.2669198513031
238 1516.7730000000008 5032.676034800001 8672886.804001385 62.530088901519775
239 1516.7730000000008 4887.373179000001 8793189.618051507 62.79257082939148
240 1516.7730000000008 4785.5897424 9046933.326898918 63.049160957336426
241 1516.7730000000008 5009.3517166 9526458.874778315 63.30928182601929
242 1516.7730000000008 4928.209494700001 8698717.109655391 63.566184997558594
243 1516.7730000000008 4944.4127459 8351386.347075944 63.82814598083496
244 1516.7730000000008 5341.669319900002 8093343.446751546 64.09323978424072
245 1516.7730000000008 5426.849077500003 8315216.3900361825 64.36601090431213
246 1516.7730000000008 5434.9006581 9037315.44546561 64.63229584693909
247 1516.7730000000008 5271.2015578 9477139.869577227 64.89631009101868
248 1516.7730000000008 4911.668870700001 9024113.364630474 65.16555976867676
249 1516.7730000000008 5054.595665000001 8689776.521720152 65.42769169807434
1516.7730000000008 65.68994283676147
3
0 9223372036854775807 9777.455198400003 973187.3979827359 0.2060251235961914
1 2882.11936 9341.3772787 1122233.7515317458 0.563164234161377
2 2133.5716399999997 7541.719775100001 5800584.28498065 0.863666296005249
3 1790.7820599999989 6830.178757000001 7042498.760061998 1.1428380012512207
4 1700.1450799999989 6309.720885700001 8679481.19849249 1.4125211238861084
5 1700.1450799999989 6040.519326500001 9318862.653177379 1.6829140186309814
6 1631.0574399999994 5966.4295544000015 9830423.052570084 1.9519670009613037
7 1631.0574399999994 5723.128105200001 9636929.188505482 2.2176260948181152
8 1619.055479999999 5612.9430325 8176768.915039349 2.482952356338501
9 1619.055479999999 5263.6495788 7270399.5973235285 2.7438621520996094
10 1572.0868499999997 5139.3764987 7945892.893220049 3.002352237701416
11 1572.0868499999997 5100.2563655 7836413.33650217 3.2636311054229736
12 1572.0868499999997 5305.741749700001 8272096.3402285585 3.524660110473633
13 1572.0868499999997 5201.421065200001 8141283.68357867 3.785234212875366
14 1572.0868499999997 4862.530822100002 7372819.4353257045 4.042840242385864
15 1572.0868499999997 5144.520990700001 9106116.744644204 4.302319288253784
16 1572.0868499999997 4944.677872600001 8566141.640434736 4.559117078781128
17 1542.6803199999997 4918.883895700002 8452669.096888997 4.8163840770721436
18 1542.6803199999997 5114.526376900001 7667671.3952494385 5.077093124389648
19 1542.6803199999997 5210.955557600001 8054646.654259404 5.337238073348999
20 1542.6803199999997 5273.083524900001 8118763.090426459 5.598032236099243
21 1542.6803199999997 4726.7372511 7605104.039528854 5.856056213378906
22 1542.6803199999997 5291.902349300001 8122375.5929871015 6.117470026016235
23 1542.6803199999997 5045.044674000002 8529011.923946803 6.379218339920044
24 1542.6803199999997 5206.084155400001 7593871.762897073 6.640763282775879
25 1542.6803199999997 5418.576543500001 7969750.609183917 6.905166149139404
26 1542.6803199999997 5152.649443900002 7666068.490539897 7.1672141551971436
27 1542.6803199999997 5318.211284900001 7744791.610138843 7.428755283355713
28 1542.6803199999997 5016.153967100001 7220573.171164471 7.686301231384277
29 1542.6803199999997 4585.0425639000005 6891842.446966038 7.9403603076934814
30 1542.6803199999997 4595.704220800002 7876583.521170561 8.195143222808838
31 1542.6803199999997 4613.151216800002 7289762.62756489 8.450936079025269
32 1542.6803199999997 4799.9190247000015 7616995.398856068 8.706415176391602
33 1542.6803199999997 4865.689677800002 8604542.722969852 8.960774183273315
34 1542.6803199999997 4745.9527083 8195615.6405368885 9.2159743309021
35 1542.6803199999997 4974.2343841 7819190.555819456 9.474821090698242
36 1542.6803199999997 5250.292187100002 7743639.5327173425 9.73526120185852
37 1542.6803199999997 4879.280261600001 7956543.796863551 9.992061376571655
38 1542.6803199999997 4914.5884499 8514769.03549914 10.24953818321228
39 1542.6803199999997 5390.921551600002 9257452.776892113 10.510049104690552
40 1542.6803199999997 5302.899134200003 8691612.350595403 10.773585319519043
41 1542.6803199999997 5119.272759600001 8924054.169847028 11.032886028289795
42 1542.6803199999997 5202.833884500002 9474023.18839523 11.308804273605347
43 1542.6803199999997 5320.808581900002 8957316.67650988 11.574650287628174
44 1542.6803199999997 5344.225531000003 8768432.612816004 11.838980197906494
45 1542.6803199999997 5100.462683900002 7771739.802325492 12.10040807723999
46 1542.6803199999997 5536.120927000002 9435105.91967131 12.366584062576294
47 1542.6803199999997 5793.148200800001 8492043.459802838 12.63260006904602
48 1542.6803199999997 5221.8310527 9013784.886820186 12.894820213317871
49 1542.6803199999997 5146.712039000001 8503324.067232758 13.154151201248169
50 1542.6803199999997 4814.376966700001 7741615.318080084 13.41177225112915
51 1542.6803199999997 4908.246914300002 8898109.114614958 13.66709303855896
52 1542.6803199999997 4583.011863700001 7095566.919545443 13.922449111938477
53 1542.6803199999997 5046.417863300001 7721610.698618326 14.182062149047852
54 1542.6803199999997 5118.592309500001 8619469.06813477 14.442610263824463
55 1542.6803199999997 4674.783638100001 8000645.855431196 14.693397998809814
56 1542.6803199999997 4675.380996400001 8125184.1781233 14.949557065963745
57 1542.6803199999997 4982.107302900001 7136928.115615152 15.207242965698242
58 1542.6803199999997 4847.126180000001 6654431.638872761 15.463971138000488
59 1542.6803199999997 4758.735728000002 8010665.593181292 15.718094110488892
60 1542.6803199999997 4896.874351500001 7788788.324531067 15.978322267532349
61 1542.6803199999997 4499.415628600002 7301239.301777818 16.229649305343628
62 1542.6803199999997 4880.5797153 7599563.0525949905 16.485048055648804
63 1542.6803199999997 4890.6793796 6941529.638468809 16.74303913116455
64 1542.6803199999997 4795.604338200001 7572842.810776239 16.999284982681274
65 1542.6803199999997 4664.760433200002 8183678.416237686 17.253643035888672
66 1542.6803199999997 4889.289335700001 8492492.971369034 17.512258052825928
67 1542.6803199999997 5025.4665651000005 9089745.63341846 17.771721124649048
68 1542.6803199999997 5107.431301400002 8626801.42601901 18.03346824645996
69 1542.6803199999997 4402.2526407000005 7740459.829546268 18.284237146377563
70 1542.6803199999997 4664.2714786000015 9320427.881610425 18.537411212921143
71 1542.6803199999997 4918.421277000001 9188699.845779013 18.79304337501526
72 1542.6803199999997 5243.009955800001 10478487.011093205 19.057228088378906
73 1542.6803199999997 5086.122424500001 10248207.03065929 19.31519913673401
74 1542.6803199999997 4971.783696000001 8417181.235810483 19.57014298439026
75 1542.6803199999997 5028.781769000001 8570176.850616494 19.829877138137817
76 1542.6803199999997 4930.5512539 8944768.610674668 20.084039211273193
77 1542.6803199999997 4405.790284600001 8621237.776329286 20.333161115646362
78 1542.6803199999997 4735.324655500001 8524504.400461962 20.586905241012573
79 1542.6803199999997 5091.3580341000015 8895458.146647934 20.846084117889404
80 1542.6803199999997 5046.976670600001 8654077.896263491 21.103528261184692
81 1542.6803199999997 4649.431110900001 7942150.398386888 21.357518196105957
82 1542.6803199999997 4773.5229746 7770260.611998322 21.61072325706482
83 1542.6803199999997 4449.1984891 7208138.967464697 21.86119508743286
84 1542.6803199999997 4563.0093771 8122367.223885108 22.112956285476685
85 1542.6803199999997 4549.318449400001 6742773.314349523 22.366719007492065
86 1532.6097300000004 4453.8957343 8117471.922237707 22.62166714668274
87 1532.6097300000004 4546.564977000001 7333039.871415095 22.875630140304565
88 1532.6097300000004 4615.0925451 7738348.884065734 23.13265895843506
89 1532.6097300000004 5007.824171800001 8538731.226271125 23.39369010925293
90 1532.6097300000004 5099.191135100002 9176675.581815649 23.65892720222473
91 1532.6097300000004 4963.375149000001 8901742.104649018 23.91899538040161
92 1532.6097300000004 4922.206061800001 8817610.263641492 24.179356336593628
93 1532.6097300000004 4843.130646500002 8126919.307078231 24.43947124481201
94 1532.6097300000004 4568.743506500001 8741609.810504846 24.693499326705933
95 1532.6097300000004 4893.334885900001 8007482.107304438 24.953148126602173
96 1532.6097300000004 4900.987442300001 7244848.575806996 25.213409185409546
97 1532.6097300000004 4941.657338700002 7308441.16312394 25.471858263015747
98 1532.6097300000004 4882.683900700002 6533764.308848113 25.732671976089478
99 1532.6097300000004 5051.371517800001 6557741.5236348985 25.993184089660645
100 1532.6097300000004 4810.253043900002 6505320.169860003 26.25452709197998
101 1532.6097300000004 5002.040681300002 6785363.43524926 26.51371121406555
102 1532.6097300000004 4881.055592800001 8238184.897738222 26.772698163986206
103 1532.6097300000004 4658.093799900001 8740640.65055298 27.029977083206177
104 1532.6097300000004 4451.007138500001 7277482.012891756 27.283628225326538
105 1532.6097300000004 5058.587529900001 7926458.293992459 27.542368173599243
106 1532.6097300000004 4894.833257000002 7501694.317868165 27.79971933364868
107 1532.6097300000004 5090.7391376000005 7664624.311378023 28.061902046203613
108 1532.6097300000004 5212.573514100001 8695720.997880755 28.325056076049805
109 1532.6097300000004 4967.882023100001 8190743.992046612 28.587913990020752
110 1532.6097300000004 5473.679700200001 8840604.685219504 28.854987144470215
111 1532.6097300000004 5403.421565200002 7941160.454191433 29.13311529159546
112 1532.6097300000004 4898.2489208000015 7137530.195760583 29.39434814453125
113 1532.6097300000004 4596.833823300001 7446962.667510277 29.650405168533325
114 1532.6097300000004 4864.7339117 7871280.181377704 29.909653186798096
115 1532.6097300000004 4642.7989126 7961647.062957518 30.166999101638794
116 1532.6097300000004 4551.852546600002 7941563.687132475 30.42444920539856
117 1532.6097300000004 4547.957133300001 7828032.6544619985 30.70201325416565
118 1532.6097300000004 4983.724648100001 8445004.205525102 30.96351718902588
119 1532.6097300000004 5221.2391111000015 8552227.1192361 31.225829124450684
120 1532.6097300000004 5274.289049100002 8735522.476200635 31.49053120613098
121 1532.6097300000004 5523.621399900003 8689837.736603426 31.75630521774292
122 1532.6097300000004 5144.751259900001 8839505.823426893 32.019463300704956
123 1532.6097300000004 4881.015074000001 8005035.270226062 32.277892112731934
124 1532.6097300000004 5023.584712400001 7898495.271318945 32.54026699066162
125 1532.6097300000004 5169.450018300002 8213996.424023068 32.80379128456116
126 1532.6097300000004 5209.474472300001 8666736.392581077 33.06735110282898
127 1532.6097300000004 5470.531191700002 8587897.56538267 33.33302021026611
128 1532.6097300000004 5178.149557900002 8819287.162327358 33.59496808052063
129 1532.6097300000004 5174.760130700001 8570142.80100592 33.85657215118408
130 1532.6097300000004 4868.623131600002 8788277.072061801 34.11256217956543
131 1532.6097300000004 4977.983973100001 8944144.026953343 34.36989212036133
132 1532.6097300000004 5662.551619000002 9179192.731214738 34.633400201797485
133 1532.6097300000004 5186.004107100002 8893019.424105562 34.898542165756226
134 1532.6097300000004 4830.687177 6746018.046887672 35.15751600265503
135 1532.6097300000004 4994.9631267 8044236.9276093505 35.41771697998047
136 1532.6097300000004 5108.046804500002 8045962.507256001 35.67868113517761
137 1532.6097300000004 5261.092578600002 8054059.45127854 35.94278025627136
138 1532.6097300000004 5045.526823400001 8061520.062086626 36.199790239334106
139 1532.6097300000004 5449.5287795 7253276.8568813205 36.46507024765015
140 1532.6097300000004 5707.046020800002 7823243.711444377 36.73378825187683
141 1532.6097300000004 5396.570397600002 8091056.929193071 37.00137805938721
142 1532.6097300000004 5243.040030200003 8920063.558898259 37.266221046447754
143 1532.6097300000004 5191.375997600002 8991163.043604238 37.52799415588379
144 1532.6097300000004 5378.155533400002 9472183.150473371 37.79489994049072
145 1532.6097300000004 4988.770558800002 9034176.884609092 38.06071710586548
146 1528.46608 5017.416648500001 8458775.086413724 38.32458233833313
147 1528.46608 5188.026974 7598141.970953629 38.59080410003662
148 1528.46608 5283.4372551000015 8569224.604056679 38.85859203338623
149 1528.46608 5301.798176300001 8612567.063922405 39.12250328063965
150 1528.46608 4793.5756225000005 7945247.974948913 39.379634141922
151 1528.46608 4549.765902900001 6356080.887392678 39.63315510749817
152 1528.46608 4349.291087800001 6492347.229444525 39.883652210235596
153 1528.46608 4734.972955700001 7651973.1420356175 40.14037036895752
154 1528.46608 4333.6814727 6818695.468855059 40.39349031448364
155 1528.46608 4242.144469899999 7246545.5552844275 40.64533710479736
156 1528.46608 4430.8587977 7263806.468855011 40.907466173172
157 1528.46608 4737.9293413000005 6537311.025495372 41.16250228881836
158 1521.4727300000004 5140.7729796 7797281.835966054 41.425119161605835
159 1521.4727300000004 4829.2674984000005 7821650.635053843 41.68340015411377
160 1516.7730000000008 5142.251029600002 8122706.647474286 41.945186138153076
161 1516.7730000000008 5014.678759100001 7908540.194787707 42.205708026885986
162 1516.7730000000008 5064.355815300002 7670620.016424132 42.46969699859619
163 1516.7730000000008 4748.813045900001 8057383.24877365 42.72461915016174
164 1516.7730000000008 4988.443148200002 8828979.369231425 42.98496103286743
165 1516.7730000000008 5039.943423100001 9171992.027344216 43.24420619010925
166 1516.7730000000008 4573.1281572 7119083.39466841 43.49969220161438
167 1516.7730000000008 5171.6548452 7776568.000900323 43.76092600822449
168 1516.7730000000008 5183.122798900001 7845096.112706748 44.020525217056274
169 1516.7730000000008 4997.666719700001 7976108.933353264 44.27946424484253
170 1516.7730000000008 5350.7826124 7677398.617571008 44.54093909263611
171 1516.7730000000008 5417.193406200002 9129223.672131002 44.80434727668762
172 1516.7730000000008 5178.230792500001 7940341.001836627 45.06349015235901
173 1516.7730000000008 5105.7697219 8996807.28119285 45.32597517967224
174 1516.7730000000008 5054.7706996000015 9468901.65813818 45.583747148513794
175 1516.7730000000008 5213.494099400002 9120173.988417441 45.84469199180603
176 1516.7730000000008 5024.8172865000015 7710112.391801243 46.10198402404785
177 1516.7730000000008 4859.016366200001 6902483.079813375 46.35729908943176
178 1516.7730000000008 4964.262482700002 7331953.413154721 46.615429162979126
179 1516.7730000000008 5131.573539900001 7579797.688176099 46.87605309486389
180 1516.7730000000008 5131.207648200001 8393293.433928756 47.13507103919983
181 1516.7730000000008 4904.731483900002 8230384.068360141 47.392174243927
182 1516.7730000000008 4844.804340300001 8242282.519388246 47.64861798286438
183 1516.7730000000008 4643.7776773000005 7664501.93630665 47.905673027038574
184 1516.7730000000008 4395.874120300001 8310000.456825699 48.156729221343994
185 1516.7730000000008 4396.7616726000015 7288788.93639441 48.40580105781555
186 1516.7730000000008 4598.758177800001 8548710.073224848 48.662739276885986
187 1516.7730000000008 4400.852880800001 8746685.424312593 48.916680335998535
188 1516.7730000000008 4708.525026 7873988.90949807 49.171616077423096
189 1516.7730000000008 4722.3774103000005 7444839.019267739 49.430968046188354
190 1516.7730000000008 4759.633196000001 7967731.229824069 49.68728804588318
191 1516.7730000000008 4833.475300600001 8409513.210106099 49.945661306381226
192 1516.7730000000008 4795.830788000002 9444550.64073579 50.2013680934906
193 1516.7730000000008 4934.718479100001 9856861.697735347 50.46059703826904
194 1516.7730000000008 5306.099685300003 10251265.460569533 50.724892139434814
195 1516.7730000000008 5172.961767000001 9931084.65121629 50.9844331741333
196 1516.7730000000008 4682.495737900002 8162030.472128591 51.23948431015015
197 1516.7730000000008 4697.462655600001 8119880.2231681375 51.4942352771759
198 1516.7730000000008 5238.421346600001 9053496.445817668 51.75463914871216
199 1516.7730000000008 5227.097889200001 8576892.069736283 52.016672134399414
200 1516.7730000000008 5129.081442600001 8648372.602138527 52.27987003326416
201 1516.7730000000008 5195.226812900001 7440534.156523165 52.54232716560364
202 1516.7730000000008 5066.236980800001 8058773.767003958 52.801584243774414
203 1516.7730000000008 4545.9706326000005 7872434.552932657 53.05403017997742
204 1516.7730000000008 4540.475037800001 6945129.755726928 53.30508208274841
205 1516.7730000000008 4766.468520600001 7547536.602363819 53.56105613708496
206 1516.7730000000008 4954.2625912 8722345.942516617 53.81938314437866
207 1516.7730000000008 5215.4347465 7154234.116645201 54.081417083740234
208 1516.7730000000008 5379.126884400001 7273051.05534243 54.34547829627991
209 1516.7730000000008 4671.0382156000005 7370487.592991851 54.60235905647278
210 1516.7730000000008 4961.314236200002 8081217.301584261 54.86150908470154
211 1516.7730000000008 4546.348416900001 6965190.037632907 55.11566209793091
212 1516.7730000000008 4920.662520000001 9338437.452136485 55.37494206428528
213 1516.7730000000008 5049.8832903 9736303.066210944 55.63398027420044
214 1516.7730000000008 5322.773197100002 9628513.944274478 55.90108108520508
215 1516.7730000000008 5462.0273615000015 7770011.949495185 56.16484522819519
216 1516.7730000000008 5001.719467600002 7081158.313170203 56.42726922035217
217 1516.7730000000008 4999.481401500001 8138696.832398509 56.68546724319458
218 1516.7730000000008 5009.791508700001 6924443.558552777 56.945985078811646
219 1516.7730000000008 4900.1040795 7267775.944699906 57.20567512512207
220 1516.7730000000008 5192.888844100001 7413625.604030666 57.46491718292236
221 1516.7730000000008 5154.3257523 7555255.374192132 57.72310018539429
222 1516.7730000000008 4946.4396869 8017817.579837444 57.98203229904175
223 1516.7730000000008 4702.5224814 8243480.02619436 58.23964023590088
224 1516.7730000000008 4834.433193100001 7510641.038008703 58.49842619895935
225 1516.7730000000008 4970.052084100002 7484421.01525751 58.76160001754761
226 1516.7730000000008 5211.011995900001 8478960.937836368 59.02680015563965
227 1516.7730000000008 5310.599599800001 9722835.372790365 59.29502511024475
228 1516.7730000000008 5460.659322800002 9526532.099353952 59.556716203689575
229 1516.7730000000008 5638.418463699999 9246597.646753648 59.8226580619812
230 1516.7730000000008 4592.939963900001 8025877.633346855 60.07525300979614
231 1516.7730000000008 4981.471332100001 7720734.839138613 60.33336925506592
232 1516.7730000000008 5303.2171210000015 7871694.956160299 60.59583306312561
233 1516.7730000000008 4883.916991400001 7738432.118029156 60.8577561378479
234 1516.7730000000008 4722.886560400001 8472597.277150983 61.11566615104675
235 1516.7730000000008 4955.452191000001 7837778.483399139 61.37687826156616
236 1516.7730000000008 4627.794049400001 7550229.547130777 61.633384227752686
237 1516.7730000000008 4357.020961300001 5574178.349795179 61.88944101333618
238 1516.7730000000008 4806.787183400001 7663309.999469905 62.152507305145264
239 1516.7730000000008 5284.906454500002 7943693.998931553 62.416776180267334
240 1516.7730000000008 5146.918080800001 7795516.7482978925 62.675559282302856
241 1516.7730000000008 5623.097248600002 7896276.547799446 62.941993951797485
242 1516.7730000000008 5312.203266300002 9457096.898809735 63.207255125045776
243 1516.7730000000008 5135.081081300002 8994013.537153443 63.46869707107544
244 1516.7730000000008 5657.3114705000025 9158087.01266083 63.73798704147339
245 1516.7730000000008 5405.7270685 8432983.723045934 64.04535412788391
246 1516.7730000000008 5520.099908500002 8577776.096093822 64.31814193725586
247 1516.7730000000008 5086.110464600001 8282088.2687931275 64.5845832824707
248 1516.7730000000008 4999.096008700001 6764941.88999099 64.8464560508728
249 1516.7730000000008 5306.292635200001 7405389.699031494 65.1096441745758
1516.7730000000008 65.37545704841614
