MO4
250 1442.23643
1
0 9223372036854775807 9306.695941400005 568792.4277099343 0.2067549228668213
1 2777.6643900000017 8825.404144400003 912949.7270504081 0.5529239177703857
2 1638.0208299999995 7652.661714600003 4753236.328970418 0.8497469425201416
3 1581.2366499999996 6482.251569600002 8176727.099653892 1.1324090957641602
4 1553.7410599999996 5446.672207800001 8513853.180538362 1.3987009525299072
5 1553.7410599999996 4768.7383884 7480615.422645745 1.654857873916626
6 1553.7410599999996 4581.3371888 6800269.343702431 1.9112439155578613
7 1539.271499999999 4960.104317400001 7054679.155097688 2.169506072998047
8 1442.2364299999992 4720.703280400001 7189818.065862787 2.4291129112243652
9 1442.2364299999992 4708.5425014 7215397.776601553 2.687678813934326
10 1442.2364299999992 4836.385056100002 7104487.258255958 2.9527480602264404
11 1442.2364299999992 4288.214299100001 6207448.327222016 3.212898015975952
12 1442.2364299999992 4449.431880900001 6164804.181851614 3.469313859939575
13 1442.2364299999992 4206.1147820999995 6667603.386128698 3.723371982574463
14 1442.2364299999992 4342.167422299999 6969854.4356020335 3.9800260066986084
15 1442.2364299999992 4580.401886800001 7370052.027102564 4.239754915237427
16 1442.2364299999992 4494.9523199 7287447.523341596 4.503506898880005
17 1442.2364299999992 4420.4551897 6512224.7322639115 4.76468300819397
18 1442.2364299999992 4484.8904382 7050795.333980695 5.025193929672241
19 1442.2364299999992 4698.8082558999995 8173073.601233998 5.29062294960022
20 1442.2364299999992 5000.5530264 7429472.153878678 5.55738377571106
21 1442.2364299999992 5130.504577199999 7721073.126106286 5.825242042541504
22 1442.2364299999992 4820.4867151 7438917.903889263 6.086010694503784
23 1442.2364299999992 5333.1549752 8095491.239861655 6.352975130081177
24 1442.2364299999992 4855.1674325 8109321.401561103 6.618510007858276
25 1442.2364299999992 4801.3673966 8130417.584477705 6.879250764846802
26 1442.2364299999992 5124.659941 6577072.118626136 7.145673990249634
27 1442.2364299999992 4644.5763962 7847912.226508984 7.408796787261963
28 1442.2364299999992 4982.305807000001 6670066.514758516 7.677109956741333
29 1442.2364299999992 4964.6439462 6599983.495731777 7.945992946624756
30 1442.2364299999992 4770.0782147 5321942.362286234 8.209054946899414
31 1442.2364299999992 4365.7646991 6700540.5097870715 8.468049764633179
32 1442.2364299999992 4487.346666099999 7001569.218728952 8.726728916168213
33 1442.2364299999992 4616.060626699999 6681570.669066175 8.985483884811401
34 1442.2364299999992 4658.690657100001 6623519.614261452 9.243062973022461
35 1442.2364299999992 4705.6688956 6509057.827425242 9.504822015762329
36 1442.2364299999992 4743.386663599999 6849395.092917659 9.770716905593872
37 1442.2364299999992 4700.4557112 7687250.901991725 10.034276962280273
38 1442.2364299999992 4824.275933999999 7283301.650950074 10.296497821807861
39 1442.2364299999992 4904.4807228 7319447.299079623 10.562538862228394
40 1442.2364299999992 4465.0501006 6986735.6318039335 10.825243711471558
41 1442.2364299999992 4322.7774894 6422645.033281595 11.083693027496338
42 1442.2364299999992 4163.9699859 7425168.338185411 11.340986013412476
43 1442.2364299999992 4707.535134600001 7512504.513067246 11.60674500465393
44 1442.2364299999992 4624.8723667 7489159.24474493 11.873812913894653
45 1442.2364299999992 4646.3479055 6883286.9939790275 12.140416860580444
46 1442.2364299999992 4885.4188658 7236236.59151227 12.4060218334198
47 1442.2364299999992 4679.144572200001 7437820.157687226 12.671272993087769
48 1442.2364299999992 4564.0862566000005 7056110.440056274 12.93453574180603
49 1442.2364299999992 4616.8806903 8258554.5824229885 13.197138786315918
50 1442.2364299999992 5047.5616567 8134537.773863153 13.469544887542725
51 1442.2364299999992 4718.370453500001 8240549.873542334 13.736580848693848
52 1442.2364299999992 4747.8944749 7752077.722802994 14.001138925552368
53 1442.2364299999992 4895.30348 8022774.44430626 14.26554012298584
54 1442.2364299999992 4133.6382125 7146176.329354721 14.518558979034424
55 1442.2364299999992 4415.3522812 7584684.347793292 14.779815912246704
56 1442.2364299999992 4535.840959800001 6866656.185926342 15.041126728057861
57 1442.2364299999992 4728.7804235 6813639.785489665 15.304924964904785
58 1442.2364299999992 4713.6039546 6696926.402548898 15.569981813430786
59 1442.2364299999992 4831.926841000001 7780294.590385597 15.836222887039185
60 1442.2364299999992 4701.853423400001 7235547.879745495 16.09908890724182
61 1442.2364299999992 4586.865291100001 7270625.670343562 16.370301961898804
62 1442.2364299999992 4391.9291852 6978761.758466171 16.627182960510254
63 1442.2364299999992 5141.692457900001 7822975.807153688 16.89280676841736
64 1442.2364299999992 5242.962452999999 8541504.608572118 17.15835475921631
65 1442.2364299999992 4758.3410472 7787253.359740775 17.42311382293701
66 1442.2364299999992 4705.1160151 7786298.306175663 17.68185806274414
67 1442.2364299999992 4605.923068700001 7503754.213636419 17.941128969192505
68 1442.2364299999992 4330.1053264 7111968.465961204 18.197316884994507
69 1442.2364299999992 4646.1711925 6487666.758442673 18.45885682106018
70 1442.2364299999992 4945.3014204 7763388.808872538 18.723132848739624
71 1442.2364299999992 4879.792663800001 8276404.834750241 18.986521005630493
72 1442.2364299999992 4652.0852576 7443115.507683469 19.249228954315186
73 1442.2364299999992 4332.692150299999 6660361.905425629 19.50758981704712
74 1442.2364299999992 4473.6885672 5859721.879800176 19.768555879592896
75 1442.2364299999992 4415.951501199999 6241993.4432571875 20.024435997009277
76 1442.2364299999992 4577.3078866999995 6431970.149678606 20.284767866134644
77 1442.2364299999992 4916.9013105 7299659.242473053 20.550559997558594
78 1442.2364299999992 5056.6247073 7418713.220240512 20.81201195716858
79 1442.2364299999992 4577.6871906 7747351.026385106 21.06882095336914
80 1442.2364299999992 4557.3464122 8316625.742089561 21.32778286933899
81 1442.2364299999992 4530.8696493 7856851.593914438 21.586400985717773
82 1442.2364299999992 4799.223806000001 7979942.13426146 21.848376989364624
83 1442.2364299999992 4641.0091923 7486202.581235987 22.107903003692627
84 1442.2364299999992 4514.3405185 8011435.522121707 22.362417936325073
85 1442.2364299999992 4782.743444899999 8283652.226175739 22.62535071372986
86 1442.2364299999992 5234.356582200001 8727073.787130207 22.891883850097656
87 1442.2364299999992 4984.920583 8092803.08666242 23.15557885169983
88 1442.2364299999992 4858.3803448 8018097.55449367 23.41938304901123
89 1442.2364299999992 4750.4713566 7327677.322561473 23.679543018341064
90 1442.2364299999992 4776.1130027 8163311.672683657 23.93963098526001
91 1442.2364299999992 5126.3328985 8650333.830331651 24.203826904296875
92 1442.2364299999992 4957.4361734 7405726.064334317 24.46975588798523
93 1442.2364299999992 4406.7730204 7675065.248465784 24.725982904434204
94 1442.2364299999992 4560.780187400001 8223653.022791266 24.98429298400879
95 1442.2364299999992 5095.1192271 7666636.805811929 25.249201774597168
96 1442.2364299999992 5104.8801696 6915619.106169283 25.513246774673462
97 1442.2364299999992 4570.569055800001 7521107.74953323 25.77164387702942
98 1442.2364299999992 4906.7083542 7091946.329932882 26.034674882888794
99 1442.2364299999992 5104.6623501 7873627.925142089 26.299717903137207
100 1442.2364299999992 5049.8842184000005 7431140.368804961 26.563663721084595
101 1442.2364299999992 4775.520470400001 8451309.148430597 26.825873851776123
102 1442.2364299999992 4698.2948769 8296977.380926895 27.090438842773438
103 1442.2364299999992 4873.515940800001 7397256.987188799 27.353739976882935
104 1442.2364299999992 4873.2374617 8139046.8170303665 27.61699080467224
105 1442.2364299999992 4643.7826442000005 7507734.268825219 27.88065791130066
106 1442.2364299999992 4778.1461949 7756435.907907213 28.140878915786743
107 1442.2364299999992 5407.3831545 7777579.353116656 28.41131901741028
108 1442.2364299999992 5005.5816285 7908162.854646807 28.682419776916504
109 1442.2364299999992 5186.688699900001 7414013.294455515 28.9499409198761
110 1442.2364299999992 4951.697190500001 7284211.937832998 29.2130868434906
111 1442.2364299999992 5072.0290786000005 7974473.94347138 29.47891879081726
112 1442.2364299999992 5135.0462054 8327764.172274197 29.745996952056885
113 1442.2364299999992 5132.815720200001 7535021.325791068 30.011662006378174
114 1442.2364299999992 5255.7160683 7720985.07571924 30.278602838516235
115 1442.2364299999992 4917.2611543 7647475.971142407 30.543476819992065
116 1442.2364299999992 4531.6650368 7191772.382529038 30.803807973861694
117 1442.2364299999992 4313.2507985 7249331.385826572 31.059157848358154
118 1442.2364299999992 4335.9361856000005 6825553.220196657 31.314698934555054
119 1442.2364299999992 4349.6236352000005 6771976.689233178 31.574005842208862
120 1442.2364299999992 4788.1974416 6755049.778618165 31.84025001525879
121 1442.2364299999992 4366.2505509 7299216.541854942 32.10057067871094
122 1442.2364299999992 4213.659444000001 6858204.60894248 32.35763096809387
123 1442.2364299999992 3871.2959001999993 6860073.532036011 32.610100984573364
124 1442.2364299999992 4112.0723865 6773171.133481269 32.86330580711365
125 1442.2364299999992 4022.416582699999 6743109.83034136 33.11519980430603
126 1442.2364299999992 4324.086620600001 7026691.326778673 33.37002491950989
127 1442.2364299999992 4591.10131 7074403.502378026 33.626277923583984
128 1442.2364299999992 4716.1969432000005 7208537.441122071 33.887887716293335
129 1442.2364299999992 4614.638022499999 7389878.241674814 34.14997386932373
130 1442.2364299999992 4735.497399300001 7991320.0324369725 34.411608934402466
131 1442.2364299999992 4868.150272000001 7702081.418929795 34.67767810821533
132 1442.2364299999992 4972.438278899999 7977611.521928695 34.94190311431885
133 1442.2364299999992 4854.1638855 7931657.7837606575 35.20724391937256
134 1442.2364299999992 4687.047744799999 6440151.951781052 35.46808385848999
135 1442.2364299999992 4252.3421353 6178366.617046936 35.722012758255005
136 1442.2364299999992 4619.3993774 6751662.433684384 35.98228883743286
137 1442.2364299999992 4494.6006954 6435024.020833436 36.23753380775452
138 1442.2364299999992 4619.846349700001 7252078.072262683 36.50075387954712
139 1442.2364299999992 4767.6474229 7931373.055555391 36.75993585586548
140 1442.2364299999992 4206.5253293999995 7138674.783385806 37.011533975601196
141 1442.2364299999992 4891.6769862 7982244.865797724 37.270808935165405
142 1442.2364299999992 4957.9951246 7272233.738909713 37.53470993041992
143 1442.2364299999992 4547.091461099999 6667032.709237515 37.795933961868286
144 1442.2364299999992 4584.220916299999 6310322.428867174 38.05099701881409
145 1442.2364299999992 4656.9153209999995 7476881.5943389125 38.31408882141113
146 1442.2364299999992 4573.481106999999 7297481.691214675 38.57373785972595
147 1442.2364299999992 4480.722397099999 7700459.158050783 38.831608057022095
148 1442.2364299999992 4307.666831 7628810.548166012 39.08408808708191
149 1442.2364299999992 4860.190051499999 7746445.374222556 39.34373688697815
150 1442.2364299999992 4643.2370599000005 7872135.4785552565 39.6064178943634
151 1442.2364299999992 4568.1232055 7687960.093513968 39.86333203315735
152 1442.2364299999992 4606.9191945 7615644.2069373205 40.11828589439392
153 1442.2364299999992 4810.365986700001 7669528.173677075 40.379427909851074
154 1442.2364299999992 4816.147804 7825968.869359339 40.64069604873657
155 1442.2364299999992 4318.2215464 6497217.379351362 40.89616775512695
156 1442.2364299999992 4247.2744647 6548420.787764643 41.149250984191895
157 1442.2364299999992 4571.0597078 7881724.659837319 41.41084003448486
158 1442.2364299999992 4281.6195699 7143331.794131581 41.67528295516968
159 1442.2364299999992 4261.2858757 7450449.320683393 41.93376588821411
160 1442.2364299999992 4754.920793800001 8544879.443848494 42.19794678688049
161 1442.2364299999992 4936.436492 8700893.68149715 42.463446855545044
162 1442.2364299999992 4960.7710595 7381329.021828523 42.725369930267334
163 1442.2364299999992 4687.5351513000005 7395651.020885107 42.98644304275513
164 1442.2364299999992 4442.927368000001 7079504.201701511 43.24301266670227
165 1442.2364299999992 4561.2752008 6920119.23805165 43.502269983291626
166 1442.2364299999992 4875.871668299999 7806850.843322264 43.76265788078308
167 1442.2364299999992 5084.692691100001 8083242.654215799 44.02537798881531
168 1442.2364299999992 5262.136822400001 7786424.475008904 44.293580055236816
169 1442.2364299999992 4881.536497700001 6637892.286918516 44.55765390396118
170 1442.2364299999992 5004.3934146 6828416.778768258 44.82201600074768
171 1442.2364299999992 4765.376124400001 6234853.333629203 45.083836793899536
172 1442.2364299999992 4549.7649582 5774818.866419511 45.34162402153015
173 1442.2364299999992 4687.6834591 7413991.438239214 45.60343599319458
174 1442.2364299999992 4785.464503300001 7535261.66766288 45.86533975601196
175 1442.2364299999992 4327.2322497 6477070.495485222 46.12535500526428
176 1442.2364299999992 4545.7881895 6406686.945200013 46.38440799713135
177 1442.2364299999992 4816.9536663 6559421.5180502115 46.64574313163757
178 1442.2364299999992 4619.900191199999 6502625.786170505 46.90740990638733
179 1442.2364299999992 4843.362539 6324744.507331423 47.171408891677856
180 1442.2364299999992 4575.0808236 7411358.957715265 47.43089294433594
181 1442.2364299999992 4560.4760715 6701660.34795696 47.7265510559082
182 1442.2364299999992 4566.375197699999 6473948.665285477 47.99031400680542
183 1442.2364299999992 4258.445308699999 6859037.9082170185 48.252694845199585
184 1442.2364299999992 4445.015637099999 6555434.954290926 48.522149085998535
185 1442.2364299999992 4481.262787000001 6430179.540310425 48.78001570701599
186 1442.2364299999992 4927.864214200001 7485690.356594057 49.04030895233154
187 1442.2364299999992 4909.964519700001 7548672.172018732 49.30214595794678
188 1442.2364299999992 4830.5457193 7858422.943055515 49.56548500061035
189 1442.2364299999992 4827.260996100001 8074148.249047055 49.83015298843384
190 1442.2364299999992 4611.251113300001 8254425.795008912 50.086446046829224
191 1442.2364299999992 4737.8498216 8092984.516597884 50.34551978111267
192 1442.2364299999992 4234.049724400001 7656945.733796528 50.606332778930664
193 1442.2364299999992 4427.8180444 7558834.817622688 50.86766791343689
194 1442.2364299999992 4146.6082045 6908632.693100769 51.121718883514404
195 1442.2364299999992 4582.197918899999 7098175.898701375 51.382148027420044
196 1442.2364299999992 4356.4477991 6543367.131485734 51.64063787460327
197 1442.2364299999992 4580.465169000001 6772877.463548284 51.89917778968811
198 1442.2364299999992 4585.1220662 7624528.06578437 52.157711029052734
199 1442.2364299999992 4924.5757836 8085688.771971758 52.41924691200256
200 1442.2364299999992 4545.595783399999 7708783.235214713 52.675431966781616
201 1442.2364299999992 4518.899207899999 6784199.801091939 52.93363404273987
202 1442.2364299999992 4413.7354667 7308546.776774569 53.19327783584595
203 1442.2364299999992 4872.7342711 7648249.011807012 53.460614919662476
204 1442.2364299999992 4615.1538062 7127631.368237818 53.71790885925293
205 1442.2364299999992 4743.3540813 7935070.925711635 53.98007798194885
206 1442.2364299999992 4543.677370399999 8137239.433716222 54.23699975013733
207 1442.2364299999992 4706.450217700001 8557534.37425268 54.49570083618164
208 1442.2364299999992 4968.1406304 7708964.388113581 54.75792407989502
209 1442.2364299999992 4974.9221124000005 7429201.417981781 55.02122187614441
210 1442.2364299999992 4782.178346000001 6237571.848799841 55.281757831573486
211 1442.2364299999992 5022.2789914 6852695.863357712 55.545811891555786
212 1442.2364299999992 4698.132335300001 7891835.928729708 55.81088876724243
213 1442.2364299999992 4793.5537648 8176654.681189636 56.07123303413391
214 1442.2364299999992 4667.977597300001 8058001.025115469 56.33085799217224
215 1442.2364299999992 4547.986860800001 9313629.037591862 56.5893759727478
216 1442.2364299999992 4339.4050763 6948593.497757839 56.847081899642944
217 1442.2364299999992 4298.493883800001 7297393.158539932 57.10305094718933
218 1442.2364299999992 4372.1953282 8134324.376537472 57.36202001571655
219 1442.2364299999992 4643.128585600001 8114579.471347897 57.62231183052063
220 1442.2364299999992 5019.2163658 7607723.436523896 57.887962102890015
221 1442.2364299999992 4944.066780800001 7269509.938373434 58.15069389343262
222 1442.2364299999992 4888.9565982 7884271.190908883 58.41763496398926
223 1442.2364299999992 4760.1488359 7335165.726977357 58.680081844329834
224 1442.2364299999992 4841.9459247 7132091.994343464 58.945061922073364
225 1442.2364299999992 4690.924547400001 7683850.174986478 59.2041540145874
226 1442.2364299999992 4380.592585900001 6217215.727748773 59.46377396583557
227 1442.2364299999992 4530.5412247 5474187.379443411 59.72468400001526
228 1442.2364299999992 4591.606351799999 6271887.117644987 59.98479104042053
229 1442.2364299999992 4352.8964025 7307820.768685214 60.23839592933655
230 1442.2364299999992 4215.155639 6370542.969829645 60.49188303947449
231 1442.2364299999992 4505.4245965 7014003.945453623 60.755687952041626
232 1442.2364299999992 5213.585641000001 7742564.310268786 61.03684711456299
233 1442.2364299999992 4899.1183229 7232099.301036919 61.31328201293945
234 1442.2364299999992 4575.6898521 5902767.682051454 61.58435606956482
235 1442.2364299999992 4245.2159722 5979031.90871126 61.841383934020996
236 1442.2364299999992 4778.998697200001 8531200.12711317 62.10331583023071
237 1442.2364299999992 4837.377888200001 8621046.515439823 62.37046504020691
238 1442.2364299999992 4812.210718000001 7830261.808719438 62.639930725097656
239 1442.2364299999992 4725.095342 7231247.763513336 62.90412378311157
240 1442.2364299999992 4480.015366800001 6510165.292324725 63.16717886924744
241 1442.2364299999992 4884.1098996 6909578.0514547005 63.4349250793457
242 1442.2364299999992 4873.5831278000005 6833631.106577489 63.70025277137756
243 1442.2364299999992 4950.666340700001 7981603.624411569 63.971494913101196
244 1442.2364299999992 4972.1677213 8380338.802572887 64.23508596420288
245 1442.2364299999992 5330.745517300001 7831180.959863413 64.50432991981506
246 1442.2364299999992 4875.2509832 7505814.241596044 64.77337002754211
247 1442.2364299999992 4952.2230594 6984971.859180797 65.04174995422363
248 1442.2364299999992 5107.0271263 8394235.335637972 65.31163477897644
249 1442.2364299999992 5047.150287 8568030.48091564 65.57806777954102
1442.2364299999992 65.84296488761902
2
0 9223372036854775807 9434.251578900004 770427.1191230097 0.20938801765441895
1 3090.55458 8785.464689700004 1317783.4790154502 0.5628509521484375
2 1986.2017999999996 7774.1658369000015 4683898.651799474 0.865919828414917
3 1629.123739999999 6769.954750100002 7548688.871002865 1.1462218761444092
4 1511.1151699999996 6019.642606500001 8529084.77069147 1.417280912399292
5 1511.1151699999996 5313.64488 7666799.681415659 1.6920497417449951
6 1474.8902799999996 5325.579487700002 9367872.475078905 1.961116075515747
7 1474.8902799999996 5031.910615000001 9162481.710327962 2.223973035812378
8 1474.8902799999996 4753.316421300001 8214645.46865831 2.4866857528686523
9 1474.8902799999996 5020.589192300001 8233062.970674089 2.7588279247283936
10 1470.4538899999993 4524.8390125000005 7370653.1749211345 3.017375946044922
11 1470.4538899999993 4608.0036609 6732025.863940326 3.276257038116455
12 1463.656619999999 4812.867275499999 7527895.966813738 3.538696765899658
13 1463.656619999999 4484.0300412 6618812.5677746115 3.8009989261627197
14 1463.656619999999 4786.0106418 8204908.367845315 4.063485860824585
15 1463.656619999999 4960.171067700001 6612237.714799737 4.32593297958374
16 1463.656619999999 4971.372483100001 6951507.1569032 4.591185092926025
17 1463.656619999999 4752.778762400002 6651789.773288404 4.856606960296631
18 1463.656619999999 4964.494187900001 7077567.832822672 5.122801780700684
19 1463.656619999999 4583.6947219 6782941.65131448 5.383076906204224
20 1463.656619999999 4584.0722295000005 7987950.8747775555 5.643547058105469
21 1463.656619999999 4810.8511938 7456340.200638039 5.906470060348511
22 1463.656619999999 4642.438949 7053134.250688779 6.16815185546875
23 1463.656619999999 4477.7545863000005 7881406.98255772 6.426126956939697
24 1463.656619999999 4527.296583200001 8039009.339090781 6.689121961593628
25 1463.656619999999 4891.7141292000015 7907981.798170637 6.953195810317993
26 1463.656619999999 4595.8033824 7537572.978043721 7.212724924087524
27 1463.656619999999 4183.9445454000015 7171632.557382803 7.46960186958313
28 1463.656619999999 4411.9711733 6685113.303561495 7.733979940414429
29 1463.656619999999 4165.587029200001 6661721.404652987 7.9899609088897705
30 1463.656619999999 4093.4566504 6619513.437263087 8.248826026916504
31 1463.656619999999 4483.1023372 7373708.868651485 8.510888814926147
32 1463.656619999999 5079.380604800001 7101483.870229447 8.772037029266357
33 1463.656619999999 4770.454818300001 7591937.2580706 9.032110929489136
34 1463.656619999999 4564.7280394 7307049.004498314 9.289621829986572
35 1463.656619999999 4201.637153400001 6404094.616135466 9.542233943939209
36 1463.656619999999 4481.7191663 7773576.412368962 9.799324035644531
37 1463.656619999999 4831.588422500001 8302405.586714686 10.061438798904419
38 1442.2364299999992 5449.9255287999995 7921300.28990266 10.329315900802612
39 1442.2364299999992 5159.2884236 8316977.211532832 10.596982955932617
40 1442.2364299999992 5006.0467738 6855696.824267869 10.859107971191406
41 1442.2364299999992 4792.927999400001 7367907.961798758 11.119415044784546
42 1442.2364299999992 4795.6034981 7203069.406645813 11.38129997253418
43 1442.2364299999992 4989.2913239 7523710.308512925 11.646102905273438
44 1442.2364299999992 4754.4538516 7724609.376069993 11.904252767562866
45 1442.2364299999992 5261.585792500001 7759997.293422153 12.172761917114258
46 1442.2364299999992 5338.6252116 8091305.944316226 12.439912796020508
47 1442.2364299999992 5233.406702400001 8363847.897131221 12.708638906478882
48 1442.2364299999992 5149.101651700001 8341545.994209222 12.973906755447388
49 1442.2364299999992 5195.6152516 7085981.387739596 13.241127729415894
50 1442.2364299999992 5074.452133699999 7688271.83905507 13.506139039993286
51 1442.2364299999992 4423.3436215 7051234.554179901 13.762791872024536
52 1442.2364299999992 4727.697594100001 7544417.3257362675 14.022969961166382
53 1442.2364299999992 4880.7825638 7404792.237503748 14.282281875610352
54 1442.2364299999992 4828.8827804 6941586.054895491 14.543702840805054
55 1442.2364299999992 4471.262215600001 6218826.222168415 14.79893183708191
56 1442.2364299999992 4725.559712200001 7402668.081279193 15.060851812362671
57 1442.2364299999992 4751.517574 9428809.47877678 15.320771932601929
58 1442.2364299999992 4956.980269399999 8890222.639162488 15.586878776550293
59 1442.2364299999992 5094.8895588000005 8109615.430234986 15.853611946105957
60 1442.2364299999992 4752.437765600001 7925900.503804493 16.11289095878601
61 1442.2364299999992 4960.250430200001 8717685.29909046 16.37396502494812
62 1442.2364299999992 4727.6084068 8095713.217717925 16.636549949645996
63 1442.2364299999992 4348.6231809 5767942.350891284 16.89056706428528
64 1442.2364299999992 4296.853520099999 6086369.9847274 17.146464824676514
65 1442.2364299999992 4618.8915463 7666164.168314104 17.403577089309692
66 1442.2364299999992 4865.5150008 6293814.984251427 17.66724705696106
67 1442.2364299999992 4563.538610799999 6693093.936460488 17.92707085609436
68 1442.2364299999992 4476.5819663 6736256.153856368 18.184371948242188
69 1442.2364299999992 4156.1511248 6822502.414624405 18.438238859176636
70 1442.2364299999992 4656.4569698000005 7681636.731168016 18.69933795928955
71 1442.2364299999992 4662.413930000001 7110568.316759306 18.960275888442993
72 1442.2364299999992 4455.6215623 8096325.9301122315 19.21420192718506
73 1442.2364299999992 4426.4734274 7739788.975997337 19.46923303604126
74 1442.2364299999992 4483.345149 7465473.059346144 19.726211071014404
75 1442.2364299999992 4403.2674473 7506633.8118186155 19.984595775604248
76 1442.2364299999992 4554.00216 7317006.598368172 20.241899967193604
77 1442.2364299999992 4539.6902445999995 7788877.326449536 20.50086808204651
78 1442.2364299999992 4853.974639800002 8160515.32967826 20.762650966644287
79 1442.2364299999992 4827.422462999999 8219732.390062698 21.023721933364868
80 1442.2364299999992 4817.192145100001 7448659.366315024 21.286526918411255
81 1442.2364299999992 4872.6383149 7797783.715734827 21.549829959869385
82 1442.2364299999992 4787.514143000001 7693107.289364779 21.809866905212402
83 1442.2364299999992 4936.793594600001 7731082.698350152 22.07218289375305
84 1442.2364299999992 5020.843280000002 8115828.019719391 22.334851026535034
85 1442.2364299999992 4799.9194328 8336734.848396514 22.59853506088257
86 1442.2364299999992 4700.150861600001 8098175.33221103 22.857136964797974
87 1442.2364299999992 4787.5112615 7144829.620337989 23.117629766464233
88 1442.2364299999992 4858.335673799999 7030032.531735012 23.381904125213623
89 1442.2364299999992 4858.0932827 6080678.04092574 23.64592981338501
90 1442.2364299999992 5332.7048073000005 6298036.041223952 23.914801120758057
91 1442.2364299999992 5091.8157776 7590910.367502541 24.179714918136597
92 1442.2364299999992 4643.873860899999 6715256.107896817 24.4398410320282
93 1442.2364299999992 4937.3696287 7801841.855072795 24.706987857818604
94 1442.2364299999992 4880.6468890999995 8566513.416520923 24.968152046203613
95 1442.2364299999992 4519.6145383 8296357.245614981 25.22678279876709
96 1442.2364299999992 5100.3899779 8744415.818051627 25.49393892288208
97 1442.2364299999992 5133.8051868 8586066.290032491 25.75961995124817
98 1442.2364299999992 5302.1916335000005 7726794.150738401 26.02654504776001
99 1442.2364299999992 5439.6358182 7157485.573286463 26.292761087417603
100 1442.2364299999992 5354.7541943 8397141.831043862 26.564526081085205
101 1442.2364299999992 5132.8486106 7654382.584995004 26.83038878440857
102 1442.2364299999992 4692.5061079 6455241.1590247 27.09075903892517
103 1442.2364299999992 4935.1883876 6195318.702936134 27.350311756134033
104 1442.2364299999992 4556.3787622 7131993.758005345 27.60694694519043
105 1442.2364299999992 4739.7232338 8113224.145295212 27.86658501625061
106 1442.2364299999992 4819.2712822 8351486.065877071 28.128179788589478
107 1442.2364299999992 4392.4997073 7426782.749225352 28.385881900787354
108 1442.2364299999992 4543.2155529 7450714.067058196 28.64356279373169
109 1442.2364299999992 4756.317479900001 7761591.755181092 28.905428886413574
110 1442.2364299999992 4610.655260700001 7142819.525792715 29.167695999145508
111 1442.2364299999992 4656.3778809000005 8072737.243343912 29.4256329536438
112 1442.2364299999992 5005.2280704 7859722.5310500935 29.693145036697388
113 1442.2364299999992 4908.1105894 7679364.017169896 29.955785989761353
114 1442.2364299999992 4668.84165 7391115.810527187 30.215259075164795
115 1442.2364299999992 4774.7574271 8059450.72116294 30.477173805236816
116 1442.2364299999992 4493.4331527 6836938.556015032 30.73949885368347
117 1442.2364299999992 4780.6539674 6538652.521528119 31.00142002105713
118 1442.2364299999992 4144.1929671 6743435.761947355 31.259997844696045
119 1442.2364299999992 4367.682813800001 7271427.351136505 31.517345905303955
120 1442.2364299999992 4739.439908300001 8583205.172898844 31.776870727539062
121 1442.2364299999992 4685.0205654 8637175.73916934 32.03768992424011
122 1442.2364299999992 4504.7193664 7978194.427777184 32.29404902458191
123 1442.2364299999992 5155.143006100002 8130600.351970902 32.56210398674011
124 1442.2364299999992 4970.8350804 7908312.252076826 32.82630491256714
125 1442.2364299999992 4837.077727100001 6882733.7802982 33.09121298789978
126 1442.2364299999992 5049.744724 7194712.623977162 33.35510802268982
127 1442.2364299999992 5170.8246958 8753100.396166753 33.61859703063965
128 1442.2364299999992 4728.0046421 7471663.827713991 33.8792679309845
129 1442.2364299999992 4766.128979700001 7594839.489182703 34.14049792289734
130 1442.2364299999992 4799.235726800001 8356172.682597238 34.40294075012207
131 1442.2364299999992 4905.677958200001 8189083.687445397 34.66622877120972
132 1442.2364299999992 4937.6635931 7134837.874527476 34.92865180969238
133 1442.2364299999992 4741.0515954 7549850.822565875 35.190438747406006
134 1442.2364299999992 4615.1617547999995 7495752.249399398 35.448732137680054
135 1442.2364299999992 4778.358174599999 7400505.570226349 35.71045994758606
136 1442.2364299999992 5152.9676519 7597062.50841504 35.97503185272217
137 1442.2364299999992 4759.6589037 7231018.666637534 36.23818588256836
138 1442.2364299999992 4817.2083369 7767804.813919648 36.499390840530396
139 1442.2364299999992 4729.9866239 7126766.320969836 36.76205897331238
140 1442.2364299999992 4428.4181523 8145020.581077087 37.02092480659485
141 1442.2364299999992 4189.145878800001 7699424.506158864 37.27424097061157
142 1442.2364299999992 4340.4393689 8457713.097403834 37.532530784606934
143 1442.2364299999992 4558.6312807 8376939.256716429 37.78936696052551
144 1442.2364299999992 4225.1738233 7188683.878588143 38.0439338684082
145 1442.2364299999992 4601.753910800001 7643993.337929176 38.301546812057495
146 1442.2364299999992 4650.3032883000005 7471867.778805504 38.56173300743103
147 1442.2364299999992 4625.4990519 7225202.0928486325 38.81866097450256
148 1442.2364299999992 4454.401291900001 7691472.961335499 39.07335805892944
149 1442.2364299999992 4282.485238199999 7197995.331702275 39.327454805374146
150 1442.2364299999992 4766.111538499999 7233270.332296283 39.59027075767517
151 1442.2364299999992 4589.373721200001 6650618.897937408 39.85053205490112
152 1442.2364299999992 4579.072833200001 7272769.419974088 40.109894037246704
153 1442.2364299999992 5102.699935600001 7763945.398843665 40.37312197685242
154 1442.2364299999992 4748.118351100001 7444657.995052372 40.633394956588745
155 1442.2364299999992 5134.6052743 7975890.569404402 40.90003299713135
156 1442.2364299999992 4895.2635195 8487879.116210157 41.161031007766724
157 1442.2364299999992 5302.398033 9143173.603844766 41.4281849861145
158 1442.2364299999992 5115.821552200001 7971390.382604885 41.691144943237305
159 1442.2364299999992 4814.8578042 8526717.896024011 41.953107833862305
160 1442.2364299999992 4801.2630454 8212403.932852244 42.21584987640381
161 1442.2364299999992 4860.080567600001 8920647.32395074 42.476815938949585
162 1442.2364299999992 4355.8913556 8040917.601919697 42.73374891281128
163 1442.2364299999992 4490.8770329 7197092.132285807 42.99259376525879
164 1442.2364299999992 4387.540818 7005835.739345813 43.251303911209106
165 1442.2364299999992 4321.092520600001 6988014.5226935325 43.505868911743164
166 1442.2364299999992 4243.8963652 6809406.940744139 43.760029792785645
167 1442.2364299999992 4544.272150500001 7640458.950575148 44.01782011985779
168 1442.2364299999992 4491.0101252 7756430.275214362 44.273820877075195
169 1442.2364299999992 4482.856338 6906937.667488247 44.53092908859253
170 1442.2364299999992 4657.4741162 6988313.395537574 44.791879177093506
171 1442.2364299999992 4913.5525952 7977982.605489287 45.054898738861084
172 1442.2364299999992 4724.963694 8059169.873816563 45.31390190124512
173 1442.2364299999992 4887.479189599999 7245911.675901904 45.576103925704956
174 1442.2364299999992 5078.5467340000005 7310666.881589673 45.84116077423096
175 1442.2364299999992 5025.6326499 7778692.234343418 46.10602593421936
176 1442.2364299999992 4406.487902599999 7006391.649255083 46.36125993728638
177 1442.2364299999992 4399.727861599999 6693832.026521074 46.61695194244385
178 1442.2364299999992 4716.827929699999 7120390.004923162 46.87621593475342
179 1442.2364299999992 4590.442685599999 6883252.166835352 47.13445687294006
180 1442.2364299999992 4628.615351000001 9011558.230294848 47.391352891922
181 1442.2364299999992 4410.1036089 7920241.375795743 47.64960503578186
182 1442.2364299999992 4923.8067447 8557588.972818792 47.909201860427856
183 1442.2364299999992 4758.989055000001 8259716.245310105 48.17088603973389
184 1442.2364299999992 4271.3285382 7539130.250365541 48.42534399032593
185 1442.2364299999992 4511.9363714 8252226.855253789 48.683430910110474
186 1442.2364299999992 5029.8068817 8316692.45930702 48.945642948150635
187 1442.2364299999992 4419.685023200001 7032428.820063564 49.20130491256714
188 1442.2364299999992 4275.3088118 6532089.933711596 49.45396900177002
189 1442.2364299999992 4655.6763369 8516465.967007179 49.715152978897095
190 1442.2364299999992 4561.911782599999 7361694.785871982 49.97308301925659
191 1442.2364299999992 4532.020922500001 6803818.847977825 50.23528170585632
192 1442.2364299999992 4500.3416837 7366875.761458845 50.4936261177063
193 1442.2364299999992 4451.1289878 6593971.331484931 50.75667190551758
194 1442.2364299999992 4328.5521825 6190028.584919121 51.032026052474976
195 1442.2364299999992 4207.0674309 7588366.402186237 51.29877495765686
196 1442.2364299999992 4628.0789824 7531479.910324192 51.56301498413086
197 1442.2364299999992 4638.321665500001 8283415.55632154 51.82839393615723
198 1442.2364299999992 4745.4451434 8049687.9041385185 52.09272909164429
199 1442.2364299999992 4594.572387699999 7316991.576165085 52.35790777206421
200 1442.2364299999992 4414.6965317 6791149.749313252 52.62077188491821
201 1442.2364299999992 4325.290014500001 6508834.976693156 52.880828857421875
202 1442.2364299999992 4225.5684464000005 6853640.532888533 53.13794708251953
203 1442.2364299999992 4757.5944907 6758903.023641513 53.3965859413147
204 1442.2364299999992 4481.006930399999 6494947.858238813 53.66094899177551
205 1442.2364299999992 4193.4562563 7429402.158900939 53.920360803604126
206 1442.2364299999992 4517.3383761 8212477.392114035 54.18440008163452
207 1442.2364299999992 4598.4842679 8735611.895856164 54.450355768203735
208 1442.2364299999992 4722.1029419 7933277.399189469 54.71398997306824
209 1442.2364299999992 4870.5715019 7227252.391753529 54.981682777404785
210 1442.2364299999992 4859.299433099999 7593935.646613266 55.24718880653381
211 1442.2364299999992 5032.875922300001 7666704.764373524 55.51403594017029
212 1442.2364299999992 4399.5370642 7752022.773444427 55.770668029785156
213 1442.2364299999992 4535.201465499999 7483973.363034228 56.02951788902283
214 1442.2364299999992 4682.4604815 7272288.1970224455 56.294275999069214
215 1442.2364299999992 4622.3620649 7528037.356381315 56.55527997016907
216 1442.2364299999992 4704.7770979000015 6874006.448108263 56.81605291366577
217 1442.2364299999992 4760.1956608 6947828.446935078 57.079702854156494
218 1442.2364299999992 4877.035410200001 7743515.332605625 57.341110944747925
219 1442.2364299999992 4489.1657528 6590626.2942207325 57.60112404823303
220 1442.2364299999992 4802.7219053 6958839.03022921 57.86512303352356
221 1442.2364299999992 4702.1024084 6815464.450018241 58.12853384017944
222 1442.2364299999992 4296.648385400001 6629026.3344695475 58.39077401161194
223 1442.2364299999992 4302.476049100001 6945935.133271467 58.64835977554321
224 1442.2364299999992 4239.869202 6642416.2204475235 58.903544902801514
225 1442.2364299999992 4288.440801500001 6757706.11189939 59.15906596183777
226 1442.2364299999992 4690.404369700001 7780473.6598497415 59.421114921569824
227 1442.2364299999992 4470.466243700001 7197838.454650265 59.68084192276001
228 1442.2364299999992 4608.417476400001 7562062.193039076 59.947350025177
229 1442.2364299999992 4927.9197334 7784630.204288879 60.21304798126221
230 1442.2364299999992 4618.5443771 8054681.0615735445 60.472967863082886
231 1442.2364299999992 5168.0747294 7535663.616097527 60.74183106422424
232 1442.2364299999992 5095.1864608000005 8514692.969356803 61.01969885826111
233 1442.2364299999992 4750.5174776 7721685.969902605 61.282784938812256
234 1442.2364299999992 4596.2426543 7547610.137322521 61.54145288467407
235 1442.2364299999992 4534.8583384 7281401.008611001 61.80310583114624
236 1442.2364299999992 5277.6620475 7729517.586312277 62.06872582435608
237 1442.2364299999992 4879.3713285 7456798.3395748185 62.335710763931274
238 1442.2364299999992 4960.127021400001 7735530.477434636 62.60070586204529
239 1442.2364299999992 4944.056629800001 7815548.266949479 62.86256504058838
240 1442.2364299999992 5184.595228000001 7898179.468432107 63.1344199180603
241 1442.2364299999992 4992.7208167 7483142.228990617 63.39640188217163
242 1442.2364299999992 4881.074843400001 7577774.511288778 63.65884304046631
243 1442.2364299999992 4674.541453000001 7992503.400118793 63.920942068099976
244 1442.2364299999992 4873.728266700001 7832756.587293991 64.18691182136536
245 1442.2364299999992 5094.2058501 7913563.044943189 64.45399689674377
246 1442.2364299999992 5135.679354100001 8779694.64224619 64.72285580635071
247 1442.2364299999992 4851.8120353 9012399.338499641 64.99015498161316
248 1442.2364299999992 4829.7899755 8649984.981033213 65.25483679771423
249 1442.2364299999992 4832.452714399999 8341664.149109258 65.51789593696594
1442.2364299999992 65.77887296676636
3
0 9223372036854775807 9580.009409800005 898917.5805150836 0.21268510818481445
1 3049.255940000001 8921.488608700001 1474041.0470748544 0.5630438327789307
2 2326.4087400000003 7349.412959000001 6140264.327573137 0.8642079830169678
3 1672.1858099999986 6270.231759300001 6921498.872638197 1.1363599300384521
4 1511.996949999999 5610.2208937 6882832.873829708 1.4129271507263184
5 1507.912589999999 5101.4875122 7246919.744833743 1.6777160167694092
6 1484.9002599999985 5197.695025700001 7503771.363335396 1.9452719688415527
7 1484.9002599999985 5236.4009076 7512571.888158536 2.2173781394958496
8 1484.9002599999985 5079.848745 7766400.852480327 2.4852030277252197
9 1484.9002599999985 4648.754270400001 8312957.85544994 2.745496988296509
10 1484.9002599999985 4641.773978900001 8625126.631947512 3.0039498805999756
11 1484.9002599999985 4899.2681013 7727187.0278346 3.266247034072876
12 1484.9002599999985 5060.7154529 7610625.275740011 3.52822208404541
13 1484.9002599999985 5112.2318156 7846308.5009298185 3.7947840690612793
14 1484.9002599999985 4400.3298946 7483060.69005239 4.054241180419922
15 1484.9002599999985 4421.603889999999 6416017.4533505365 4.31208610534668
16 1484.9002599999985 4389.8921268 6336843.983755692 4.569156885147095
17 1484.9002599999985 4476.330105700001 5646454.405556142 4.829569101333618
18 1442.2364299999992 4570.4180649 6554966.150261581 5.092116117477417
19 1442.2364299999992 4826.5969362 6517567.72752823 5.35443902015686
20 1442.2364299999992 4835.8614285 7756941.574198867 5.616758108139038
21 1442.2364299999992 4844.3882214000005 7295194.366449278 5.8809990882873535
22 1442.2364299999992 4365.5218018000005 6856461.744661448 6.13761305809021
23 1442.2364299999992 4620.634022300001 7195426.012311526 6.396362066268921
24 1442.2364299999992 5097.3009738 8064721.378804547 6.6637561321258545
25 1442.2364299999992 4832.6670875 7323788.521028722 6.9314069747924805
26 1442.2364299999992 4509.3292988 6341840.886603378 7.195436000823975
27 1442.2364299999992 4942.6026222 8113239.369644945 7.463109970092773
28 1442.2364299999992 4986.0227567 7680728.815866799 7.730175018310547
29 1442.2364299999992 4781.0142221 8334615.871568583 7.996056079864502
30 1442.2364299999992 4675.0884668 7646436.29491149 8.257489919662476
31 1442.2364299999992 5100.326822 8647879.599493029 8.530915975570679
32 1442.2364299999992 4645.025816300002 7909080.522611418 8.794748067855835
33 1442.2364299999992 4631.6707543 8128285.716293216 9.053325176239014
34 1442.2364299999992 5167.1581124 7323664.051610522 9.318845987319946
35 1442.2364299999992 4566.691661300001 7949104.97908543 9.576980113983154
36 1442.2364299999992 4639.773281700001 8802349.383371895 9.837155818939209
37 1442.2364299999992 4558.8756845 7518750.010327462 10.095991849899292
38 1442.2364299999992 4830.260003300001 7533629.21899058 10.35907793045044
39 1442.2364299999992 4777.0213276 7387070.46837323 10.62558388710022
40 1442.2364299999992 4315.2248972 6240452.747095453 10.887887954711914
41 1442.2364299999992 4425.7410423 6255016.992227014 11.148662090301514
42 1442.2364299999992 4640.5342796 6689129.101718839 11.41386604309082
43 1442.2364299999992 4561.451691100001 7783551.797990561 11.672904968261719
44 1442.2364299999992 4607.150902800001 7794600.045985173 11.93479299545288
45 1442.2364299999992 4680.0283183 7015257.398692548 12.19638991355896
46 1442.2364299999992 4811.304297700001 7125363.992574486 12.458427906036377
47 1442.2364299999992 4718.9230640000005 7155236.255955454 12.718656063079834
48 1442.2364299999992 4818.6278864 6432303.597690148 12.984084129333496
49 1442.2364299999992 4731.6089774 7160674.112302627 13.247997999191284
50 1442.2364299999992 4735.316382200001 7231208.559755484 13.50951099395752
51 1442.2364299999992 4880.4450774 7345371.567143369 13.776433944702148
52 1442.2364299999992 4548.7579086000005 7229806.708162392 14.036234140396118
53 1442.2364299999992 4532.2333143000005 7582246.562349595 14.294418096542358
54 1442.2364299999992 5038.6950721 6957044.2316417275 14.556336879730225
55 1442.2364299999992 4807.651266 6600760.131958846 14.81936001777649
56 1442.2364299999992 4361.1082049999995 7052525.413789351 15.076704978942871
57 1442.2364299999992 4507.9062669 6965748.925552879 15.333741903305054
58 1442.2364299999992 4467.1124836 7150548.615063417 15.590479850769043
59 1442.2364299999992 4704.685222000001 6506566.991719294 15.85115909576416
60 1442.2364299999992 5050.5870545 8207721.216618558 16.115270853042603
61 1442.2364299999992 4764.040854 6853071.559958701 16.378161907196045
62 1442.2364299999992 4860.7064254 7551150.476670039 16.64106512069702
63 1442.2364299999992 5052.440036600001 7356884.864542672 16.904829025268555
64 1442.2364299999992 4901.817818300001 9139167.703682708 17.166172981262207
65 1442.2364299999992 4882.925884600001 8599926.923734184 17.42978310585022
66 1442.2364299999992 4844.872154400001 7607182.496073555 17.691547870635986
67 1442.2364299999992 4409.213101100001 7171901.153151801 17.946388959884644
68 1442.2364299999992 4648.3681032 7180903.523273081 18.2068932056427
69 1442.2364299999992 4583.6113424999985 6243585.212108647 18.464123010635376
70 1442.2364299999992 4682.3604421 6971062.921789064 18.724926948547363
71 1442.2364299999992 4862.4412053999995 7440338.693262417 18.983078002929688
72 1442.2364299999992 4861.550720800001 7813074.762983795 19.24509286880493
73 1442.2364299999992 4644.2786268 7898200.5855082655 19.503374814987183
74 1442.2364299999992 4605.4679083 7329703.328130087 19.763925075531006
75 1442.2364299999992 4782.4973672000015 7737386.746906863 20.024894952774048
76 1442.2364299999992 4775.471738700001 8470569.5179285 20.28524398803711
77 1442.2364299999992 4990.901336700002 7344985.708581762 20.549524068832397
78 1442.2364299999992 5110.849138199999 8717362.950683238 20.813843965530396
79 1442.2364299999992 5174.757259000001 8478138.577908924 21.079389095306396
80 1442.2364299999992 4824.460500500001 7070346.196731963 21.341325998306274
81 1442.2364299999992 5064.8463661999995 8897283.514027989 21.60649085044861
82 1442.2364299999992 4813.7477013 7798545.241948173 21.867671012878418
83 1442.2364299999992 4929.8087252 8106154.439957419 22.13366985321045
84 1442.2364299999992 4708.1670093 8044211.062667161 22.39516806602478
85 1442.2364299999992 4933.5250375000005 8089690.139848806 22.65807604789734
86 1442.2364299999992 4426.427023900001 7374494.280764668 22.917474031448364
87 1442.2364299999992 4717.028004600001 7950653.77454446 23.178579092025757
88 1442.2364299999992 4787.8867857 7427596.256689485 23.43549394607544
89 1442.2364299999992 5188.376654600001 7789816.762976011 23.702620029449463
90 1442.2364299999992 4937.9300767 7842544.519518537 23.967196941375732
91 1442.2364299999992 5015.7790626999995 7981971.270041586 24.230841875076294
92 1442.2364299999992 5034.5260837999995 7497656.105759632 24.495576858520508
93 1442.2364299999992 4920.0823109 9176204.143609729 24.757139921188354
94 1442.2364299999992 4920.820924400001 8268188.4886523215 25.02094292640686
95 1442.2364299999992 5302.864439100001 7442201.5781801315 25.29039216041565
96 1442.2364299999992 5354.768484999999 7439538.015387936 25.5557119846344
97 1442.2364299999992 5700.912049200002 10223927.013951397 25.82862114906311
98 1442.2364299999992 5249.3468147 9532176.703137971 26.0927791595459
99 1442.2364299999992 4776.6999461 9215709.88080604 26.355189085006714
100 1442.2364299999992 4417.753186800001 8547994.367396744 26.60869598388672
101 1442.2364299999992 4605.936331500001 8052406.492115546 26.868072032928467
102 1442.2364299999992 4419.2882505 7379629.124765324 27.1233549118042
103 1442.2364299999992 4684.493608700001 7844416.72912822 27.381133794784546
104 1442.2364299999992 4649.679396400001 7438266.542456472 27.642098903656006
105 1442.2364299999992 4450.208887400001 6655580.5278061405 27.898875951766968
106 1442.2364299999992 4548.411347699999 7835663.646645813 28.16003108024597
107 1442.2364299999992 4539.4794337 7688562.631218151 28.41629195213318
108 1442.2364299999992 4416.2346978 7318671.00492351 28.672205924987793
109 1442.2364299999992 4882.270664 7805786.260130899 28.933559894561768
110 1442.2364299999992 4930.32782 6918664.741102598 29.194129943847656
111 1442.2364299999992 5047.069987000001 8864792.90502856 29.458208084106445
112 1442.2364299999992 4886.0740059 8477131.263383627 29.720734119415283
113 1442.2364299999992 4768.113439500001 8323103.0805751495 29.98056197166443
114 1442.2364299999992 5070.920245900001 7981240.033436395 30.247269868850708
115 1442.2364299999992 5427.455038000002 8211898.980600809 30.513493061065674
116 1442.2364299999992 4820.443135 6317102.04582589 30.775212049484253
117 1442.2364299999992 4950.1623295 8361569.407430554 31.0382878780365
118 1442.2364299999992 4566.143143400001 8019723.089874974 31.296270847320557
119 1442.2364299999992 4630.9327235 8085266.355561025 31.554776906967163
120 1442.2364299999992 4822.284147200001 8526477.017681837 31.81674098968506
121 1442.2364299999992 4830.3064757 7582366.656213291 32.07730197906494
122 1442.2364299999992 4757.658834400001 8533488.883231824 32.3400661945343
123 1442.2364299999992 4865.6824617 8422951.914160186 32.60225200653076
124 1442.2364299999992 4763.1815929 7877689.826320385 32.86202096939087
125 1442.2364299999992 4506.612541099999 7779499.543050337 33.12051486968994
126 1442.2364299999992 4311.517943099999 6384825.459533861 33.37702989578247
127 1442.2364299999992 4434.184949099999 5641062.649465302 33.63312005996704
128 1442.2364299999992 4624.9381021 5896352.1857189955 33.89227294921875
129 1442.2364299999992 4948.7278845 6419613.032366394 34.155827045440674
130 1442.2364299999992 4554.5445998000005 6108679.710400534 34.413349866867065
131 1442.2364299999992 4518.5777186000005 6761906.7384853065 34.67186212539673
132 1442.2364299999992 4897.0995478 7641581.402665424 34.937949895858765
133 1442.2364299999992 4546.7252364999995 7212025.919442112 35.19741606712341
134 1442.2364299999992 5114.5508912 6655003.725792812 35.46352481842041
135 1442.2364299999992 4945.4612271000005 7816127.9451442305 35.728533029556274
136 1442.2364299999992 5123.0979528 8637210.164912226 35.99149489402771
137 1442.2364299999992 5045.8481304 8829978.973431502 36.25570321083069
138 1442.2364299999992 4668.1368084 7652316.34114554 36.512962102890015
139 1442.2364299999992 4858.50882 8211057.741408075 36.775768995285034
140 1442.2364299999992 4729.8441828 7994474.312438616 37.03668689727783
141 1442.2364299999992 5245.1107319 7571361.227634252 37.300617933273315
142 1442.2364299999992 4766.3970596 8300592.510507766 37.561038970947266
143 1442.2364299999992 4655.5372019 7018587.807443994 37.82207012176514
144 1442.2364299999992 4364.0226764 5698351.416839143 38.07767415046692
145 1442.2364299999992 4297.415465500001 6750239.834385896 38.33358120918274
146 1442.2364299999992 4341.5982486 7337822.82536685 38.5876579284668
147 1442.2364299999992 4383.117820699999 7122397.854815398 38.84611797332764
148 1442.2364299999992 4951.8162305 7916976.888859427 39.106152057647705
149 1442.2364299999992 4580.8728235 7779167.667877449 39.36129903793335
150 1442.2364299999992 4808.368556899999 7532080.69772292 39.62217879295349
151 1442.2364299999992 4701.6732021 8483110.685699733 39.882559061050415
152 1442.2364299999992 5127.2155358 8457680.413312774 40.14644694328308
153 1442.2364299999992 5209.4847766 7700475.058526763 40.41025900840759
154 1442.2364299999992 5096.607419 7928891.698621443 40.674402952194214
155 1442.2364299999992 4830.386251700001 8463424.353282863 40.93760013580322
156 1442.2364299999992 4428.3299686 6998465.712326687 41.19677186012268
157 1442.2364299999992 4608.745247700001 6851725.927016493 41.454643964767456
158 1442.2364299999992 4798.390552100001 7786987.963586032 41.71629595756531
159 1442.2364299999992 4723.7614570999995 8162797.421258164 41.97940683364868
160 1442.2364299999992 4702.837591200001 7895668.084226228 42.24162697792053
161 1442.2364299999992 4698.2787289 7682790.33594498 42.503247022628784
162 1442.2364299999992 4948.392767900001 7997753.390737697 42.76781392097473
163 1442.2364299999992 5054.387220600001 7444584.026812006 43.030539989471436
164 1442.2364299999992 4758.539278300002 8226770.986225747 43.29048204421997
165 1442.2364299999992 4697.7821243 8651787.86153201 43.54881310462952
166 1442.2364299999992 4965.340792500001 7964142.987624012 43.816800117492676
167 1442.2364299999992 5249.7811778000005 9006519.555104278 44.08539295196533
168 1442.2364299999992 5140.794772600001 9183256.637344537 44.34994888305664
169 1442.2364299999992 5336.352349100002 8708578.209427578 44.61611819267273
170 1442.2364299999992 5200.0499752000005 7575913.258294515 44.88285183906555
171 1442.2364299999992 5142.175893600001 8719084.69680683 45.14590811729431
172 1442.2364299999992 4466.927076700001 7768630.295961786 45.40102505683899
173 1442.2364299999992 4512.9132169 7614742.693692424 45.65868401527405
174 1442.2364299999992 4687.1945579 7593985.198562171 45.91943311691284
175 1442.2364299999992 4652.9059412 8285207.370263927 46.18044400215149
176 1442.2364299999992 4424.8148679999995 8369218.611917878 46.43742895126343
177 1442.2364299999992 4346.9660664 7601453.615615301 46.694445848464966
178 1442.2364299999992 4292.294901 6661665.627920269 46.94835901260376
179 1442.2364299999992 4460.4246137 6780878.461512513 47.20505881309509
180 1442.2364299999992 4351.030908600001 6855539.11680913 47.4596049785614
181 1442.2364299999992 4688.1628525 7606771.690100342 47.720458984375
182 1442.2364299999992 4610.9956207000005 6350460.143295953 47.98015379905701
183 1442.2364299999992 4588.938719999999 7363909.490301921 48.239116191864014
184 1442.2364299999992 4414.9780046999995 7014414.599638428 48.4928240776062
185 1442.2364299999992 5099.649341 7209449.967761283 48.76154184341431
186 1442.2364299999992 4773.0135291999995 6799072.802966324 49.0198769569397
187 1442.2364299999992 4824.446813099999 8026202.475068276 49.28090810775757
188 1442.2364299999992 4799.7992501 7545832.434101576 49.543643951416016
189 1442.2364299999992 4575.1925715 8141892.059521761 49.80241584777832
190 1442.2364299999992 4709.2332616 8514473.65646998 50.06384801864624
191 1442.2364299999992 4703.4412873 8178646.396932853 50.32494115829468
192 1442.2364299999992 4980.055630500001 7869953.723695356 50.586801052093506
193 1442.2364299999992 4969.379855500001 9347626.758937944 50.852062940597534
194 1442.2364299999992 4870.9458637 8923290.85707166 51.11029601097107
195 1442.2364299999992 5172.6201424 7209167.95169898 51.37555480003357
196 1442.2364299999992 5207.0999216 7653778.8985088095 51.640520095825195
197 1442.2364299999992 4877.104219 6195863.917333681 51.90293097496033
198 1442.2364299999992 4809.771711 6648318.909192349 52.16372513771057
199 1442.2364299999992 4615.2554939 7125280.363007255 52.421714067459106
200 1442.2364299999992 4166.6939168 6264237.545187266 52.67395997047424
201 1442.2364299999992 4301.797347199999 7273384.809684921 52.92916798591614
202 1442.2364299999992 4789.9373838 8634314.581666164 53.192378997802734
203 1442.2364299999992 4743.345915400001 8318995.869105812 53.45249009132385
204 1442.2364299999992 4368.1229762 7587240.976328731 53.711371183395386
205 1442.2364299999992 5020.9680136 9165760.953723378 53.97316789627075
206 1442.2364299999992 5181.233791100001 8227380.335599788 54.23961400985718
207 1442.2364299999992 5146.6485704 8334851.604171813 54.50641393661499
208 1442.2364299999992 5126.7487052 7981120.273245568 54.77111792564392
209 1442.2364299999992 5145.497690600001 8817492.154790014 55.03694486618042
210 1442.2364299999992 4402.862720900001 6582903.41645257 55.29217600822449
211 1442.2364299999992 4537.313148300001 7301511.786924976 55.55017399787903
212 1442.2364299999992 4736.8114076 7520505.281978027 55.81267476081848
213 1442.2364299999992 5004.0854989 8483597.16319489 56.076093912124634
214 1442.2364299999992 5207.804452399999 8461092.051218783 56.34165620803833
215 1442.2364299999992 4907.0192929 8113749.783006336 56.605117082595825
216 1442.2364299999992 5182.7973841 7239228.220817674 56.87318682670593
217 1442.2364299999992 5142.6636293 9079663.030518776 57.13578820228577
218 1442.2364299999992 4662.4672364 8145427.066397146 57.391106843948364
219 1442.2364299999992 5251.686083399999 7694422.610551931 57.65668511390686
220 1442.2364299999992 5017.965354799999 8360641.112983492 57.9228789806366
221 1442.2364299999992 5001.719792499999 8343181.077837516 58.18577003479004
222 1442.2364299999992 5061.6561325 8782930.998840084 58.45008993148804
223 1442.2364299999992 4489.7649232 6903076.776483561 58.707863092422485
224 1442.2364299999992 4411.9725863 6569765.024952455 58.96410918235779
225 1442.2364299999992 4193.1152096999995 7686093.90569899 59.21770000457764
226 1442.2364299999992 4528.022071400001 7272304.359872005 59.47601318359375
227 1442.2364299999992 4706.949392600001 7057464.405156599 59.73783087730408
228 1442.2364299999992 4633.665175700001 8478030.338886516 59.99565505981445
229 1442.2364299999992 4200.3797368 7651481.310538109 60.24910497665405
230 1442.2364299999992 4426.868439300001 8328577.893000245 60.50425982475281
231 1442.2364299999992 4145.2802622 7094231.481054041 60.757850885391235
232 1442.2364299999992 4598.174283900001 7992807.63223058 61.01576900482178
233 1442.2364299999992 5018.7995946 9397049.971993905 61.280850887298584
234 1442.2364299999992 4965.1528059 9082830.39931021 61.54079294204712
235 1442.2364299999992 5014.5235433 8951609.615533719 61.805431842803955
236 1442.2364299999992 5121.939080900001 8764367.989099473 62.071627140045166
237 1442.2364299999992 5081.1955254 7235084.8934989525 62.33864498138428
238 1442.2364299999992 4971.6745573 6958879.797494543 62.60125803947449
239 1442.2364299999992 4736.0418788 8580843.990100238 62.862032890319824
240 1442.2364299999992 5099.6756382 7882999.168836972 63.125393867492676
241 1442.2364299999992 4826.818341699999 7171615.4310971685 63.38890600204468
242 1442.2364299999992 4845.7728209 7611624.759452214 63.648855209350586
243 1442.2364299999992 4976.1079942999995 8620096.630208172 63.911837100982666
244 1442.2364299999992 4991.9370532 8799254.922898635 64.17650198936462
245 1442.2364299999992 5105.0847101 9008983.93870983 64.43692898750305
246 1442.2364299999992 5319.619511700002 8228160.876649692 64.7046549320221
247 1442.2364299999992 4910.8976852999995 9697908.961272383 64.96631789207458
248 1442.2364299999992 5300.822281800001 9606012.58970237 65.23634099960327
249 1442.2364299999992 5459.293122500002 9261693.167432152 65.50294303894043
1442.2364299999992 65.76717185974121
