MO5
250 1408.76638
1
0 9223372036854775807 9241.817469899994 928613.5681952314 0.2055060863494873
1 3356.85459 8716.116922399999 1525561.1105710291 0.5565011501312256
2 2381.9623500000002 7492.704000999998 4285365.806267433 0.8643651008605957
3 1871.0456200000003 6619.7979435 5912832.626845301 1.1478490829467773
4 1616.544400000001 5831.945878400001 6750267.840733163 1.417060136795044
5 1569.3427200000003 5467.638430800001 6595147.687715066 1.679333209991455
6 1561.838700000001 5053.0430991 6977323.634554987 1.9397101402282715
7 1532.7983800000006 5007.833526099999 7560749.666858851 2.2034430503845215
8 1413.8106600000006 4427.9767234 7132313.548995082 2.4585800170898438
9 1413.8106600000006 4222.5706230000005 6368972.683485879 2.7133262157440186
10 1408.766380000001 4322.8230465 6555299.06492787 2.967363119125366
11 1408.766380000001 4650.1756446 7373063.887423967 3.2265231609344482
12 1408.766380000001 4545.0463573 7494171.831465697 3.4843993186950684
13 1408.766380000001 5170.167363099999 8510749.163520668 3.7482099533081055
14 1408.766380000001 4879.787369699999 8180021.336232193 4.008395195007324
15 1408.766380000001 4863.5709283 7295484.357549207 4.26550817489624
16 1408.766380000001 5008.6328871 7430356.315511758 4.527249097824097
17 1408.766380000001 4892.5605828 7423823.465678938 4.792795181274414
18 1408.766380000001 4768.3975845 7573170.790825236 5.051613092422485
19 1408.766380000001 4701.537101299999 8182028.458650124 5.316687107086182
20 1408.766380000001 4638.653579700001 7660018.35629624 5.582854986190796
21 1408.766380000001 4675.2456688 7291905.392357891 5.8494579792022705
22 1408.766380000001 4968.0190979 7578805.960334629 6.114630937576294
23 1408.766380000001 4718.212532399999 7906938.1782186255 6.375685930252075
24 1408.766380000001 4775.9758409999995 7767811.915795956 6.635894060134888
25 1408.766380000001 4380.708354300001 7421001.098216836 6.891057968139648
26 1408.766380000001 4216.521640800001 7444754.036001852 7.144590139389038
27 1408.766380000001 4322.9730192 7703836.287915367 7.396672010421753
28 1408.766380000001 4223.334576799999 7518473.641149733 7.6486570835113525
29 1408.766380000001 4466.373686100001 7170955.777045093 7.906353950500488
30 1408.766380000001 4568.2143333 8189215.167325234 8.165426015853882
31 1408.766380000001 4852.7452576 7088812.329686655 8.426175117492676
32 1408.766380000001 5053.729966700001 8287914.378577322 8.689663171768188
33 1408.766380000001 4672.4476491000005 8043485.469741733 8.94917607307434
34 1408.766380000001 4937.0464599 8573780.837636279 9.210039138793945
35 1408.766380000001 5059.2780711 7665359.763546038 9.475609302520752
36 1408.766380000001 5054.515691299999 8298873.82505762 9.741562128067017
37 1408.766380000001 4730.7293916 7662084.724152202 10.001719236373901
38 1408.766380000001 4274.3483748 6509982.362205324 10.254122018814087
39 1408.766380000001 4202.044558500001 6413370.584956633 10.508188962936401
40 1408.766380000001 4034.0425259000003 5605285.734373791 10.763758182525635
41 1408.766380000001 3837.1869968 5601057.009990339 11.015281915664673
42 1408.766380000001 4205.401931800001 6707775.842451654 11.271195888519287
43 1408.766380000001 4097.5092092 5978993.878604191 11.524564027786255
44 1408.766380000001 4129.0617576 6930585.726343094 11.77467131614685
45 1408.766380000001 4115.9142172 5705673.836651367 12.030113220214844
46 1408.766380000001 4415.1135633 6427804.353073823 12.2899169921875
47 1408.766380000001 4474.7634601 7871415.479378195 12.543500185012817
48 1408.766380000001 4509.8506232 7639762.734623042 12.804725170135498
49 1408.766380000001 4750.5198057 7836777.516456855 13.065052032470703
50 1408.766380000001 4814.2246866000005 7699527.154527759 13.326516151428223
51 1408.766380000001 5014.8813271 8755003.286218572 13.590625047683716
52 1408.766380000001 4654.8887094 8218647.690082038 13.84677004814148
53 1408.766380000001 4766.096754899999 7323684.1990522705 14.108278036117554
54 1408.766380000001 4733.5835743 7560763.861827722 14.366579055786133
55 1408.766380000001 4393.9429506999995 7028856.697919816 14.621860265731812
56 1408.766380000001 4584.089911 8284386.073538857 14.87596607208252
57 1408.766380000001 4723.520401600001 7931805.392340517 15.134790897369385
58 1408.766380000001 4889.6723226 7963474.580781421 15.398031234741211
59 1408.766380000001 4868.4551469 7688246.880851087 15.659104108810425
60 1408.766380000001 4852.4754198 7970766.0471385075 15.920613288879395
61 1408.766380000001 5141.0956635 8542989.213023378 16.182576894760132
62 1408.766380000001 4794.8808643 7160669.9326792685 16.441436052322388
63 1408.766380000001 4925.2480565 7559821.418569285 16.703109979629517
64 1408.766380000001 4870.69712 9159182.979846738 16.969978094100952
65 1408.766380000001 4857.756751299999 8317701.692071539 17.231964111328125
66 1408.766380000001 4943.48025 8503286.245775582 17.49286913871765
67 1408.766380000001 4990.7629709 7484131.7451064 17.75310492515564
68 1408.766380000001 4685.6050749 7062701.474930489 18.013548135757446
69 1408.766380000001 4985.4281088 6664248.338998488 18.27270197868347
70 1408.766380000001 4840.581082000001 8565998.199162759 18.53319001197815
71 1408.766380000001 5004.049321699999 8424796.854194889 18.79444909095764
72 1408.766380000001 5010.5733715999995 7756744.673230409 19.0544650554657
73 1408.766380000001 4858.1057447 6582787.694202172 19.313090085983276
74 1408.766380000001 4710.463774599999 7671374.611173935 19.568408250808716
75 1408.766380000001 4555.9084953 7710826.850026517 19.827325105667114
76 1408.766380000001 4168.3594911 7009423.374098957 20.080859899520874
77 1408.766380000001 4478.186594899999 7282598.8612735085 20.336944341659546
78 1408.766380000001 4644.913310499999 7378649.666738638 20.5937180519104
79 1408.766380000001 4377.2655761 7106195.184238152 20.846235275268555
80 1408.766380000001 4109.388111199999 6512721.814225779 21.095092058181763
81 1408.766380000001 4201.471238499999 6951947.38453301 21.347519159317017
82 1408.766380000001 4574.502210299999 6539414.651964527 21.602131128311157
83 1408.766380000001 4608.3821691 7067668.000481021 21.857019186019897
84 1408.766380000001 5144.139556499999 8552939.792299047 22.11927032470703
85 1408.766380000001 4931.333866699999 8352298.755363944 22.378957271575928
86 1408.766380000001 4850.111092599999 7795637.447732004 22.6349880695343
87 1408.766380000001 4878.709064199999 8391735.22954718 22.8929340839386
88 1408.766380000001 4633.439047499999 8642211.781522851 23.147979021072388
89 1408.766380000001 4446.0728954 8358089.757125098 23.401156187057495
90 1408.766380000001 4650.387827 7799208.31557036 23.656516313552856
91 1408.766380000001 4700.672817000001 8495710.928906383 23.91407322883606
92 1408.766380000001 4616.2605841 7815517.120309304 24.167869091033936
93 1408.766380000001 4875.57014 8013431.750307863 24.426228046417236
94 1408.766380000001 5184.793237999999 7934080.8782379 24.692819118499756
95 1408.766380000001 5003.505495499999 7930088.250554621 24.95347809791565
96 1408.766380000001 5313.567285300001 8204464.4870163165 25.215288162231445
97 1408.766380000001 5293.565595399999 7604689.802612746 25.48012924194336
98 1408.766380000001 4724.649498999999 7419847.904257804 25.735870122909546
99 1408.766380000001 4538.2465684 7946703.811547663 25.992250204086304
100 1408.766380000001 4668.0226028 7814684.939057025 26.249874114990234
101 1408.766380000001 5047.480250599999 8550506.104848702 26.510961055755615
102 1408.766380000001 4747.7462263 7903718.501909898 26.768826246261597
103 1408.766380000001 4730.3296544 7388406.4211047515 27.027650117874146
104 1408.766380000001 4474.5103136 7054149.112808233 27.280603885650635
105 1408.766380000001 4362.8773550999995 7451054.617179833 27.5314199924469
106 1408.766380000001 4075.1523459 6718561.119372439 27.779255151748657
107 1408.766380000001 4576.5453990999995 7976631.157467021 28.035996913909912
108 1408.766380000001 5039.335666699999 8061739.534059521 28.297231197357178
109 1408.766380000001 4687.187193899999 7464175.621593662 28.552151203155518
110 1408.766380000001 4359.704827999999 6557016.394928528 28.804468154907227
111 1408.766380000001 4259.408494699999 6596394.398008263 29.055164098739624
112 1408.766380000001 4459.511141099999 7719678.202271083 29.310205936431885
113 1408.766380000001 4373.5576163000005 8149350.083610292 29.566288232803345
114 1408.766380000001 4597.6910498 7805657.672206283 29.82204818725586
115 1408.766380000001 5114.7877515 6886548.239553391 30.086218118667603
116 1408.766380000001 4866.845635799999 7440417.024700093 30.346606254577637
117 1408.766380000001 4843.0703932999995 8364030.771984962 30.605090141296387
118 1408.766380000001 4794.6252579 8194074.262140844 30.862040281295776
119 1408.766380000001 4503.5256786 7187610.496656556 31.119405269622803
120 1408.766380000001 4209.451710699999 6469349.858162369 31.36911416053772
121 1408.766380000001 4507.683231999999 6218468.828691164 31.621772050857544
122 1408.766380000001 4529.6912587 7969767.864106288 31.879706144332886
123 1408.766380000001 4603.278113799998 8725772.23891917 32.13758420944214
124 1408.766380000001 4897.791026499999 8719548.040679945 32.39916014671326
125 1408.766380000001 4372.301344399998 8467416.699865391 32.652058124542236
126 1408.766380000001 4273.561725 8224799.142785728 32.902963161468506
127 1408.766380000001 4406.619819099999 6400352.8989712 33.15502119064331
128 1408.766380000001 4595.094803599999 6473283.799608611 33.414573192596436
129 1408.766380000001 4651.3600218 7047545.143731835 33.668015241622925
130 1408.766380000001 4856.0455896 7080107.46152533 33.92704701423645
131 1408.766380000001 4842.129538799999 7200543.732622658 34.186367988586426
132 1408.766380000001 4737.747902 7730015.7941033 34.444315910339355
133 1408.766380000001 4949.5285421 8039703.387309908 34.70440602302551
134 1408.766380000001 4910.2108011 8196714.087500104 34.96872401237488
135 1408.766380000001 4912.645701399999 7882579.017837934 35.22822713851929
136 1408.766380000001 4447.3975307 7777389.906809751 35.48208999633789
137 1408.766380000001 4493.8127273 6895760.605324054 35.734983921051025
138 1408.766380000001 4845.6734473 7469111.474826163 35.995328187942505
139 1408.766380000001 4677.4670453 6996248.486116591 36.25467228889465
140 1408.766380000001 5011.3844006 7502073.055785494 36.51609015464783
141 1408.766380000001 4669.8978673 7326901.406229527 36.771974086761475
142 1408.766380000001 5175.8338570999995 7488949.226081002 37.0341591835022
143 1408.766380000001 4953.3015154 6921868.976324123 37.292795181274414
144 1408.766380000001 4545.0038989 6948223.035664943 37.54523301124573
145 1408.766380000001 4637.3752871 7613584.711793359 37.79959297180176
146 1408.766380000001 4620.901501799999 8046074.098516535 38.054946184158325
147 1408.766380000001 4703.7199908 7153522.8951906 38.31357431411743
148 1408.766380000001 4848.0917076999995 6249931.644972734 38.572412967681885
149 1408.766380000001 4903.0800233 7081915.824188329 38.83155417442322
150 1408.766380000001 4533.7694137 7810356.058399878 39.086430072784424
151 1408.766380000001 4902.787952399999 7650641.633153752 39.34714913368225
152 1408.766380000001 4921.0628239 7093970.265331468 39.60733699798584
153 1408.766380000001 5265.3616613 7410871.083611373 39.87095808982849
154 1408.766380000001 5312.5910712 8456496.637091774 40.1361448764801
155 1408.766380000001 5148.3274127 8521401.42643283 40.39833116531372
156 1408.766380000001 5161.111114299999 7998950.648068008 40.66109800338745
157 1408.766380000001 4972.883729699999 7302719.570580828 40.924559116363525
158 1408.766380000001 4592.2349853 8229353.476710964 41.180169105529785
159 1408.766380000001 4318.9791708 7504607.417562123 41.43207406997681
160 1408.766380000001 4740.0242275 7699034.416458478 41.689054012298584
161 1408.766380000001 4525.813042899999 7995645.972911408 41.943183183670044
162 1408.766380000001 4522.5587077 7036934.050518363 42.19832396507263
163 1408.766380000001 4804.5905833 7701410.534941321 42.4584321975708
164 1408.766380000001 5314.0934589 8098563.044167732 42.72351813316345
165 1408.766380000001 5012.8462173 7314201.07563218 42.98537516593933
166 1408.766380000001 4992.3067230999995 8682051.30087127 43.24697709083557
167 1408.766380000001 5190.346521399999 7525373.246277381 43.51067924499512
168 1408.766380000001 5054.802433399999 8092502.920619101 43.77098226547241
169 1408.766380000001 4868.451950500001 7139941.298915248 44.03170728683472
170 1408.766380000001 4886.5586452 7346978.431200829 44.28954195976257
171 1408.766380000001 4515.0539697 7324646.263260747 44.54359316825867
172 1408.766380000001 5052.8923462 7863227.340181035 44.80359721183777
173 1408.766380000001 5475.124411 7593974.8388526365 45.06879425048828
174 1408.766380000001 4953.821446399999 7137400.539558524 45.32993221282959
175 1408.766380000001 4849.8388471 7557926.451083966 45.589967250823975
176 1408.766380000001 4623.488012000001 6979372.439142458 45.84652018547058
177 1408.766380000001 5467.9023333 6368635.241913394 46.11566424369812
178 1408.766380000001 5240.2429104 7305400.197869762 46.379003286361694
179 1408.766380000001 4819.8902891 6961622.547338988 46.636327028274536
180 1408.766380000001 4898.117539199999 7844920.019006172 46.89585304260254
181 1408.766380000001 4644.655221499999 8536732.576930976 47.150158166885376
182 1408.766380000001 4453.725749099998 7924506.879523617 47.40608310699463
183 1408.766380000001 4333.3151893 8007497.798906704 47.655423164367676
184 1408.766380000001 4531.747525499999 7356947.790483097 47.9091420173645
185 1408.766380000001 4451.309510599999 7714590.164133116 48.16226315498352
186 1408.766380000001 4486.571072299999 7464361.16178558 48.41857314109802
187 1408.766380000001 4655.663559399999 8480319.292124247 48.67210412025452
188 1408.766380000001 4543.912658499999 9539752.922392102 48.92775821685791
189 1408.766380000001 4582.604929499999 9974295.922821833 49.181419134140015
190 1408.766380000001 4492.4197606 8261797.887622145 49.43684196472168
191 1408.766380000001 4868.257576800001 7636322.73244687 49.69373106956482
192 1408.766380000001 4932.327838599999 7690553.479933484 49.9518620967865
193 1408.766380000001 4877.9638809 7764349.146131599 50.211639165878296
194 1408.766380000001 4921.218281099999 8625033.923821077 50.47414708137512
195 1408.766380000001 4503.985981099999 8337037.687649964 50.72882008552551
196 1408.766380000001 4728.5937439 7337913.77298929 51.01376795768738
197 1408.766380000001 4747.106810599998 8560754.96797463 51.27000617980957
198 1408.766380000001 4654.7934324 8549573.462422056 51.52305316925049
199 1408.766380000001 4873.386892599999 8136147.641705356 51.78149914741516
200 1408.766380000001 4603.752975399999 7031047.160200465 52.036439180374146
201 1408.766380000001 4434.1016082999995 6964951.696197255 52.29002499580383
202 1408.766380000001 4604.189663800001 6538814.1789738415 52.54688215255737
203 1408.766380000001 4372.1412823 7172841.96371806 52.798455238342285
204 1408.766380000001 4618.434032900001 7510278.999540124 53.05553412437439
205 1408.766380000001 5005.539710999999 7771376.60207442 53.315699100494385
206 1408.766380000001 4782.857572599999 7873381.6481837155 53.57156205177307
207 1408.766380000001 4344.274896 6915159.126718906 53.82311010360718
208 1408.766380000001 4403.5191608 7016848.23223105 54.078004121780396
209 1408.766380000001 4542.7027788000005 6888864.9560973095 54.3331241607666
210 1408.766380000001 4687.5288816 8770087.60162542 54.58934712409973
211 1408.766380000001 4420.452999300001 7198203.989775912 54.84296703338623
212 1408.766380000001 4637.1012964 7889466.063680669 55.098000288009644
213 1408.766380000001 4622.926507699999 8419552.206633585 55.35246419906616
214 1408.766380000001 4569.322484 8052494.483501635 55.607386112213135
215 1408.766380000001 4354.4584409 7351799.311640095 55.858885288238525
216 1408.766380000001 4836.5218834 8147253.996949842 56.11670207977295
217 1408.766380000001 4877.6449987999995 8010600.838803895 56.373745918273926
218 1408.766380000001 4596.794491399999 8535920.32977852 56.62734603881836
219 1408.766380000001 4127.797918099999 7327710.031856042 56.879621267318726
220 1408.766380000001 4911.312075 8376215.308813769 57.139219999313354
221 1408.766380000001 4898.1224402 8494086.896761067 57.39780616760254
222 1408.766380000001 4858.1548049 7862053.366818377 57.65872621536255
223 1408.766380000001 4751.8346197 7910953.377332335 57.920145988464355
224 1408.766380000001 5227.735054499999 9036370.92279783 58.18201398849487
225 1408.766380000001 5017.8483375999995 8890552.35229019 58.443291902542114
226 1408.766380000001 4679.973173300001 7536450.311094124 58.700329065322876
227 1408.766380000001 4611.238730099999 7494783.677020191 58.95584321022034
228 1408.766380000001 4939.344874499999 8401918.139389427 59.21366214752197
229 1408.766380000001 4744.2984108 7865179.596887796 59.475327014923096
230 1408.766380000001 4595.4447383 7922837.604951734 59.73082208633423
231 1408.766380000001 4631.4281087 8515870.020222398 59.99090528488159
232 1408.766380000001 4610.6723796999995 7161652.776089621 60.24571394920349
233 1408.766380000001 4840.9240967999995 7197364.8829444 60.50313925743103
234 1408.766380000001 4790.360627800001 7777006.768183711 60.759483337402344
235 1408.766380000001 4984.5553363 7989842.886112502 61.021658182144165
236 1408.766380000001 5100.0835936 7158138.7061810335 61.28588318824768
237 1408.766380000001 4676.0923004 6782355.515263103 61.54149627685547
238 1408.766380000001 4750.438203000001 7208913.72256571 61.800477027893066
239 1408.766380000001 4807.831066400001 7108859.343794231 62.057255029678345
240 1408.766380000001 4958.0347581999995 8878801.036651742 62.31731414794922
241 1408.766380000001 5361.289760500001 7927771.919943107 62.58402109146118
242 1408.766380000001 5109.7326140000005 7983688.342124569 62.84585618972778
243 1408.766380000001 4904.0418271 7978993.643569892 63.104361057281494
244 1408.766380000001 4985.6776795 7485723.350090203 63.36170291900635
245 1408.766380000001 4605.8290307 8224548.942799064 63.617887020111084
246 1408.766380000001 4868.988540299999 7983554.6108087 63.876442193984985
247 1408.766380000001 5025.6985368 7399146.294579047 64.1379930973053
248 1408.766380000001 5108.9867412 6935855.7337084655 64.39793801307678
249 1408.766380000001 4955.2157692 7298027.364026722 64.6602292060852
1408.766380000001 64.92092514038086
2
0 9223372036854775807 9510.464214699996 1198702.9346163217 0.20925617218017578
1 3015.3988500000014 9028.172117699996 1419892.38346297 0.5621130466461182
2 2116.3522999999996 7639.287385099999 5069360.872023404 0.8680291175842285
3 1744.575210000001 6367.9301448999995 7487047.583801223 1.1504371166229248
4 1596.452210000001 5506.911168400002 8102727.194487853 1.4160411357879639
5 1596.452210000001 5353.2950765999985 8203828.544111013 1.680340051651001
6 1492.9855300000004 5223.734908099999 8655051.017068125 1.9411661624908447
7 1431.9358100000002 4996.697545899999 9191667.460623026 2.2009289264678955
8 1431.9358100000002 4757.4651909 8433988.8109392 2.458064079284668
9 1411.1128600000004 4613.0757636 9291764.207789982 2.7130651473999023
10 1411.1128600000004 4401.2930783 8284132.543773163 2.9677748680114746
11 1411.1128600000004 4611.4853622 6727357.533564699 3.2232460975646973
12 1411.1128600000004 5031.962385299999 7368109.887396097 3.4848098754882812
13 1411.1128600000004 4868.220334199999 7950552.707147935 3.7419891357421875
14 1411.1128600000004 4369.272824400002 7713908.49660638 3.995875120162964
15 1411.1128600000004 4318.4087016 7762529.614610462 4.2461020946502686
16 1411.1128600000004 4498.713934900001 7717140.482221913 4.501923084259033
17 1411.1128600000004 4560.7829655000005 6280916.029791112 4.757598161697388
18 1411.1128600000004 4454.2682132 6825537.430138021 5.010512113571167
19 1411.1128600000004 4646.5571366 7392784.88331496 5.2679359912872314
20 1411.1128600000004 4740.6315558999995 7968393.813877876 5.524709224700928
21 1411.1128600000004 5086.0537673 9571629.516928243 5.783478021621704
22 1411.1128600000004 4797.0970493 8476459.09753138 6.0421202182769775
23 1411.1128600000004 4855.9069368 8816651.442034554 6.301758289337158
24 1411.1128600000004 4893.4743536 8956085.123122394 6.560936212539673
25 1411.1128600000004 4889.249889799999 10081306.19349364 6.819715976715088
26 1411.1128600000004 4166.647633700001 7657646.502994154 7.071195125579834
27 1411.1128600000004 4738.669494999999 8483134.07704681 7.3293421268463135
28 1411.1128600000004 4666.010135799999 9565308.582726056 7.587709188461304
29 1411.1128600000004 4822.791026699999 9507441.736967688 7.84417200088501
30 1411.1128600000004 4672.497662299999 8803203.78131188 8.10661506652832
31 1411.1128600000004 4724.935391599999 8327104.401306943 8.364710092544556
32 1411.1128600000004 4723.696079200001 6803162.739131177 8.620877027511597
33 1411.1128600000004 4223.4054751 7666326.0417909585 8.874897241592407
34 1411.1128600000004 4629.5251911 9467599.82041544 9.131395101547241
35 1411.1128600000004 4789.8451059 9379299.598309634 9.388489007949829
36 1411.1128600000004 4393.6301042 8397292.103963934 9.640806198120117
37 1411.1128600000004 4691.156872399999 8388472.19543893 9.89877200126648
38 1411.1128600000004 4495.5694931 9680584.870103156 10.151489973068237
39 1411.1128600000004 4764.4417624 9530316.138324374 10.407080173492432
40 1411.1128600000004 4953.7425815999995 9055769.23552414 10.666789054870605
41 1411.1128600000004 4998.9474267 8255633.417726853 10.926342248916626
42 1411.1128600000004 4768.8619364 7458074.535325179 11.18416714668274
43 1411.1128600000004 4786.7288007 7531739.8369757775 11.443444013595581
44 1411.1128600000004 4792.7162757999995 7308346.274928234 11.70245909690857
45 1411.1128600000004 4606.1391842 7387065.9769554185 11.961572170257568
46 1411.1128600000004 4642.451734800001 7392935.592996368 12.220701217651367
47 1411.1128600000004 4584.119017399999 7958499.598182458 12.478010177612305
48 1411.1128600000004 4730.944405300001 7576625.444203271 12.735024213790894
49 1411.1128600000004 4475.477798100001 7435645.216607911 12.989417314529419
50 1411.1128600000004 4727.6868045 8989886.694076052 13.245673894882202
51 1411.1128600000004 4682.3585846999995 8604495.599999003 13.504542112350464
52 1411.1128600000004 4561.136082399999 7665570.8672888875 13.758153915405273
53 1411.1128600000004 4290.4266291 7590833.240955008 14.012179851531982
54 1411.1128600000004 4292.5957398 6379120.39209452 14.263236999511719
55 1411.1128600000004 4728.413662499999 7077302.894464718 14.52182912826538
56 1411.1128600000004 4674.1388872 8018977.162861258 14.784386157989502
57 1411.1128600000004 5040.1940579 8582341.388503497 15.04475998878479
58 1411.1128600000004 4742.563649399999 9224264.961807912 15.299533128738403
59 1411.1128600000004 4980.177076499999 9635715.045522207 15.560502052307129
60 1411.1128600000004 4888.8901403 8982721.069139518 15.818647146224976
61 1411.1128600000004 4977.231919100001 9612535.904027317 16.083824157714844
62 1411.1128600000004 4732.0390462000005 8185842.951814725 16.340389013290405
63 1411.1128600000004 4272.5385002 7011561.819997779 16.592562198638916
64 1411.1128600000004 4737.500329699999 6585644.904582683 16.849531173706055
65 1411.1128600000004 4352.8456503 7008179.830028679 17.109199047088623
66 1411.1128600000004 4361.027041800001 7287899.495462857 17.364021062850952
67 1411.1128600000004 4749.3417475 8030713.847638293 17.626168966293335
68 1411.1128600000004 4729.9955755 7647013.696650985 17.88490915298462
69 1411.1128600000004 4545.5573176 7869404.012513148 18.14160418510437
70 1411.1128600000004 4893.3783733 7964453.5423241565 18.402835845947266
71 1411.1128600000004 4925.825806399999 8940407.356111353 18.662934064865112
72 1411.1128600000004 4800.220832599998 8558367.475419832 18.926985025405884
73 1411.1128600000004 4602.592875699998 7493954.710087384 19.185594081878662
74 1411.1128600000004 4662.3796029 7405226.100700514 19.445287227630615
75 1411.1128600000004 4682.6378454 8245191.565773073 19.70167112350464
76 1411.1128600000004 4381.651375400001 7089036.576039064 19.960488080978394
77 1411.1128600000004 4494.306109499999 7481134.0405542385 20.2191002368927
78 1411.1128600000004 4312.9307175 7076220.471228459 20.47233009338379
79 1411.1128600000004 4955.3244839 7519884.59612917 20.733651876449585
80 1411.1128600000004 4833.300563999999 6748095.227191479 20.993832111358643
81 1411.1128600000004 5041.7842822 7389249.338652074 21.260252237319946
82 1411.1128600000004 5028.0865411 8506655.019283064 21.524009943008423
83 1411.1128600000004 5134.3311402 8383385.786382828 21.791073083877563
84 1411.1128600000004 4785.3243839 7197739.650270748 22.05336904525757
85 1411.1128600000004 4849.154505699999 8307880.468230729 22.31218409538269
86 1411.1128600000004 4982.040104399999 7482881.184035562 22.579187870025635
87 1411.1128600000004 5273.5488381 7849640.498902413 22.84433603286743
88 1411.1128600000004 5205.3524288 7880740.357215088 23.1118221282959
89 1411.1128600000004 5192.536718699999 8251767.913823769 23.381091117858887
90 1411.1128600000004 5000.0719421 8621163.53421878 23.64405608177185
91 1411.1128600000004 5301.752219999999 7542426.660310089 23.908807277679443
92 1411.1128600000004 4866.496039899999 7106454.1906405 24.17525815963745
93 1411.1128600000004 5027.0851133 7329274.678824841 24.44039797782898
94 1411.1128600000004 4769.0455262 8280736.519864111 24.702014923095703
95 1411.1128600000004 4450.0865037 7311195.9637494 24.96048402786255
96 1411.1128600000004 4863.262942199999 7118928.50513568 25.22502112388611
97 1411.1128600000004 4516.576542599999 9491732.23950742 25.48141312599182
98 1411.1128600000004 4861.374242599999 8992731.371762304 25.742554187774658
99 1411.1128600000004 4774.661769099999 9377260.032073753 26.001589059829712
100 1411.1128600000004 4564.362147399999 9668233.549953474 26.255630016326904
101 1411.1128600000004 4641.953966699999 9028042.140989011 26.512883186340332
102 1411.1128600000004 4612.1437244 8511204.797230646 26.77079701423645
103 1411.1128600000004 4776.376796 7166359.8098218525 27.030717134475708
104 1411.1128600000004 4963.110452299999 8538689.63359199 27.29038405418396
105 1411.1128600000004 4668.295155700001 7331561.754515504 27.545634031295776
106 1411.1128600000004 4669.9041838 8165603.203124459 27.806003093719482
107 1411.1128600000004 4802.4283489 8132715.069325948 28.074746131896973
108 1411.1128600000004 4971.1122519 7661586.500974258 28.335950136184692
109 1411.1128600000004 4698.4310079 7429675.519780607 28.590879917144775
110 1411.1128600000004 4782.794732099999 7325654.11242226 28.852051973342896
111 1411.1128600000004 4995.537989100001 7334786.379455742 29.118988037109375
112 1411.1128600000004 4746.510461500001 7469311.011936082 29.379551887512207
113 1411.1128600000004 4605.423163199999 8367358.7929829415 29.63342523574829
114 1411.1128600000004 4919.1554406 8703824.32998743 29.891360998153687
115 1411.1128600000004 4941.595242300001 7915991.48078929 30.151023149490356
116 1411.1128600000004 5159.985355599999 9715840.082195021 30.413883209228516
117 1411.1128600000004 4581.639621400001 8620789.15025277 30.668593168258667
118 1411.1128600000004 4547.560483699999 8264715.958059439 30.925159215927124
119 1411.1128600000004 4356.610858399999 7019288.719538573 31.177297115325928
120 1411.1128600000004 4237.3322975 7799351.170458988 31.42795419692993
121 1411.1128600000004 4438.8731124 7184823.162613221 31.681234121322632
122 1411.1128600000004 4508.0658225 7156544.089457792 31.937911987304688
123 1411.1128600000004 4692.8893994 7080226.873512857 32.1913800239563
124 1411.1128600000004 4844.3158864 8000817.2598679485 32.45253109931946
125 1411.1128600000004 4798.951619399999 8312234.108472078 32.711199045181274
126 1411.1128600000004 4936.207279299999 8376070.666365629 32.97212791442871
127 1411.1128600000004 5152.184489399999 7847423.003314764 33.23392295837402
128 1411.1128600000004 5031.835033199999 7989052.945182078 33.49626803398132
129 1411.1128600000004 5160.5323585999995 9063520.939916847 33.758169174194336
130 1411.1128600000004 4771.3213529 8119105.270096201 34.017693281173706
131 1411.1128600000004 4442.912352800001 7907650.489766641 34.272582054138184
132 1411.1128600000004 4826.7235304000005 8365209.879751431 34.53092408180237
133 1411.1128600000004 5042.8794169 8037989.951097297 34.79116201400757
134 1411.1128600000004 5103.4309389 7446101.9505362045 35.065962076187134
135 1411.1128600000004 5155.5768968 8137433.062275109 35.32844424247742
136 1411.1128600000004 4741.7729112 8034018.613224187 35.58392119407654
137 1411.1128600000004 4735.7070026 7285758.898162376 35.8442440032959
138 1411.1128600000004 4541.7175859 7626644.197628495 36.10193204879761
139 1411.1128600000004 4965.006777599999 8597438.464674497 36.364081144332886
140 1411.1128600000004 4454.003555099999 8189115.7477958845 36.618309020996094
141 1411.1128600000004 4651.2707579 8027340.193223959 36.876835107803345
142 1411.1128600000004 5044.8697378 8078855.64658262 37.13667607307434
143 1411.1128600000004 4715.5003278 7926804.83739422 37.39423608779907
144 1411.1128600000004 4765.5382105 7857348.362390757 37.65077185630798
145 1411.1128600000004 4417.4496858 8269492.806057814 37.90478301048279
146 1411.1128600000004 4390.180597199999 8137025.73578606 38.15992593765259
147 1411.1128600000004 4908.8358658 8191655.085342042 38.419806241989136
148 1411.1128600000004 4704.89539 8055800.545897031 38.67449498176575
149 1411.1128600000004 4914.3222676000005 7714578.707771296 38.93619394302368
150 1411.1128600000004 5006.9288119 8653758.976275424 39.19704604148865
151 1411.1128600000004 4929.3781748 8462648.322588535 39.457035064697266
152 1411.1128600000004 4761.237798099999 8452851.040824668 39.713667154312134
153 1411.1128600000004 5023.096872999999 8665706.22218945 39.97525405883789
154 1411.1128600000004 5018.569218799999 6935146.483556544 40.238730907440186
155 1411.1128600000004 4907.5532578 8426746.021042366 40.49749803543091
156 1411.1128600000004 4978.405929899999 7881658.820398302 40.75821113586426
157 1411.1128600000004 5004.827935599999 8015460.097865599 41.01991295814514
158 1411.1128600000004 4878.7509154 8898031.570392897 41.277016162872314
159 1411.1128600000004 4730.0190955 7600085.90710282 41.533353328704834
160 1411.1128600000004 4643.944941499999 8307951.3085557 41.790390968322754
161 1411.1128600000004 4461.342344499999 7952237.916190144 42.04674005508423
162 1411.1128600000004 4802.218413999999 9435867.669882052 42.30787706375122
163 1411.1128600000004 4772.9734419 8305390.269628089 42.56747221946716
164 1411.1128600000004 5067.490500499999 8892667.058000103 42.82816195487976
165 1411.1128600000004 4738.337141699999 9207398.810051251 43.08695125579834
166 1411.1128600000004 4930.406010500001 8552510.125539599 43.34545707702637
167 1411.1128600000004 4876.171388400001 8714249.285248043 43.60260009765625
168 1411.1128600000004 4245.3196614 8271496.021160651 43.852710247039795
169 1411.1128600000004 4310.4333261 8618023.10380108 44.103432178497314
170 1411.1128600000004 4297.7245451 8061337.944115969 44.35617518424988
171 1411.1128600000004 4608.141500000001 8418947.471189305 44.60945415496826
172 1411.1128600000004 4661.511858000001 6289196.116723116 44.86770296096802
173 1411.1128600000004 4703.9930574 7323739.503733848 45.12491703033447
174 1411.1128600000004 4867.334081600001 7476523.294445384 45.38517498970032
175 1411.1128600000004 4723.561141 8685797.096785743 45.64176607131958
176 1411.1128600000004 4863.1570882999995 8357909.45203757 45.89768600463867
177 1411.1128600000004 4622.3017698 8945995.531835426 46.159141063690186
178 1411.1128600000004 5066.9360856 8343418.716215687 46.424362897872925
179 1411.1128600000004 4855.014400799999 8432200.33389956 46.68396615982056
180 1411.1128600000004 5123.659974199999 9153034.931928314 46.9479558467865
181 1411.1128600000004 5207.304097199999 9927236.316500839 47.211179971694946
182 1411.1128600000004 5092.668229999999 9812037.273350822 47.47025203704834
183 1411.1128600000004 4543.4891894 7934651.226347586 47.728530168533325
184 1411.1128600000004 4594.4360507 7574105.9753370825 47.98767828941345
185 1411.1128600000004 4532.0880341 7957212.46783093 48.24052596092224
186 1411.1128600000004 4283.5831157 7529785.654999834 48.49343824386597
187 1411.1128600000004 4435.8960646 7618118.235112223 48.75023102760315
188 1411.1128600000004 4220.9738246 6193597.132491056 49.00567603111267
189 1411.1128600000004 5082.0838244 8538291.597651087 49.266255140304565
190 1411.1128600000004 5370.4115954 9267041.945171691 49.531952142715454
191 1411.1128600000004 5014.848415 8331223.816363527 49.79193902015686
192 1411.1128600000004 4897.674726599998 10330603.941680744 50.05342102050781
193 1411.1128600000004 4448.1037859 8005075.843429752 50.30979299545288
194 1411.1128600000004 4707.832851700001 7580615.071838125 50.56591510772705
195 1411.1128600000004 4915.429700599999 7952326.6913736425 50.82800006866455
196 1411.1128600000004 5015.6312383 8241355.343571654 51.090044260025024
197 1411.1128600000004 4961.0437182 7193013.718185557 51.3497200012207
198 1411.1128600000004 5235.855395999998 8054962.488206032 51.613484144210815
199 1411.1128600000004 4957.913147899999 8116706.7279659845 51.8709659576416
200 1411.1128600000004 4764.5546413 8771954.715561422 52.12862992286682
201 1411.1128600000004 4891.9994861 7584529.63636014 52.38778305053711
202 1411.1128600000004 5353.5734741 8736624.933596486 52.653258085250854
203 1411.1128600000004 4863.403522399999 8799987.849451857 52.911771059036255
204 1411.1128600000004 5111.658444699999 7911953.325684894 53.17117404937744
205 1411.1128600000004 5158.243505699999 8377096.15912786 53.43524718284607
206 1411.1128600000004 5353.672798299999 9087969.448435195 53.69894504547119
207 1411.1128600000004 5223.410388899999 8783445.856636649 53.96312999725342
208 1411.1128600000004 5009.418484100001 8527923.132784883 54.22313213348389
209 1411.1128600000004 5121.8411231 8599433.459423836 54.48448991775513
210 1411.1128600000004 4687.961179700001 7602093.659152729 54.73941493034363
211 1411.1128600000004 4440.347412900001 6480382.762697683 54.99203610420227
212 1411.1128600000004 4284.251334500001 6237823.917669939 55.24418926239014
213 1411.1128600000004 4876.3516678 8057494.683301316 55.50244903564453
214 1411.1128600000004 4448.4808545999995 7222646.344632756 55.75668716430664
215 1411.1128600000004 4164.6733564 8052072.172327094 56.0082950592041
216 1411.1128600000004 4563.318114 7940397.66689809 56.26057696342468
217 1411.1128600000004 4464.5534873999995 6887432.737147463 56.51754593849182
218 1411.1128600000004 4642.313883399999 7538919.445937455 56.77420520782471
219 1411.1128600000004 4936.202542499999 8099790.452921403 57.03446125984192
220 1411.1128600000004 4460.626909 8120373.995680329 57.286105155944824
221 1411.1128600000004 4485.717355499999 7945656.698360436 57.53794622421265
222 1411.1128600000004 4574.8648933 8346269.013575904 57.79194211959839
223 1411.1128600000004 4666.7350814 8241120.552673221 58.05055093765259
224 1411.1128600000004 4571.7388504 8261613.5119825555 58.30608415603638
225 1411.1128600000004 4687.6117092 8234407.161450433 58.56363606452942
226 1411.1128600000004 4463.253495399999 7409765.491637203 58.81957507133484
227 1411.1128600000004 4186.5046731 6343953.186285483 59.071650981903076
228 1411.1128600000004 4430.6641502 6503539.380082607 59.3280611038208
229 1411.1128600000004 4489.9589940000005 8376877.245504618 59.57993221282959
230 1411.1128600000004 5022.1836043 7478361.641804679 59.84183406829834
231 1411.1128600000004 5047.1768675 7893015.943119611 60.104483127593994
232 1411.1128600000004 4964.0957384 7662061.244688661 60.36475706100464
233 1411.1128600000004 4587.960647399999 8084868.189177035 60.61872410774231
234 1411.1128600000004 4805.643842099999 8754684.377864733 60.87743306159973
235 1411.1128600000004 4923.133774399999 8979517.202468134 61.13855719566345
236 1411.1128600000004 4917.3235953 9188718.099635242 61.39579105377197
237 1411.1128600000004 4706.969439699999 8654709.303662302 61.65226101875305
238 1411.1128600000004 4891.826029899999 9307575.860830892 61.91027808189392
239 1411.1128600000004 5211.413157599999 9275934.134051293 62.17413806915283
240 1411.1128600000004 5256.2966292 8875318.415850088 62.4360671043396
241 1411.1128600000004 4847.589219999999 8571382.551262178 62.69416904449463
242 1411.1128600000004 4687.277108799999 8281216.206935946 62.950453996658325
243 1411.1128600000004 4353.9706564 7820533.242031499 63.199723958969116
244 1411.1128600000004 4291.290316399999 7562327.169963739 63.45396304130554
245 1411.1128600000004 4430.5550904 7854408.514730099 63.70564293861389
246 1411.1128600000004 4833.7373793 7619789.994364584 63.96715426445007
247 1411.1128600000004 4351.794639199999 7821310.421739218 64.21818590164185
248 1411.1128600000004 4066.3237572000007 6696987.5049100015 64.46470594406128
249 1411.1128600000004 4669.640504800001 7923216.536435699 64.71981620788574
1411.1128600000004 64.97430229187012
3
0 9223372036854775807 9378.978124499996 715009.9363818774 0.20566606521606445
1 3576.5019999999986 8860.126001199997 1270303.1493516327 0.556516170501709
2 1821.6244999999997 7853.3297395 3633960.153547044 0.8621962070465088
3 1748.8132500000002 6447.484741499998 6812331.273119223 1.1405460834503174
4 1581.3540500000006 5914.2779663 6947898.107207214 1.4090769290924072
5 1527.7103300000006 5361.354893 7321506.054686925 1.675152063369751
6 1521.6944199999996 4587.1857758 6872504.711746539 1.9311420917510986
7 1507.3138500000005 4788.0227947 7800663.600214686 2.189044952392578
8 1507.3138500000005 5035.620191999999 7295972.218980166 2.4550862312316895
9 1504.2444800000005 4716.3812291 6496315.910935755 2.7115681171417236
10 1477.1762900000006 4619.694481200001 6466280.176645334 2.970661163330078
11 1457.5478300000004 4266.5393149 7316986.683661737 3.2198922634124756
12 1433.61992 4575.7792973 7325275.009566775 3.4736440181732178
13 1433.61992 4812.9865104 7578735.304611482 3.729980230331421
14 1433.61992 4901.199101499999 8451191.854473624 3.9909350872039795
15 1420.21925 4802.6888168 8021914.860892505 4.247058153152466
16 1420.21925 4497.973924 8395988.328107541 4.500675201416016
17 1420.21925 4614.899851099999 7582855.82332942 4.760311126708984
18 1420.21925 4646.140262 7568753.348229403 5.0185651779174805
19 1420.21925 4852.1488075 8876994.88631647 5.278053045272827
20 1420.21925 4737.187776299999 7876460.593159263 5.5360682010650635
21 1420.21925 4939.6694798 8072642.5544278035 5.797705173492432
22 1420.21925 4918.4285329 9075427.724722775 6.0622053146362305
23 1420.21925 5156.0823516 7951824.398723305 6.32714319229126
24 1420.21925 5142.5497656 7804533.187963903 6.590238332748413
25 1420.21925 5125.4673425 7030515.069445992 6.852311134338379
26 1420.21925 5280.291911599999 6798802.801629838 7.117898225784302
27 1420.21925 5253.721015699999 7401421.650528949 7.386520147323608
28 1420.21925 5294.751128 7838355.692154773 7.652190208435059
29 1420.21925 4789.7773031 7732037.770007389 7.91149115562439
30 1420.21925 4694.1183147 7900981.476251886 8.171821117401123
31 1420.21925 5068.448800499999 8643007.161697313 8.433619260787964
32 1420.21925 4368.6108858 7866090.503142518 8.692774295806885
33 1420.21925 4680.6145074999995 8030162.632116426 8.956281185150146
34 1420.21925 4887.842701099999 7555085.898045936 9.217323064804077
35 1420.21925 5017.9982482 8281881.615944252 9.479120254516602
36 1420.21925 4296.401421300001 7142781.936885303 9.731786251068115
37 1420.21925 4111.0635707 6332779.298828367 9.982078313827515
38 1420.21925 4581.6277047 6602045.677552592 10.239447116851807
39 1420.21925 4958.286211799999 7304019.858031685 10.497524976730347
40 1408.766380000001 4715.566347000001 7722038.071938017 10.755129098892212
41 1408.766380000001 4758.491598899999 7647270.135241257 11.014687299728394
42 1408.766380000001 4603.3291525 7087896.404474261 11.270486116409302
43 1408.766380000001 4367.837756 7155655.633902653 11.527252197265625
44 1408.766380000001 4304.979971900001 6856115.622670344 11.781097173690796
45 1408.766380000001 4781.1913624 7092538.856315843 12.041521072387695
46 1408.766380000001 4683.5244909 7180690.941330308 12.305248022079468
47 1408.766380000001 4232.2136282 6630105.443463168 12.559134244918823
48 1408.766380000001 4627.1887535 8336480.571748521 12.816215991973877
49 1408.766380000001 4588.258833999999 8032029.898576265 13.07338809967041
50 1408.766380000001 4612.6802376 7974892.596685653 13.33250617980957
51 1408.766380000001 4565.686433299999 8014177.922849362 13.591884136199951
52 1408.766380000001 4548.6909116 7226905.607711625 13.848840236663818
53 1408.766380000001 4723.711110100001 6557035.460787065 14.107583999633789
54 1408.766380000001 4274.4231807 7031037.28063324 14.360775232315063
55 1408.766380000001 4407.8899647 7610806.338694984 14.616365194320679
56 1408.766380000001 5224.7559709 8395058.13148847 14.882886171340942
57 1408.766380000001 5045.4865622 8367655.016099273 15.14539122581482
58 1408.766380000001 4872.0442785000005 8766968.410799533 15.404644012451172
59 1408.766380000001 4600.0656447 8007187.972275723 15.659647226333618
60 1408.766380000001 4826.430324099999 8140484.907602874 15.920992136001587
61 1408.766380000001 4546.429675299999 7660129.215931982 16.17769694328308
62 1408.766380000001 4953.906981899999 8773884.758764828 16.439959049224854
63 1408.766380000001 5097.636999399999 7508116.743356537 16.70223116874695
64 1408.766380000001 5024.528028 7866018.480665019 16.965102195739746
65 1408.766380000001 4623.942642499999 7900248.446793413 17.224083185195923
66 1408.766380000001 4677.151348499999 7985734.709957554 17.482750177383423
67 1408.766380000001 4901.549087399999 7458692.059488905 17.743577003479004
68 1408.766380000001 5285.521318699999 6497551.744537303 18.00822925567627
69 1408.766380000001 4967.198289 5854989.212613361 18.27027726173401
70 1408.766380000001 4369.5649633 5708573.536370187 18.524742126464844
71 1408.766380000001 4279.944453100001 7049634.313624121 18.775869131088257
72 1408.766380000001 4460.9174969 7125553.656760897 19.034139156341553
73 1408.766380000001 4805.455880199999 7126938.413515673 19.296109199523926
74 1408.766380000001 4536.2911246 7894670.127066779 19.553529024124146
75 1408.766380000001 4791.1937979 8577255.768526059 19.81036615371704
76 1408.766380000001 4494.188604299999 7562834.6728615835 20.06762433052063
77 1408.766380000001 4842.948553899999 8627626.404484458 20.325928211212158
78 1408.766380000001 4565.9790153 7737166.521523966 20.58377432823181
79 1408.766380000001 4597.239994399999 6910063.220212016 20.8401620388031
80 1408.766380000001 4507.922034599999 7335110.493462683 21.0956552028656
81 1408.766380000001 4906.688627499999 7140369.719953065 21.356479167938232
82 1408.766380000001 4722.5207154 7259291.769991558 21.6151123046875
83 1408.766380000001 4893.6761429 6958262.752072049 21.87879705429077
84 1408.766380000001 4956.410535099999 7848095.383486793 22.142604112625122
85 1408.766380000001 5114.214720399998 8062754.337674867 22.40757703781128
86 1408.766380000001 5024.689806099999 8664146.287765205 22.672351360321045
87 1408.766380000001 5453.421938200002 8332192.168132215 22.937745094299316
88 1408.766380000001 5129.2847703 7879174.759295526 23.20092797279358
89 1408.766380000001 4429.4533648 6971215.919999365 23.457324981689453
90 1408.766380000001 4586.4986389 7597341.889670937 23.717904090881348
91 1408.766380000001 4886.981657299999 8233610.923701155 23.979918003082275
92 1408.766380000001 4621.750671499999 8127332.784182092 24.238575220108032
93 1408.766380000001 5280.326821 8758067.532361656 24.50398302078247
94 1408.766380000001 5374.065577799999 8900384.704934485 24.771674156188965
95 1408.766380000001 5561.822872200002 8120689.662182629 25.04219102859497
96 1408.766380000001 5381.605240599998 9258737.201512923 25.307178020477295
97 1408.766380000001 5161.493904 8530391.079778962 25.568596363067627
98 1408.766380000001 5025.6631547 7758180.750136947 25.829954147338867
99 1408.766380000001 4788.2314503 8001874.3852010425 26.089823961257935
100 1408.766380000001 4651.5669946 7793679.782224411 26.348278045654297
101 1408.766380000001 4995.877457799999 7812763.835595642 26.609134197235107
102 1408.766380000001 4981.2272053 8680341.3027529 26.871843099594116
103 1408.766380000001 5012.8105646 7758465.676541968 27.13294219970703
104 1408.766380000001 4810.672052099999 6512339.837516568 27.39517116546631
105 1408.766380000001 4625.386334999999 7020001.652891731 27.6492919921875
106 1408.766380000001 4547.7440596 6476024.25283217 27.904929161071777
107 1408.766380000001 4535.4992139 6878370.615590009 28.159836292266846
108 1408.766380000001 4477.3683604 6262864.561855375 28.41678214073181
109 1408.766380000001 4851.5762593 6701903.977282482 28.67557406425476
110 1408.766380000001 4984.7299613000005 9006667.722191848 28.937653064727783
111 1408.766380000001 4735.2589426 8348729.779082996 29.19603204727173
112 1408.766380000001 4679.1127409 7279232.428914346 29.45117735862732
113 1408.766380000001 4646.8597887999995 7691613.002471558 29.707046270370483
114 1408.766380000001 4798.425616399999 7612248.299930611 29.965770959854126
115 1408.766380000001 4848.6958908 7812443.280375773 30.224456310272217
116 1408.766380000001 4438.034771999999 7022090.02226584 30.4759202003479
117 1408.766380000001 4922.4211269 7703363.235070562 30.73630404472351
118 1408.766380000001 4886.154732199999 7718627.583772596 30.999131202697754
119 1408.766380000001 4957.421476699999 8066080.706930653 31.259685039520264
120 1408.766380000001 4953.610661 7905484.495332438 31.520849227905273
121 1408.766380000001 5013.9139847 8299194.179780594 31.782437086105347
122 1408.766380000001 5207.578252799999 9337867.908414396 32.04749321937561
123 1408.766380000001 4895.143124699999 8001952.286527704 32.30923628807068
124 1408.766380000001 4774.244420499999 7279874.652969215 32.56871819496155
125 1408.766380000001 4797.6423056 7159817.390608987 32.82904505729675
126 1408.766380000001 4632.3981759 7477522.229120892 33.084991216659546
127 1408.766380000001 4307.328693699999 7125079.171170796 33.339550256729126
128 1408.766380000001 4784.5300111999995 7309772.466700704 33.59923601150513
129 1408.766380000001 4650.287423399999 7294654.694970814 33.85761213302612
130 1408.766380000001 4269.82398 6594680.446479789 34.11127805709839
131 1408.766380000001 4942.077367399999 7652611.586835699 34.37259912490845
132 1408.766380000001 4869.6394842 7919654.568431172 34.62981820106506
133 1408.766380000001 5329.2627252 7840851.1753229825 34.896966218948364
134 1408.766380000001 5013.7879599 8009434.292816984 35.159823179244995
135 1408.766380000001 4710.2180624 6606603.410382721 35.41859316825867
136 1408.766380000001 4725.2590083000005 6939753.765054947 35.67750811576843
137 1408.766380000001 5194.344547800001 7496238.265248056 35.94459414482117
138 1408.766380000001 4762.9632552 6972257.474866972 36.20439314842224
139 1408.766380000001 4814.4761595 7161701.366793393 36.46259927749634
140 1408.766380000001 4625.123613899999 7116860.24338587 36.722156047821045
141 1408.766380000001 4852.225175699999 7388410.176262665 36.98316311836243
142 1408.766380000001 4570.812007299999 7227587.103330105 37.24167799949646
143 1408.766380000001 4635.1552274999995 7447018.624290564 37.50203323364258
144 1408.766380000001 4662.1376832 7103046.081452655 37.758127212524414
145 1408.766380000001 4847.3835318 8385574.859208541 38.01855731010437
146 1408.766380000001 4699.5177859 7018433.242788918 38.276063203811646
147 1408.766380000001 4912.6609091 6528569.435588002 38.53463816642761
148 1408.766380000001 4641.3332353000005 6399183.599728575 38.790088176727295
149 1408.766380000001 4973.493077499999 6996562.67976809 39.050366163253784
150 1408.766380000001 4772.8412626 6915550.597295741 39.30898094177246
151 1408.766380000001 5117.955688299999 7437195.728879826 39.572376012802124
152 1408.766380000001 5176.9159761 7664255.475991501 39.837597131729126
153 1408.766380000001 4501.595019999999 6986853.483559501 40.09566617012024
154 1408.766380000001 4670.650684499999 6637592.039124753 40.35552620887756
155 1408.766380000001 4891.777717200001 6744969.903586183 40.61220121383667
156 1408.766380000001 5127.5305264 8334766.969438461 40.87432026863098
157 1408.766380000001 4898.5243276 7261555.164738679 41.13610529899597
158 1408.766380000001 4799.9147948 7349292.370289851 41.39790725708008
159 1408.766380000001 4721.182595 6392739.126787547 41.655861139297485
160 1408.766380000001 4808.0685487 6811430.93189525 41.915749073028564
161 1408.766380000001 4710.120524299999 7628461.508647051 42.172773122787476
162 1408.766380000001 4431.5809038 7159595.22857535 42.425870180130005
163 1408.766380000001 4825.3570015000005 6523319.480758144 42.683403968811035
164 1408.766380000001 4738.4841628 8028686.024905115 42.942535161972046
165 1408.766380000001 4773.594959999999 7687038.303241496 43.2024462223053
166 1408.766380000001 4225.5622094 6733525.116923281 43.45380115509033
167 1408.766380000001 4458.589279399999 7123973.538706265 43.70942425727844
168 1408.766380000001 4383.4701356 7634880.446256911 43.96203422546387
169 1408.766380000001 4685.702635 8054036.031940163 44.22021222114563
170 1408.766380000001 5046.483819199999 8280304.4628058 44.48138999938965
171 1408.766380000001 4355.007471299999 7101203.475346025 44.73618817329407
172 1408.766380000001 4933.5870804 7756960.630492313 44.99609017372131
173 1408.766380000001 4526.882255800001 7443859.425085494 45.25261616706848
174 1408.766380000001 4703.5773555 7243973.902485844 45.51136517524719
175 1408.766380000001 4448.1456251 7567814.921944005 45.765504121780396
176 1408.766380000001 4802.3747924 8506631.7437138 46.02305722236633
177 1408.766380000001 4419.464497800001 8126950.009779908 46.275113344192505
178 1408.766380000001 4577.3774448 7981570.037048383 46.53021216392517
179 1408.766380000001 4809.719932399999 7460908.969866459 46.78735303878784
180 1408.766380000001 4755.1065767 7444581.395621616 47.04648423194885
181 1408.766380000001 4532.266506700001 7497039.940399989 47.302659034729004
182 1408.766380000001 4633.154097000001 7686604.340505096 47.558773040771484
183 1408.766380000001 4528.6109961 7527335.7437885115 47.81312298774719
184 1408.766380000001 4362.147826200001 7510657.347342237 48.06863713264465
185 1408.766380000001 4099.6283029999995 6380920.895487731 48.31911325454712
186 1408.766380000001 4565.2550647 6405443.340904367 48.57552218437195
187 1408.766380000001 4687.7782326999995 6838139.624678449 48.834166049957275
188 1408.766380000001 4256.386911299999 8094931.929452781 49.08635330200195
189 1408.766380000001 4458.3711048999985 7743488.433500174 49.34033203125
190 1408.766380000001 4490.3710906 7526199.297500192 49.59475016593933
191 1408.766380000001 4309.887995599999 6821372.978969143 49.849746227264404
192 1408.766380000001 4244.4745069 6282184.031777973 50.10032320022583
193 1408.766380000001 4490.5755662 6219563.937108138 50.3519241809845
194 1408.766380000001 4982.574800799999 7572339.780572522 50.61252498626709
195 1408.766380000001 4872.2525842 7176706.280980599 50.872281074523926
196 1408.766380000001 4674.957087499999 7494277.141307961 51.12886714935303
197 1408.766380000001 4335.946449000001 6326213.9084363235 51.38127422332764
198 1408.766380000001 4610.9652146 6670618.764318675 51.63894820213318
199 1408.766380000001 4609.610797699999 7813165.221055023 51.89801025390625
200 1408.766380000001 4836.366946099999 7866641.837839384 52.15668702125549
201 1408.766380000001 5159.8186961 7735292.874859966 52.41840720176697
202 1408.766380000001 5196.2270387 7188640.146390314 52.680577993392944
203 1408.766380000001 4739.9909269 7499997.789575602 52.939237117767334
204 1408.766380000001 4897.203936299999 8240949.833582716 53.20039916038513
205 1408.766380000001 4744.558869199999 7450576.71189203 53.459843158721924
206 1408.766380000001 4560.8803443 7938591.096202536 53.71377515792847
207 1408.766380000001 4612.043416 8012863.439612074 53.9732551574707
208 1408.766380000001 4199.679623399999 7955039.597429849 54.222124099731445
209 1408.766380000001 4537.3408972 8723969.549375962 54.47684025764465
210 1408.766380000001 4453.025387499999 7821629.152231221 54.731040954589844
211 1408.766380000001 4391.030685499999 6975043.764153879 54.98684310913086
212 1408.766380000001 4325.1876126 7006498.775591075 55.243019104003906
213 1408.766380000001 4772.8313939 8071735.0480394745 55.500232219696045
214 1408.766380000001 4698.4422147 8011249.481024907 55.758753061294556
215 1408.766380000001 4824.295856500001 8148412.537494247 56.021663188934326
216 1408.766380000001 4726.9858380999995 7158831.107051817 56.280890226364136
217 1408.766380000001 4477.0456228 7553796.354961609 56.53585624694824
218 1408.766380000001 4522.1752767 6950034.340947644 56.78912115097046
219 1408.766380000001 4353.2241026 7513532.155532512 57.0446081161499
220 1408.766380000001 4704.0143305 6983761.077784341 57.303391218185425
221 1408.766380000001 4464.2077207 7374412.666281199 57.55687499046326
222 1408.766380000001 4816.263700300001 7367670.2758668605 57.816503047943115
223 1408.766380000001 5062.837558 7849786.60143606 58.078617095947266
224 1408.766380000001 4837.7066525 7663968.590495126 58.33744716644287
225 1408.766380000001 4832.547419799998 7449772.144149925 58.59678316116333
226 1408.766380000001 4457.2394438 8499330.228351403 58.85032415390015
227 1408.766380000001 4386.3428920999995 8783869.903174961 59.104390144348145
228 1408.766380000001 4605.293064899999 8971576.666341785 59.36204123497009
229 1408.766380000001 4997.644782899998 8490989.925777845 59.6245641708374
230 1408.766380000001 4983.902056999998 9061629.749561375 59.88573122024536
231 1408.766380000001 4800.301380399999 8710099.170271598 60.14309501647949
232 1408.766380000001 4945.600424699999 8910115.354519542 60.40327596664429
233 1408.766380000001 4502.507735099998 8673024.414388228 60.65722632408142
234 1408.766380000001 4779.348270199998 8995164.657538475 60.916179180145264
235 1408.766380000001 4168.6152993999995 8144363.205079415 61.16895937919617
236 1408.766380000001 4406.396650999999 8075443.076280239 61.42315912246704
237 1408.766380000001 4228.071308399999 6392363.622376118 61.6780481338501
238 1408.766380000001 4566.5136046 7432844.436351875 61.93325614929199
239 1408.766380000001 4540.091417799999 7055638.431217346 62.187862157821655
240 1408.766380000001 4469.7870108 7356103.89387413 62.44220423698425
241 1408.766380000001 4666.378309499999 8716656.47868094 62.69864320755005
242 1408.766380000001 4433.7857308 7349891.291341267 62.95525503158569
243 1408.766380000001 4951.324448699999 8235916.989630253 63.21438908576965
244 1408.766380000001 4949.343625199999 8083964.257328006 63.475022077560425
245 1408.766380000001 4597.012117099999 7484879.006499038 63.73078513145447
246 1408.766380000001 4971.370268199999 8515538.516635736 63.99246621131897
247 1408.766380000001 4959.397780699999 8611464.552508654 64.25460720062256
248 1408.766380000001 4910.695751199999 8047065.409178233 64.51542711257935
249 1408.766380000001 5084.769537399999 8331957.941815522 64.77938723564148
1408.766380000001 65.03918218612671
