MP2
250 2904.85901
1
0 9223372036854775807 35756.36331780001 6084318.500446908 1.6499731540679932
1 12260.730439999998 34240.97804455001 10525411.414551925 4.369823932647705
2 5477.607239999995 28416.210365050007 64328724.70662302 6.6894121170043945
3 3603.9147600000024 24401.934349650004 101754343.67484272 8.827055215835571
4 3305.9565300000013 20201.02042835 121903223.55048908 10.83545184135437
5 3305.9565300000013 18363.7751374 128999025.80964018 12.803054094314575
6 3254.686820000001 17917.3717246 134561596.44995144 14.749828100204468
7 2904.8590099999983 16213.536452249999 130173635.90722309 16.659759044647217
8 2904.8590099999983 17395.97606545 131061035.76463711 18.601276874542236
9 2904.8590099999983 16981.39252 133365537.45048948 20.556869983673096
10 2904.8590099999983 16858.15848115 146832862.54950368 22.49999690055847
11 2904.8590099999983 15949.60356085 135096034.4541314 24.416367053985596
12 2904.8590099999983 16085.117084 125999062.80275966 26.342453956604004
13 2904.8590099999983 16007.2371716 125319042.19709343 28.2652690410614
14 2904.8590099999983 17301.707814999998 115317668.39761066 30.20742106437683
15 2904.8590099999983 16692.89937305 125557845.04624559 32.14337515830994
16 2904.8590099999983 17070.094664199998 131475485.4228684 34.08358097076416
17 2904.8590099999983 16826.037256099997 137028268.09740838 36.019680976867676
18 2904.8590099999983 17535.265784799998 139819208.2114896 37.98372006416321
19 2904.8590099999983 17123.33177985 134753323.2156334 39.93580508232117
20 2904.8590099999983 16870.480113499998 139907389.68170545 41.874759912490845
21 2904.8590099999983 16834.432067100002 140975052.71704638 43.81453013420105
22 2904.8590099999983 17311.629123 139278138.83259353 45.76692008972168
23 2904.8590099999983 16610.301480899998 134957997.4870971 47.71069598197937
24 2904.8590099999983 16391.09745165 128145965.4073509 49.64200496673584
25 2904.8590099999983 15847.825733499998 115444169.61181965 51.56712603569031
26 2904.8590099999983 16353.270509250002 122409431.31011389 53.50941586494446
27 2904.8590099999983 16161.682277299999 137198106.70061058 55.43876099586487
28 2904.8590099999983 16726.313618 145193182.1547421 57.38151502609253
29 2904.8590099999983 15296.913698150001 130731078.51398297 59.28801202774048
30 2904.8590099999983 16584.3659337 129182185.45056392 61.225630044937134
31 2904.8590099999983 16703.741531199998 140356932.96917826 63.16915702819824
32 2904.8590099999983 14841.657910850001 128388320.04253185 65.0708601474762
33 2904.8590099999983 15746.375798800002 142586184.5824083 66.98800897598267
34 2904.8590099999983 17306.49844765 149177113.01323137 68.94917297363281
35 2904.8590099999983 17561.683405300002 132482034.44242015 70.90893507003784
36 2904.8590099999983 16834.48238455 128130038.87415802 72.84998393058777
37 2904.8590099999983 16604.617707449997 134768991.93835247 74.80084204673767
38 2904.8590099999983 16235.20111665 128728360.68533412 76.73133897781372
39 2904.8590099999983 16848.6527874 123821999.74746175 78.67930603027344
40 2904.8590099999983 17251.770109799996 117268053.78054093 80.63175201416016
41 2904.8590099999983 16688.62959605 128744100.63628253 82.57529616355896
42 2904.8590099999983 16038.335055899997 133075045.0146783 84.5039758682251
43 2904.8590099999983 16170.515126949998 122810608.39487778 86.43457198143005
44 2904.8590099999983 15786.947641599998 116979364.64496513 88.36176991462708
45 2904.8590099999983 16934.36387925 129540418.58461644 90.31077599525452
46 2904.8590099999983 16907.1490776 130507268.80740036 92.26173496246338
47 2904.8590099999983 17082.62529015 129466705.59804031 94.21361207962036
48 2904.8590099999983 15560.5639237 114428965.5177931 96.13336610794067
49 2904.8590099999983 15689.645100400001 123168106.38498238 98.05345582962036
50 2904.8590099999983 16439.6286123 124456413.11982925 99.9883861541748
51 2904.8590099999983 16853.3476785 119469822.45221174 101.94232606887817
52 2904.8590099999983 16514.456502099998 123646960.14040345 103.88017106056213
53 2904.8590099999983 16809.73930515 122124941.09240438 105.83490896224976
54 2904.8590099999983 16787.72188745 125706276.10270172 107.77875900268555
55 2904.8590099999983 16739.053622 122698762.71232028 109.72956490516663
56 2904.8590099999983 15706.31623925 112885287.21824642 111.65594005584717
57 2904.8590099999983 15576.65743815 125755795.13282788 113.57960391044617
58 2904.8590099999983 16030.9026505 123245609.89924622 115.51199793815613
59 2904.8590099999983 15769.955123099997 125507538.41387771 117.43434286117554
60 2904.8590099999983 15803.188517699999 115897281.96263808 119.36138916015625
61 2904.8590099999983 16651.448290599998 118819643.70387185 121.30109286308289
62 2904.8590099999983 17045.26165115 128335375.84906887 123.25522303581238
63 2904.8590099999983 17897.0204837 125808722.22968124 125.22454619407654
64 2904.8590099999983 17675.78609115 131999143.86026864 127.188796043396
65 2904.8590099999983 17346.282023199998 121668871.32850665 129.14124703407288
66 2904.8590099999983 17771.025322449997 131782786.14870214 131.11021208763123
67 2904.8590099999983 17488.41978955 127099413.53048813 133.06562519073486
68 2904.8590099999983 16813.808055199996 139616358.0549673 135.00645208358765
69 2904.8590099999983 16218.844520399998 130606804.67823505 136.94554710388184
70 2904.8590099999983 16612.7288367 138329099.72441843 138.8942449092865
71 2904.8590099999983 16700.9865901 135586235.41074485 140.8560881614685
72 2904.8590099999983 16725.2713218 134821549.16035268 142.79323196411133
73 2904.8590099999983 16038.895685899997 141628756.56692335 144.71482706069946
74 2904.8590099999983 14588.632384899996 121827000.33876254 146.603698015213
75 2904.8590099999983 15994.38024525 124331165.23899512 148.52153396606445
76 2904.8590099999983 16509.237809650003 123007560.22192007 150.45316004753113
77 2904.8590099999983 15849.9142624 126404624.86504316 152.3703670501709
78 2904.8590099999983 16467.0556 127215889.96235126 154.30907607078552
79 2904.8590099999983 16738.90532055 123807848.61155051 156.25300407409668
80 2904.8590099999983 16420.8833743 128802479.47091715 158.1920759677887
81 2904.8590099999983 16796.0348092 140254054.06163752 160.12941598892212
82 2904.8590099999983 17730.61319345 130431270.1625319 162.09376692771912
83 2904.8590099999983 17910.49540705 139050911.45976233 164.05473113059998
84 2904.8590099999983 17841.945982499998 142333867.09563455 166.02363920211792
85 2904.8590099999983 17201.9974286 128820413.40764448 167.97787284851074
86 2904.8590099999983 16977.92634015 125840127.3151901 169.9283800125122
87 2904.8590099999983 16782.230231049998 139975113.62616658 171.8765308856964
88 2904.8590099999983 16874.169837499998 132418549.58828682 173.82933902740479
89 2904.8590099999983 16353.64365635 130745308.059561 175.76995992660522
90 2904.8590099999983 17254.9961931 128737436.55549712 177.73852801322937
91 2904.8590099999983 16342.577516100002 125837354.67699635 179.6759901046753
92 2904.8590099999983 16965.036456849997 127915765.03579494 181.6282298564911
93 2904.8590099999983 17289.362037600004 125997513.52890193 183.58363914489746
94 2904.8590099999983 17744.14007875 130183878.55922867 185.54832100868225
95 2904.8590099999983 17019.8179368 123432381.45909798 187.5069010257721
96 2904.8590099999983 16385.00513565 127678228.02185714 189.44252610206604
97 2904.8590099999983 16048.88037155 141663121.1371507 191.38913583755493
98 2904.8590099999983 17062.549363700004 130608575.1082695 193.33968901634216
99 2904.8590099999983 17926.860071749998 137476733.67455178 195.3180069923401
100 2904.8590099999983 16787.16136 133699316.67834255 197.26444697380066
101 2904.8590099999983 17449.0555915 137661334.5794331 199.22376203536987
102 2904.8590099999983 16407.780125150002 126832770.54179077 201.1598060131073
103 2904.8590099999983 17391.2273521 129025952.07595283 203.1229910850525
104 2904.8590099999983 17731.555373249998 137045295.37244383 205.0965530872345
105 2904.8590099999983 18364.434726049996 130380220.22088131 207.07968425750732
106 2904.8590099999983 18349.23641825 122971162.0716653 209.07317996025085
107 2904.8590099999983 16880.160521299997 130789584.5757415 211.0256929397583
108 2904.8590099999983 17444.082811899996 130650442.05321825 212.97690796852112
109 2904.8590099999983 17715.105521 136884883.89554116 214.9506618976593
110 2904.8590099999983 16868.7385948 117325163.52139859 216.8981819152832
111 2904.8590099999983 17317.5571733 138873925.75516808 218.8620569705963
112 2904.8590099999983 18076.676482299998 127721507.77969162 220.8373260498047
113 2904.8590099999983 17521.27634105 121373684.91799587 222.79902386665344
114 2904.8590099999983 17236.00768725 120778590.24658531 224.75932121276855
115 2904.8590099999983 17473.09388435 135842191.1260157 226.72776103019714
116 2904.8590099999983 16308.2225572 134725688.91118068 228.66372895240784
117 2904.8590099999983 15951.3906024 135945785.64116582 230.58717608451843
118 2904.8590099999983 16129.964326100002 136924294.33496776 232.51838207244873
119 2904.8590099999983 16545.473174900002 139437734.323695 234.46687602996826
120 2904.8590099999983 17226.26339325 127047046.19534853 236.45672988891602
121 2904.8590099999983 17700.25939795 136075298.48733944 238.4568588733673
122 2904.8590099999983 18262.287448450003 131990837.80214547 240.45989513397217
123 2904.8590099999983 17421.78429185 139313530.26010728 242.45429706573486
124 2904.8590099999983 17163.25024935 135079015.28772092 244.42007303237915
125 2904.8590099999983 17315.5632926 124463353.53619291 246.3958101272583
126 2904.8590099999983 17016.40331565 128602601.17696995 248.35471391677856
127 2904.8590099999983 16347.514565249998 115959296.17676815 250.29431104660034
128 2904.8590099999983 17333.67495025 122748066.2048122 252.25248908996582
129 2904.8590099999983 18014.2812802 124682198.18444088 254.22788906097412
130 2904.8590099999983 18264.52040485 132773684.86169758 256.2156980037689
131 2904.8590099999983 17252.06980275 140258819.24490833 258.171550989151
132 2904.8590099999983 17125.18378595 141126268.46735704 260.13046002388
133 2904.8590099999983 17887.064781 148033692.66172516 262.1094751358032
134 2904.8590099999983 18041.2336631 141868599.65750575 264.08898520469666
135 2904.8590099999983 16879.788425499995 133223924.58143379 266.0368151664734
136 2904.8590099999983 17389.838050349998 141331869.16712967 267.98528480529785
137 2904.8590099999983 16706.00043 146388369.31932458 269.9302079677582
138 2904.8590099999983 15628.560539299999 135357081.26611054 271.8723258972168
139 2904.8590099999983 16754.575929 137252933.19627383 273.8461329936981
140 2904.8590099999983 16466.909961049998 125260846.6109021 275.8132019042969
141 2904.8590099999983 17690.688408850005 127595758.07637687 277.81840109825134
142 2904.8590099999983 16725.7077569 120338371.77482933 279.80171489715576
143 2904.8590099999983 16072.993008249998 126477204.64840008 281.7532801628113
144 2904.8590099999983 16315.7823902 129340703.6688307 283.7066910266876
145 2904.8590099999983 16490.455702649997 114614657.82672855 285.66087913513184
146 2904.8590099999983 17112.9226815 121473622.48992428 287.6356739997864
147 2904.8590099999983 17198.18735545 116889896.82159057 289.5947120189667
148 2904.8590099999983 17265.6461496 118039500.93695925 291.5545642375946
149 2904.8590099999983 17357.7963576 129489365.73468727 293.51524090766907
150 2904.8590099999983 17108.41843445 132137382.51455 295.4673390388489
151 2904.8590099999983 17385.006894199996 135597347.6048546 297.42908692359924
152 2904.8590099999983 17537.733931 149865672.0768026 299.4013628959656
153 2904.8590099999983 16953.542455849998 138943100.17828193 301.351322889328
154 2904.8590099999983 18359.221950799994 147343766.82885575 303.33721709251404
155 2904.8590099999983 17228.74005895 138667666.93358424 305.2988610267639
156 2904.8590099999983 16729.52717985 131915439.81015296 307.2609281539917
157 2904.8590099999983 16350.680472400003 129875418.35189018 309.21071600914
158 2904.8590099999983 16108.388517899999 131061007.78629693 311.1376609802246
159 2904.8590099999983 16062.433435949997 133171408.7075179 313.06128096580505
160 2904.8590099999983 16806.1917954 145377949.31895164 315.0140218734741
161 2904.8590099999983 15990.5009261 131233044.09812194 316.94634199142456
162 2904.8590099999983 15933.042790399999 118368258.07376415 318.8735408782959
163 2904.8590099999983 15007.011111249998 109682147.84631161 320.7820119857788
164 2904.8590099999983 15197.639050349999 111709180.60363734 322.7053439617157
165 2904.8590099999983 15455.427530449997 112656329.05083813 324.6232750415802
166 2904.8590099999983 15178.161743600002 107340094.67420226 326.53468799591064
167 2904.8590099999983 16277.242717149998 120813259.50701982 328.4657669067383
168 2904.8590099999983 15598.97568705 121233494.08727556 330.3902931213379
169 2904.8590099999983 17209.63823665 128368711.64353454 332.35021018981934
170 2904.8590099999983 17760.39251975 136650913.67079514 334.34162402153015
171 2904.8590099999983 17573.3785221 132626097.10799544 336.3117640018463
172 2904.8590099999983 16205.07767465 126638105.36183555 338.242075920105
173 2904.8590099999983 17005.72631335 129470424.33260582 340.2397801876068
174 2904.8590099999983 16261.33377955 126887237.44652449 342.1864151954651
175 2904.8590099999983 15655.54547085 117109249.96830198 344.1101231575012
176 2904.8590099999983 15260.3235615 125319853.25033912 346.0317280292511
177 2904.8590099999983 16776.631651599997 135598259.96444464 347.97929096221924
178 2904.8590099999983 16439.257690199996 139848556.14562455 349.92563700675964
179 2904.8590099999983 16511.983458699997 140384822.76544663 351.8678689002991
180 2904.8590099999983 17455.83951085 134195296.32601474 353.8418879508972
181 2904.8590099999983 16551.305760649997 131868188.56543423 355.7881238460541
182 2904.8590099999983 16816.40475885 125063974.37484817 357.7400300502777
183 2904.8590099999983 17142.924156499997 127845046.76998872 359.707909822464
184 2904.8590099999983 17479.63077515 119010841.49742077 361.6774232387543
185 2904.8590099999983 16532.4718906 125704698.27800816 363.6241590976715
186 2904.8590099999983 16776.54926895 132051466.70817368 365.57490611076355
187 2904.8590099999983 17184.87703155 133041948.29941629 367.54268193244934
188 2904.8590099999983 17752.87768845 130638200.02371046 369.5168960094452
189 2904.8590099999983 16759.571986450002 125410444.21619175 371.4763431549072
190 2904.8590099999983 16639.31683855 142277575.9307617 373.42648100852966
191 2904.8590099999983 16559.4613804 124532013.059529 375.36906909942627
192 2904.8590099999983 16820.451967999998 128100468.90792786 377.3235750198364
193 2904.8590099999983 16759.984791299998 124987292.27920313 379.2755661010742
194 2904.8590099999983 15901.18537385 122652420.51647754 381.2036690711975
195 2904.8590099999983 16097.23089805 124966585.50449249 383.148255109787
196 2904.8590099999983 17502.6083827 133286972.22218874 385.12399792671204
197 2904.8590099999983 16847.616102549997 129120906.10755795 387.0726580619812
198 2904.8590099999983 17271.6604347 124998881.31844845 389.03740906715393
199 2904.8590099999983 18580.874262449997 133409028.63758695 391.0303680896759
200 2904.8590099999983 17599.09820935 139092045.6657074 393.01115012168884
201 2904.8590099999983 17009.293728049997 129918036.38910653 394.96275210380554
202 2904.8590099999983 17228.246398400002 129559941.26926929 396.9285309314728
203 2904.8590099999983 17966.75141445 131311920.37974575 398.90829396247864
204 2904.8590099999983 18645.39928295 128634008.8148238 400.9078919887543
205 2904.8590099999983 16558.2015411 125536847.67297909 402.86592411994934
206 2904.8590099999983 16097.664786049998 129658728.64370634 404.80713081359863
207 2904.8590099999983 16020.533471399998 128735406.39677125 406.74161314964294
208 2904.8590099999983 16455.05021065 141742027.7135561 408.6947889328003
209 2904.8590099999983 17098.93632815 140028327.37829372 410.6528961658478
210 2904.8590099999983 17937.7143636 140633273.03910333 412.6354789733887
211 2904.8590099999983 18586.66455785 139412116.9329817 414.6255130767822
212 2904.8590099999983 17709.3316038 126104606.63055912 416.60148882865906
213 2904.8590099999983 17144.450671 122476261.56551853 418.5575749874115
214 2904.8590099999983 16831.19314005 124512703.01393548 420.5138750076294
215 2904.8590099999983 16810.682001299996 121276384.96870308 422.4736750125885
216 2904.8590099999983 17029.740026350002 124720313.68021727 424.4309310913086
217 2904.8590099999983 16499.673585099998 127249501.8693985 426.38132786750793
218 2904.8590099999983 16542.504386149998 142634597.89269376 428.33724904060364
219 2904.8590099999983 17415.731126950002 138606055.76091582 430.30423617362976
220 2904.8590099999983 15815.0494039 123419785.5945322 432.2396879196167
221 2904.8590099999983 16440.54236275 127341870.8265575 434.1944589614868
222 2904.8590099999983 16985.68080815 135556907.75180122 436.151997089386
223 2904.8590099999983 17040.6698245 132403354.62980007 438.10542488098145
224 2904.8590099999983 15995.991825249996 123197593.91824509 440.03670716285706
225 2904.8590099999983 15692.037140299997 119121032.42778319 441.97395300865173
226 2904.8590099999983 16476.09678865 124945613.72180606 443.9194850921631
227 2904.8590099999983 17307.911134500002 135847105.87007868 445.8822658061981
228 2904.8590099999983 17198.32693615 136213432.2315683 447.8471031188965
229 2904.8590099999983 17827.35072955 135122846.69855025 449.83025002479553
230 2904.8590099999983 17146.7768509 129235049.69547142 451.80570101737976
231 2904.8590099999983 15350.8024982 114050813.21603726 453.72084307670593
232 2904.8590099999983 16066.254328350002 120683348.38615173 455.6720681190491
233 2904.8590099999983 17027.53467955 124189580.9496845 457.62144684791565
234 2904.8590099999983 17801.421777850002 133803831.35671145 459.60881519317627
235 2904.8590099999983 16735.480724300003 146449269.01425192 461.5643961429596
236 2904.8590099999983 17086.44300115 134843184.19932926 463.5244381427765
237 2904.8590099999983 18002.81218855 118577042.55120386 465.50977206230164
238 2904.8590099999983 16818.531082999998 133784567.23210041 467.45782804489136
239 2904.8590099999983 16983.29486075 138178318.76943246 469.41709899902344
240 2904.8590099999983 17115.26818285 138984566.17886406 471.37453293800354
241 2904.8590099999983 16728.9290187 130347101.82543094 473.3249821662903
242 2904.8590099999983 16275.29682885 127223563.59110516 475.2707431316376
243 2904.8590099999983 17197.3874226 126177354.71509449 477.23318099975586
244 2904.8590099999983 17489.838055949996 135919094.22729006 479.1983060836792
245 2904.8590099999983 17452.327619 133376002.63709766 481.1605489253998
246 2904.8590099999983 16705.257422550003 138331657.03896117 483.1139168739319
247 2904.8590099999983 17430.902639199998 143572788.1800362 485.0794289112091
248 2904.8590099999983 17380.580373449997 135374335.67319676 487.0413250923157
249 2904.8590099999983 17057.19098315 136632227.01088446 489.01522421836853
2904.8590099999983 490.9448130130768
2
0 9223372036854775807 35457.67808715 6088361.9050138295 1.641495943069458
1 12418.461560000007 34056.46301045 8664999.202039512 4.347578763961792
2 5275.4361699999945 28946.3845838 58105994.82840765 6.692615747451782
3 3480.7722300000014 24825.00922455 104225181.3941019 8.84778380393982
4 3153.66842 21296.76530425 139568167.17560336 10.88218069076538
5 3010.1502000000014 19865.482626999998 147541682.31624442 12.883118867874146
6 3010.1502000000014 18074.5498844 124431372.58718447 14.850910902023315
7 2984.3969400000005 17082.1668397 125877274.85313572 16.797454833984375
8 2984.3969400000005 17219.3211443 125238800.17887451 18.73474407196045
9 2984.3969400000005 17188.2392844 138936763.9815552 20.678504943847656
10 2962.877050000002 15868.695339499998 140272122.92631528 22.59025001525879
11 2962.877050000002 16420.75593045 132401143.34119605 24.536752700805664
12 2962.877050000002 15807.7734979 123668201.90036379 26.467195749282837
13 2962.877050000002 15652.596447950002 122086902.364909 28.387256860733032
14 2962.877050000002 15653.926413299996 123302378.08157024 30.302289724349976
15 2962.877050000002 16266.0004911 130966415.4142383 32.23400688171387
16 2962.877050000002 15980.715123800002 124281714.71347824 34.163448095321655
17 2962.877050000002 16240.318753649999 116109923.77966629 36.088562965393066
18 2962.877050000002 15766.41904595 118407804.69427738 38.01088094711304
19 2962.877050000002 15679.130878950002 122748112.73166725 39.92624473571777
20 2962.877050000002 15389.84995525 127607554.59441292 41.8288938999176
21 2962.877050000002 15492.816475849999 116832627.7907928 43.735588788986206
22 2951.5708400000008 17434.7431167 135141908.4702342 45.69619393348694
23 2947.7685300000003 17476.54606805 137192235.044455 47.655319929122925
24 2947.7685300000003 16469.748588000002 139040135.69816864 49.617313861846924
25 2947.7685300000003 17523.84201095 139986566.01845205 51.589287757873535
26 2947.7685300000003 16318.8013171 134348885.1754093 53.53619885444641
27 2947.7685300000003 15531.50229115 124895956.42699686 55.47823786735535
28 2947.7685300000003 16199.862602300002 137262144.14048588 57.41974186897278
29 2947.7685300000003 16110.2327063 137387032.29326284 59.35767483711243
30 2947.7685300000003 16987.04604865 123024524.78508702 61.30917501449585
31 2947.7685300000003 17920.2360399 133215802.00916387 63.296972036361694
32 2947.7685300000003 17416.47256345 132332155.14643753 65.2591826915741
33 2947.7685300000003 16539.66502515 126570802.71451432 67.19760298728943
34 2947.7685300000003 17061.375968949997 130639976.41789614 69.14561486244202
35 2947.7685300000003 17038.89001205 124774108.18536268 71.09781885147095
36 2947.7685300000003 17115.8930402 133807957.68706562 73.0617847442627
37 2930.5125699999985 16901.3918168 145968817.67968163 75.01825785636902
38 2930.5125699999985 16908.167564649997 143097195.92923644 76.97016501426697
39 2930.5125699999985 15367.8290795 126516600.47138955 78.88880205154419
40 2904.8590099999983 16010.0713481 121715208.67848054 80.82423877716064
41 2904.8590099999983 15843.002749849999 118234610.450037 82.76424884796143
42 2904.8590099999983 15657.332029000001 128606075.53872967 84.69666886329651
43 2904.8590099999983 15493.142262749998 111952750.79158774 86.62798881530762
44 2904.8590099999983 16398.74892465 113822346.44041234 88.57591080665588
45 2904.8590099999983 16211.15895415 113339476.4892057 90.5162947177887
46 2904.8590099999983 16374.1131123 114204345.18049465 92.45830988883972
47 2904.8590099999983 16364.7374177 113034132.5692732 94.40291285514832
48 2904.8590099999983 15854.00401875 109164733.398861 96.33132076263428
49 2904.8590099999983 16745.2794346 113833592.83200535 98.27699089050293
50 2904.8590099999983 17292.29212815 128640737.09175526 100.23985886573792
51 2904.8590099999983 16515.2655861 131806905.71959844 102.17942094802856
52 2904.8590099999983 16209.531163999996 130502495.36877923 104.11351299285889
53 2904.8590099999983 17135.8894975 131124726.03791042 106.0664119720459
54 2904.8590099999983 17357.65494335 128263254.03583981 108.0276358127594
55 2904.8590099999983 17094.6525572 136348198.40416273 109.97588992118835
56 2904.8590099999983 17387.8925092 140822711.35968244 111.94577479362488
57 2904.8590099999983 15964.373580799998 134906238.20709983 113.8801257610321
58 2904.8590099999983 16275.377231450002 127540265.2347866 115.82117486000061
59 2904.8590099999983 16198.878997699998 128414738.54005691 117.75805473327637
60 2904.8590099999983 16277.408306800002 127814215.29861166 119.6970648765564
61 2904.8590099999983 15903.136913300003 126217123.81249298 121.62287092208862
62 2904.8590099999983 16507.29802545 127598344.74749993 123.5668728351593
63 2904.8590099999983 16238.75383335 128318354.83933005 125.50237107276917
64 2904.8590099999983 16244.35735025 117160505.57940061 127.44204187393188
65 2904.8590099999983 16011.9104275 120693332.27923909 129.37331295013428
66 2904.8590099999983 16725.559195949998 129504862.31258373 131.32486701011658
67 2904.8590099999983 17605.46636155 126900806.69208713 133.3045198917389
68 2904.8590099999983 16289.597295300002 125324835.79913725 135.24884390830994
69 2904.8590099999983 15073.826823449996 117450609.0855713 137.16016578674316
70 2904.8590099999983 16092.73649595 126190083.11607517 139.08753085136414
71 2904.8590099999983 15128.504533449997 133436639.1873041 141.00181078910828
72 2904.8590099999983 16069.387325599999 128583462.64130919 142.92907691001892
73 2904.8590099999983 16946.0109079 127949832.32194492 144.8911647796631
74 2904.8590099999983 16655.959291999996 123176210.19550087 146.84167075157166
75 2904.8590099999983 16629.809471449997 118304936.11796074 148.77661108970642
76 2904.8590099999983 15692.358691099998 118941083.6019678 150.7217788696289
77 2904.8590099999983 15924.879564549998 116703928.59981586 152.66015100479126
78 2904.8590099999983 15162.302342049996 114605792.32758091 154.56787300109863
79 2904.8590099999983 15173.2311179 118326859.24780327 156.4847538471222
80 2904.8590099999983 16307.118055199999 125790296.26769973 158.43863081932068
81 2904.8590099999983 17664.581044100003 131380459.4887136 160.41003799438477
82 2904.8590099999983 17505.59167595 126912817.88850966 162.37403178215027
83 2904.8590099999983 17791.3465883 120741370.20951127 164.34357500076294
84 2904.8590099999983 16876.65816215 125174795.52343585 166.30652475357056
85 2904.8590099999983 16220.1259424 132649093.35466138 168.23920583724976
86 2904.8590099999983 15106.46630025 130327514.13921776 170.15100479125977
87 2904.8590099999983 16532.458668299998 122916286.25755051 172.0950529575348
88 2904.8590099999983 16999.56678475 115396877.79213154 174.0511348247528
89 2904.8590099999983 16738.27106195 105582179.00354207 175.99587774276733
90 2904.8590099999983 16602.12698055 116716543.83118396 177.94393587112427
91 2904.8590099999983 17025.50798255 122526934.08346176 179.89493775367737
92 2904.8590099999983 16811.096506050002 122709420.8359005 181.84794783592224
93 2904.8590099999983 16427.3421679 131097452.39286053 183.78886771202087
94 2904.8590099999983 16136.66962725 140921078.97701284 185.7238221168518
95 2904.8590099999983 15919.8695481 130642332.84621193 187.65611696243286
96 2904.8590099999983 16869.76707405 132738193.43762754 189.6074948310852
97 2904.8590099999983 16071.74206915 126588764.00496693 191.54249501228333
98 2904.8590099999983 16950.527312100003 131224356.78307103 193.5018708705902
99 2904.8590099999983 16504.70604075 132722675.96781832 195.45317387580872
100 2904.8590099999983 16347.71324385 131102030.58146742 197.39723801612854
101 2904.8590099999983 16552.0614383 125652408.37049995 199.3535737991333
102 2904.8590099999983 15981.25487775 128676728.64949395 1131.9283549785614
103 2904.8590099999983 16362.6728785 132790112.99624993 1133.875739812851
104 2904.8590099999983 16602.22722735 118699909.48117408 1135.8197047710419
105 2904.8590099999983 16711.9596801 131642994.93268803 1137.7650637626648
106 2904.8590099999983 15997.28952365 124961854.26399018 1139.699985742569
107 2904.8590099999983 16208.121527 134598628.20509776 1141.6358587741852
108 2904.8590099999983 16149.63949035 117675481.73800701 1143.583832025528
109 2904.8590099999983 16985.1904995 116610963.55149516 1145.5435428619385
110 2904.8590099999983 17254.664790500003 133341832.50971447 1147.5007317066193
111 2904.8590099999983 17319.805858050004 143073920.67191872 1149.4787299633026
112 2904.8590099999983 17553.256048149997 138330646.36934248 1151.4735398292542
113 2904.8590099999983 16892.760358099997 130814161.9248792 1153.4640698432922
114 2904.8590099999983 15351.46435165 122492196.48958275 1155.393707036972
115 2904.8590099999983 16488.48215655 123996218.0387474 1157.3382048606873
116 2904.8590099999983 17180.112348699997 123859860.94325517 1159.292623758316
117 2904.8590099999983 16718.195188349997 122847678.12894772 1161.2465116977692
118 2904.8590099999983 16389.12730945 129966685.19728 1163.1863417625427
119 2904.8590099999983 17045.597748949996 122357827.05671208 1165.1378428936005
120 2904.8590099999983 16471.211052199997 129404884.23055382 1167.0738806724548
121 2904.8590099999983 15592.194948 119470789.75824752 1168.9844198226929
122 2904.8590099999983 15683.126022349996 111724568.63557544 1170.9071419239044
123 2904.8590099999983 15908.653501049997 125862391.52588835 1172.8623757362366
124 2904.8590099999983 16875.42945725 117155350.203922 1174.8169467449188
125 2904.8590099999983 16974.828080299998 131235065.46310182 1176.7705557346344
126 2904.8590099999983 17011.3432232 123594772.02031451 1178.7233788967133
127 2904.8590099999983 15685.2964921 129229726.24288738 1180.6415548324585
128 2904.8590099999983 16579.11419145 127118501.23217168 1182.5913829803467
129 2904.8590099999983 17269.0432143 129349663.25533445 1184.5569269657135
130 2904.8590099999983 16486.605124799997 124677694.96734223 1186.499158859253
131 2904.8590099999983 16441.881913 124087956.06536022 1188.4401149749756
132 2904.8590099999983 16217.47344385 130875234.64457214 1190.373750925064
133 2904.8590099999983 16994.51617055 121377210.01998508 1192.3319947719574
134 2904.8590099999983 16342.518180949999 121902634.68247898 1194.2694118022919
135 2904.8590099999983 16449.22116385 121874946.14712517 1196.209781885147
136 2904.8590099999983 16973.619738249996 121993815.84424774 1198.1686699390411
137 2904.8590099999983 15645.380180449998 122882776.27632536 1200.0899279117584
138 2904.8590099999983 16305.860786449997 124997817.50191124 1202.0293288230896
139 2904.8590099999983 16885.942129699997 134966675.45058277 1203.980980873108
140 2904.8590099999983 16743.562850899998 131845627.25377327 1205.9398188591003
141 2904.8590099999983 17369.947194750002 129326490.80748177 1207.9050629138947
142 2904.8590099999983 17511.425731299998 132653922.09395756 1209.8755750656128
143 2904.8590099999983 15765.991578500001 123927140.37652676 1211.7895119190216
144 2904.8590099999983 15697.01327065 127518516.20040368 1213.7151808738708
145 2904.8590099999983 17034.87215 130381066.37141499 1215.6719088554382
146 2904.8590099999983 15391.476259449999 123219236.0583052 1217.585275888443
147 2904.8590099999983 15880.006367499998 130822243.25257821 1219.5062897205353
148 2904.8590099999983 15935.917098599999 120877332.18794607 1221.4376146793365
149 2904.8590099999983 16647.825312049998 125409490.18566014 1223.3775837421417
150 2904.8590099999983 17254.341144 125899847.66139454 1225.3372468948364
151 2904.8590099999983 16926.0586787 123340032.08986697 1227.2895078659058
152 2904.8590099999983 17359.4095729 129161135.78683102 1229.257080078125
153 2904.8590099999983 16662.711581800002 133427162.20342739 1231.208214044571
154 2904.8590099999983 17019.319275150003 132068297.4308746 1233.1660659313202
155 2904.8590099999983 15781.85550905 116985502.81143229 1235.0946698188782
156 2904.8590099999983 16043.992599800002 127003538.37552938 1237.027216911316
157 2904.8590099999983 16647.1200656 133273837.15315846 1238.9633848667145
158 2904.8590099999983 16524.670726199998 128105408.59111187 1240.9082539081573
159 2904.8590099999983 17959.52238215 118477116.99866043 1242.8968980312347
160 2904.8590099999983 17618.735938949998 114989181.79247841 1244.8765487670898
161 2904.8590099999983 16895.684509299997 122790783.33738361 1246.8400738239288
162 2904.8590099999983 17114.23666 122552901.12022904 1248.799864768982
163 2904.8590099999983 17463.857070099995 134040466.8522903 1250.774412870407
164 2904.8590099999983 17103.970444799997 139692567.05729446 1252.7263767719269
165 2904.8590099999983 17150.091207899997 133413831.53490523 1254.692489862442
166 2904.8590099999983 17258.776308649998 122337728.03421566 1256.648423910141
167 2904.8590099999983 16475.782512949998 126392519.66208848 1258.5960748195648
168 2904.8590099999983 16496.017310799998 121077447.8500206 1260.5422389507294
169 2904.8590099999983 15902.511093299996 118798011.80928804 1262.4672918319702
170 2904.8590099999983 17085.850596199998 124184732.17392859 1264.4198348522186
171 2904.8590099999983 17980.468842650003 127074950.93552338 1266.3994328975677
172 2904.8590099999983 17764.2951748 122452963.88834941 1268.3807327747345
173 2904.8590099999983 17655.67399295 120619297.94459096 1270.3709299564362
174 2904.8590099999983 17166.044887699998 119273438.74157447 1272.4037177562714
175 2904.8590099999983 15805.406343699999 121379492.50557524 1274.362352848053
176 2904.8590099999983 16366.08690585 124992714.45875359 1276.3095297813416
177 2904.8590099999983 16563.3250024 126224225.53535353 2190.22123169899
178 2904.8590099999983 16541.054795 145073121.24998498 2192.1741468906403
179 2904.8590099999983 16814.414199099996 133032103.32453822 2194.136199951172
180 2904.8590099999983 16576.4325101 137809952.84651664 2196.087874889374
181 2904.8590099999983 17243.477983400004 136569239.22842413 2198.0622940063477
182 2904.8590099999983 16440.199915499998 141117649.8962496 2200.010662794113
183 2904.8590099999983 16362.966992299998 131596178.03580298 2201.9707310199738
184 2904.8590099999983 16884.502881949997 126918861.70092803 2203.928602695465
185 2904.8590099999983 16551.540152449998 125053956.04077892 2205.8951029777527
186 2904.8590099999983 16933.3748679 136371213.62835062 2207.872433900833
187 2904.8590099999983 16179.427129349999 133055160.49745928 2209.8185200691223
188 2904.8590099999983 16964.542405549997 131942821.42020974 2211.804804801941
189 2904.8590099999983 16187.297862349998 123565656.58215943 2213.7464377880096
190 2904.8590099999983 16760.8639869 123093134.37028061 2215.701221704483
191 2904.8590099999983 16502.821262750003 129730421.24743813 2217.680721759796
192 2904.8590099999983 16176.318034049998 131178601.06245531 2219.6901688575745
193 2904.8590099999983 16453.509544649998 126252987.94142042 2221.6444878578186
194 2904.8590099999983 15016.82902485 121635066.73510621 2223.558730840683
195 2904.8590099999983 15891.380355199999 121230781.74194436 2225.4819238185883
196 2904.8590099999983 15136.9432041 117475263.07955083 2227.4078540802
197 2904.8590099999983 15481.49325645 120133321.54510446 2229.3282947540283
198 2904.8590099999983 15433.68104285 124438600.50139402 2231.246507883072
199 2904.8590099999983 16243.5143793 130236827.09306756 2233.1858649253845
200 2904.8590099999983 16613.29966145 140762153.26507863 2235.1336047649384
201 2904.8590099999983 16968.7603188 133932821.15174991 2237.083352804184
202 2904.8590099999983 16675.991692300002 129046079.20059338 2239.0403246879578
203 2904.8590099999983 17051.539767299997 132327380.28747706 2241.0438017845154
204 2904.8590099999983 16872.9335078 133306421.51995632 2243.0120599269867
205 2904.8590099999983 16971.792803199998 136962281.47447863 2244.9707448482513
206 2904.8590099999983 17598.7364092 152808594.6447079 2246.936625957489
207 2904.8590099999983 18468.59064005 126615979.91914655 2248.93172287941
208 2904.8590099999983 18046.05848635 135197865.9656405 2250.912183046341
209 2904.8590099999983 17099.22115545 125849545.63861641 2252.874140739441
210 2904.8590099999983 16325.357794950001 123931726.74241783 2254.8515858650208
211 2904.8590099999983 16553.65536335 124104181.0202559 2256.851982831955
212 2904.8590099999983 16408.435611899997 132412364.75044498 2258.8203320503235
213 2904.8590099999983 16864.79601425 122441594.31181595 2260.7806079387665
214 2904.8590099999983 15214.899293299999 116539749.6674133 2262.710706949234
215 2904.8590099999983 16626.8658714 124407722.25111145 2264.6504089832306
216 2904.8590099999983 16935.14798175 131745889.87809196 2266.614655971527
217 2904.8590099999983 15962.206190199999 127526919.51404361 2268.5446887016296
218 2904.8590099999983 15704.882634299998 123736088.48841792 2270.4731237888336
219 2904.8590099999983 16764.9009038 130355098.38334692 2272.439250946045
220 2904.8590099999983 17290.43639845 136048037.1219699 2274.412801027298
221 2904.8590099999983 16834.6496834 128137284.80079392 2276.3666949272156
222 2904.8590099999983 16457.8994638 132857490.56883354 2278.309656858444
223 2904.8590099999983 14955.15188385 120334998.58070707 2280.2193520069122
224 2904.8590099999983 15312.8557625 120166083.54211311 2282.133358001709
225 2904.8590099999983 15293.988717499999 108771676.98383392 2284.055397748947
226 2904.8590099999983 15900.423808849999 109938177.05928035 2285.9867980480194
227 2904.8590099999983 15546.36708735 121699863.04981191 2287.9177289009094
228 2904.8590099999983 15604.7846724 117586868.45424797 2289.867193698883
229 2904.8590099999983 16567.601519800002 117795835.8583052 2291.8118138313293
230 2904.8590099999983 16939.0031576 120992703.41417013 2293.7621779441833
231 2904.8590099999983 17000.4046399 125475450.47297262 2295.718543767929
232 2904.8590099999983 17819.56803555 125457174.16126229 2297.696678876877
233 2904.8590099999983 17259.016085 127008193.41940494 2299.6589629650116
234 2904.8590099999983 16938.1574493 125295455.62313709 2301.6199219226837
235 2904.8590099999983 16169.848759599998 125413535.34315185 2303.5568990707397
236 2904.8590099999983 16163.3042515 125636237.77008902 2305.5020956993103
237 2904.8590099999983 15908.785800050004 121727927.41300644 2307.4291048049927
238 2904.8590099999983 16282.4745414 128352469.3013794 2309.3691849708557
239 2904.8590099999983 15991.579349650001 111934596.64730775 2311.303689956665
240 2904.8590099999983 17472.74282755 124655186.93614605 2313.268630027771
241 2904.8590099999983 16633.2838797 122799596.44938305 2315.2110278606415
242 2904.8590099999983 16893.9811388 117422985.718235 2317.161732673645
243 2904.8590099999983 16972.7954025 120114855.27144848 2319.1090140342712
244 2904.8590099999983 16553.23717645 108053576.93932477 2321.0596437454224
245 2904.8590099999983 16444.5680519 125053683.83149609 2323.010141849518
246 2904.8590099999983 16650.38072215 127394697.10026221 2324.956734895706
247 2904.8590099999983 16326.5329158 131399326.36806516 2326.893077850342
248 2904.8590099999983 16290.1376834 126962583.5535134 2328.833963871002
249 2904.8590099999983 15220.585705599999 115590079.43452202 2330.759160757065
2904.8590099999983 2332.6949968338013
3
0 9223372036854775807 35520.7065137 6711513.368015132 1.6411359310150146
1 13624.504009999984 33776.40942160001 10516343.050037451 4.363085031509399
2 6128.783430000003 28889.400358849998 60979028.46297268 6.744240999221802
3 3868.9181799999997 23731.64012945 110720714.27138722 8.8750479221344
4 3622.5264199999997 21336.215160950003 118640756.26371521 10.916583061218262
5 3285.4043299999994 19043.02905475 132137567.24411936 12.884790182113647
6 3266.3323699999996 18878.82489845 144301166.21654537 14.867624044418335
7 3217.9585199999988 19044.35406605 133315187.58287206 16.84752583503723
8 3166.71372 17318.14505055 133875209.9250293 18.791905164718628
9 2904.8590099999983 16564.29288735 150335217.8417657 20.713542938232422
10 2904.8590099999983 16024.755130649995 120723752.53067718 22.621079206466675
11 2904.8590099999983 15752.844720950001 115965602.89118858 24.536014080047607
12 2904.8590099999983 15446.128800249999 126916038.04693092 26.454977989196777
13 2904.8590099999983 16601.416329699998 129451753.60886568 28.38993787765503
14 2904.8590099999983 17404.106698749998 127004068.82289417 30.34543013572693
15 2904.8590099999983 17842.184129049998 135532503.35040504 32.309372901916504
16 2904.8590099999983 17049.8398879 125048296.30758117 34.25513410568237
17 2904.8590099999983 16539.06713405 129706493.79383291 36.1989951133728
18 2904.8590099999983 16316.4679606 127739772.16111208 38.12813401222229
19 2904.8590099999983 15493.66736965 140116897.20843312 40.03288817405701
20 2904.8590099999983 15862.41930205 127688031.78102207 41.95672392845154
21 2904.8590099999983 16697.2315831 127441177.23397537 43.903400897979736
22 2904.8590099999983 16968.46336965 123171854.85567276 45.85407495498657
23 2904.8590099999983 16749.07706675 134838736.6116893 47.79480004310608
24 2904.8590099999983 16510.7413454 139151226.55335554 49.740861892700195
25 2904.8590099999983 16875.99636945 136419760.8964726 51.68353581428528
26 2904.8590099999983 16730.99609195 124120372.36531986 53.625263929367065
27 2904.8590099999983 16028.880935149999 120341781.42633195 55.55415201187134
28 2904.8590099999983 17932.37585155 141654993.77530006 57.52713918685913
29 2904.8590099999983 17799.350094300004 142736929.8223271 59.50176405906677
30 2904.8590099999983 16976.414222400002 142710087.3618716 61.459614992141724
31 2904.8590099999983 17267.568908100002 126023396.74907276 63.41677117347717
32 2904.8590099999983 17602.873001199998 126173812.78094266 65.38731122016907
33 2904.8590099999983 17228.8354682 126134677.60595885 67.34771609306335
34 2904.8590099999983 16931.547518199997 125756316.72506195 69.30825304985046
35 2904.8590099999983 17557.253591149998 135034998.4734189 71.28528904914856
36 2904.8590099999983 17904.419344349997 127102048.72259608 73.25718712806702
37 2904.8590099999983 17517.58811145 128348790.27687365 75.22829604148865
38 2904.8590099999983 17199.5817868 134575244.15220034 77.19076704978943
39 2904.8590099999983 17905.47155555 139278686.02817792 79.16348004341125
40 2904.8590099999983 17002.8664564 130967181.7058363 81.12067008018494
41 2904.8590099999983 17068.61438845 142356081.6724578 83.0759379863739
42 2904.8590099999983 17658.742575250002 140548334.26165694 85.04395818710327
43 2904.8590099999983 18033.1718184 138312195.60071337 87.02197885513306
44 2904.8590099999983 17638.562161249996 113843694.56574044 88.98972702026367
45 2904.8590099999983 16433.575829399997 117094866.9622427 90.9274730682373
46 2904.8590099999983 16515.46383005 124989274.16259451 92.86756992340088
47 2904.8590099999983 17768.6691382 124048323.66482478 94.83390212059021
48 2904.8590099999983 16674.33841025 123506261.73661853 96.78107595443726
49 2904.8590099999983 16614.388430249997 131068507.19946915 98.71958303451538
50 2904.8590099999983 15520.13283635 120517516.69567488 100.6379930973053
51 2904.8590099999983 16218.670325799998 122249253.15758923 102.57802605628967
52 2904.8590099999983 15739.134345149998 106514308.58692129 104.50190901756287
53 2904.8590099999983 16222.541562949998 120411763.17803356 106.43811702728271
54 2904.8590099999983 15109.142017199998 111030286.48630995 108.34222483634949
55 2904.8590099999983 15280.655171650002 111350567.27574104 110.25529909133911
56 2904.8590099999983 15581.042706100001 122705579.49580951 112.17144083976746
57 2904.8590099999983 16459.21210235 128175593.15769196 114.11453104019165
58 2904.8590099999983 16140.296390999998 124808859.02156653 116.04880118370056
59 2904.8590099999983 15899.287437349998 126696462.61013141 117.97754716873169
60 2904.8590099999983 16604.687005699998 128382873.75605865 119.92580008506775
61 2904.8590099999983 16588.37180845 126671953.28224212 121.8696870803833
62 2904.8590099999983 15781.838380099998 123879044.95376778 123.79120802879333
63 2904.8590099999983 16022.840884649999 132590766.20322298 125.72502207756042
64 2904.8590099999983 16298.87225445 119181337.16663256 127.66666197776794
65 2904.8590099999983 16033.86035985 107714407.374829 129.59603309631348
66 2904.8590099999983 16626.489388949998 120710033.75009339 131.54314708709717
67 2904.8590099999983 15461.734051849999 123116979.54555027 133.46223306655884
68 2904.8590099999983 16161.974892949998 125551232.64360726 135.39660906791687
69 2904.8590099999983 16393.8518295 129147982.41601998 137.33430409431458
70 2904.8590099999983 16594.769309749998 126979508.11221111 139.28942704200745
71 2904.8590099999983 17571.5996123 127289792.60358886 141.25791907310486
72 2904.8590099999983 17567.051113100002 128792280.5486536 143.22945308685303
73 2904.8590099999983 16076.462949649998 126481795.86578283 145.15540885925293
74 2904.8590099999983 16566.5807086 133179492.64694679 147.0980260372162
75 2904.8590099999983 16277.050722099999 129507827.33256349 149.02188205718994
76 2904.8590099999983 16338.328314549999 129323022.69522136 150.95424509048462
77 2904.8590099999983 15860.848536450001 132499555.93784477 152.8758029937744
78 2904.8590099999983 15518.491831800002 132793376.09705895 154.7917640209198
79 2904.8590099999983 16079.330424599997 129584140.0277677 156.7138750553131
80 2904.8590099999983 17336.75627395 138412119.10246974 158.66942381858826
81 2904.8590099999983 17512.826288 146554259.95011327 160.62797594070435
82 2904.8590099999983 17134.695505300002 135762070.6888468 162.62487983703613
83 2904.8590099999983 17666.54616805 129068689.48966928 164.5762550830841
84 2904.8590099999983 17186.37188255 138347674.60030922 166.53331208229065
85 2904.8590099999983 16597.222980399998 132194678.30939312 168.47397303581238
86 2904.8590099999983 16735.05126445 123050170.00436798 170.42158484458923
87 2904.8590099999983 16384.890975450002 133193436.55587067 172.35731720924377
88 2904.8590099999983 16183.960616899998 137845247.9198709 174.2864511013031
89 2904.8590099999983 16649.0661124 135195614.88343525 176.2341160774231
90 2904.8590099999983 16290.2915569 136637647.6575129 178.17195916175842
91 2904.8590099999983 15960.786758199998 125304293.00524005 180.09621810913086
92 2904.8590099999983 16047.329730799998 130398097.5822174 182.03105902671814
93 2904.8590099999983 15838.4111612 127855331.45467228 183.9674608707428
94 2904.8590099999983 16224.753009199998 136002542.52351627 185.908047914505
95 2904.8590099999983 17089.205778800002 140361431.59533092 187.89569401741028
96 2904.8590099999983 16142.244242399998 127869764.3158771 189.82568192481995
97 2904.8590099999983 16710.53740005 142920421.32726815 191.86354207992554
98 2904.8590099999983 16672.8184503 131205420.28007996 193.81313586235046
99 2904.8590099999983 16193.244557849997 125426897.19973728 195.75472903251648
100 2904.8590099999983 15969.815281749996 123348353.83423111 197.68724298477173
101 2904.8590099999983 17103.015373849998 130539031.93023264 199.6458592414856
102 2904.8590099999983 16328.326725399997 134404275.88896 201.57601118087769
103 2904.8590099999983 16621.409370099995 141040898.3984753 203.5165410041809
104 2904.8590099999983 16786.4133918 130825330.04919654 205.46741819381714
105 2904.8590099999983 17178.10446615 132048513.37769578 207.42647194862366
106 2904.8590099999983 16553.6878605 121909005.05607289 209.3671748638153
107 2904.8590099999983 16252.627205699999 129278180.53290385 211.30541110038757
108 2904.8590099999983 15848.623007799997 122780129.13542953 213.24266290664673
109 2904.8590099999983 16885.45135675 134875921.324875 215.1896550655365
110 2904.8590099999983 16020.155699 117951171.0572644 217.11662220954895
111 2904.8590099999983 16942.15508165 119494362.81258385 219.061870098114
112 2904.8590099999983 15766.77287835 126969120.0935746 220.99854397773743
113 2904.8590099999983 15623.2989981 116721909.97886288 222.91703295707703
114 2904.8590099999983 16245.414236249999 126185301.23762245 224.85094618797302
115 2904.8590099999983 16794.347020999998 127236914.33888397 226.7930121421814
116 2904.8590099999983 16365.427695049997 127692843.2322586 228.7309329509735
117 2904.8590099999983 16798.293106399997 132248437.1707748 230.67884612083435
118 2904.8590099999983 15863.74896505 128455597.50586279 232.61108803749084
119 2904.8590099999983 16311.946112450003 132157375.35597129 234.548819065094
120 2904.8590099999983 16930.924563 130153462.3500449 236.49894499778748
121 2904.8590099999983 16492.600175350002 130321167.02269213 238.43640613555908
122 2904.8590099999983 16844.45737725 125864830.50882894 240.3908770084381
123 2904.8590099999983 15579.938297099998 118755527.73378639 242.31926608085632
124 2904.8590099999983 15671.2794997 123827421.03466515 244.2441668510437
125 2904.8590099999983 15465.1362867 116095427.72424 246.166512966156
126 2904.8590099999983 15797.639326399998 118189203.28385326 248.09547019004822
127 2904.8590099999983 16354.189474499999 127231335.47858498 250.03978610038757
128 2904.8590099999983 16649.12691015 131232390.92113933 251.9887490272522
129 2904.8590099999983 16052.123712049999 126114394.73928422 253.92361402511597
130 2904.8590099999983 15337.43573525 127087190.44857809 255.846195936203
131 2904.8590099999983 15235.719032100002 119839920.68672541 257.77390599250793
132 2904.8590099999983 16425.6787809 132443407.20765415 259.7186620235443
133 2904.8590099999983 16595.74729415 122883424.13191746 261.6572091579437
134 2904.8590099999983 16074.1043212 121340954.54178815 263.6000990867615
135 2904.8590099999983 16129.30969545 121120859.10575576 265.5312352180481
136 2904.8590099999983 16412.153654 121946103.21786888 267.4711492061615
137 2904.8590099999983 15630.627135 120652660.40490057 269.3843882083893
138 2904.8590099999983 17351.51575545 123185330.10996142 271.3452138900757
139 2904.8590099999983 17219.4115876 136628894.05142835 273.2995491027832
140 2904.8590099999983 18167.077271 138872385.56932363 275.2757680416107
141 2904.8590099999983 17848.5957645 136407195.16614825 277.2547059059143
142 2904.8590099999983 16621.00968065 140668755.09423405 279.1962790489197
143 2904.8590099999983 15397.539418399998 139357583.61328578 281.121052980423
144 2904.8590099999983 16227.868737949999 140702826.01265728 283.0621829032898
145 2904.8590099999983 16195.582416149999 127804281.58110362 284.99474692344666
146 2904.8590099999983 15809.02695955 123723108.35769778 286.91765904426575
147 2904.8590099999983 16136.928179599996 133313919.78067107 288.8403022289276
148 2904.8590099999983 16822.91914835 125358394.61101034 290.7884359359741
149 2904.8590099999983 16331.8939365 122451249.1032998 292.7300102710724
150 2904.8590099999983 17258.8059095 114638319.6109855 294.6977028846741
151 2904.8590099999983 17623.18326685 116496607.93307488 296.6613609790802
152 2904.8590099999983 16926.63421875 119396007.78384537 298.61628794670105
153 2904.8590099999983 16956.20506605 117255267.15441798 300.58175110816956
154 2904.8590099999983 17272.2415449 123041919.13007073 302.5452530384064
155 2904.8590099999983 16659.923022499996 113452319.31092548 304.49695205688477
156 2904.8590099999983 17442.6957414 111868917.04453228 306.4692978858948
157 2904.8590099999983 17587.1601416 129000458.69862175 308.43568205833435
158 2904.8590099999983 16508.24684985 126576497.86272074 310.37973618507385
159 2904.8590099999983 16390.6194311 129612068.19648226 312.31729316711426
160 2904.8590099999983 16461.79430265 126786765.02843986 314.26253604888916
161 2904.8590099999983 15848.630643599998 122487603.53233929 316.19344210624695
162 2904.8590099999983 14640.43669945 116566129.39132495 318.0970320701599
163 2904.8590099999983 15876.597814349998 130183500.87235603 320.029226064682
164 2904.8590099999983 17061.832183149996 120105499.00204384 321.98031997680664
165 2904.8590099999983 16834.403030949998 131830641.75653538 323.9405541419983
166 2904.8590099999983 17218.58444055 129949192.00990862 325.89934396743774
167 2904.8590099999983 16670.25388035 127157256.99779232 327.84964203834534
168 2904.8590099999983 17516.66815425 126805063.81631584 329.814738035202
169 2904.8590099999983 17420.09394115 140870400.50526673 331.7769751548767
170 2904.8590099999983 17044.0999792 139271539.1834924 333.7243971824646
171 2904.8590099999983 15999.490429949998 134345952.9394189 335.6500082015991
172 2904.8590099999983 16324.973236599997 124491144.63793477 337.5919728279114
173 2904.8590099999983 16670.001799050002 130065343.53602207 339.54490184783936
174 2904.8590099999983 16324.20601875 124132014.0865529 341.4879140853882
175 2904.8590099999983 17091.48748255 126917975.10194308 343.44394183158875
176 2904.8590099999983 17577.017002499997 122492616.56721325 345.41624093055725
177 2904.8590099999983 15400.16966215 123560407.55796896 347.3331489562988
178 2904.8590099999983 15308.776823100001 122197959.25148281 349.24677300453186
179 2904.8590099999983 15937.251730249998 117261679.21606787 351.179358959198
180 2904.8590099999983 17533.77058225 125246388.24807364 353.1532549858093
181 2904.8590099999983 16428.631394099997 123681265.79857379 355.08706617355347
182 2904.8590099999983 16878.68062075 115186228.47474164 357.04496002197266
183 2904.8590099999983 16401.4171893 124314753.83606377 358.9914848804474
184 2904.8590099999983 16789.2764673 123848247.60621443 360.95286893844604
185 2904.8590099999983 15288.460762499999 126221197.63991569 362.86493396759033
186 2904.8590099999983 15175.559722499998 122389448.22773519 364.7770109176636
187 2904.8590099999983 15840.06613095 132240659.10279296 366.7054169178009
188 2904.8590099999983 16216.100727749998 114792002.18139091 368.63807702064514
189 2904.8590099999983 16116.88887805 104927242.31239548 370.56643414497375
190 2904.8590099999983 16341.264369699997 123570505.56158245 372.4958348274231
191 2904.8590099999983 15463.86634245 127282770.28373584 374.4183349609375
192 2904.8590099999983 16156.549304349997 123542047.2309409 376.3503041267395
193 2904.8590099999983 15365.67873885 127613429.54159772 378.27108097076416
194 2904.8590099999983 15652.898550449998 120648558.5209224 380.19719409942627
195 2904.8590099999983 16581.92562285 122785593.2215025 382.1408152580261
196 2904.8590099999983 16204.26593195 117238972.39586744 384.07385087013245
197 2904.8590099999983 17483.360828299996 133317342.47199452 386.03689408302307
198 2904.8590099999983 17329.74478275 133425608.16397268 388.0010850429535
199 2904.8590099999983 18691.699678199995 132904729.97588119 390.0032289028168
200 2904.8590099999983 17044.909533949998 135046417.92131427 391.9612989425659
201 2904.8590099999983 17106.386503949998 121488131.44835593 393.9273338317871
202 2904.8590099999983 17151.18761395 127892329.62761918 395.89135694503784
203 2904.8590099999983 17115.6794795 127445838.37655489 397.84579515457153
204 2904.8590099999983 16872.06438745 125232011.52112253 399.794242143631
205 2904.8590099999983 17305.393165499998 130697565.46192968 401.75989508628845
206 2904.8590099999983 16855.470374099998 118908277.50318512 403.70948791503906
207 2904.8590099999983 16231.311872199998 118683926.62144575 405.6482219696045
208 2904.8590099999983 15696.118197599999 120600030.80131859 407.5687129497528
209 2904.8590099999983 15566.437051849998 119939788.15088607 409.495245218277
210 2904.8590099999983 15087.918133149999 126008265.33235961 411.40762305259705
211 2904.8590099999983 15999.85496125 143465936.20916447 413.335196018219
212 2904.8590099999983 15197.7774914 130351109.82031994 415.2488670349121
213 2904.8590099999983 16006.254119749998 128705722.04124321 417.1841731071472
214 2904.8590099999983 16796.097601600002 120484577.97397871 419.14140701293945
215 2904.8590099999983 16799.58628035 116331063.59777436 421.0981650352478
216 2904.8590099999983 16804.8066228 118165845.04060455 423.05694794654846
217 2904.8590099999983 16927.5082859 128048968.22584663 425.0100202560425
218 2904.8590099999983 16727.570330349998 124201246.64949943 426.9529221057892
219 2904.8590099999983 16565.16106905 127515084.9949245 428.8987150192261
220 2904.8590099999983 16714.664185799997 118085632.69249062 430.85674023628235
221 2904.8590099999983 17419.666278049997 122583977.93893093 432.8248682022095
222 2904.8590099999983 16307.482399249999 126188639.1081852 434.76431012153625
223 2904.8590099999983 15567.170488700001 117825221.92841525 436.684002161026
224 2904.8590099999983 16474.42688805 108034209.92858744 438.63470911979675
225 2904.8590099999983 15779.4311336 114049592.01242904 440.5606150627136
226 2904.8590099999983 16075.015536249999 122621578.55681455 442.50625705718994
227 2904.8590099999983 15749.478018 120910297.0288269 444.43061089515686
228 2904.8590099999983 15368.737461699997 126772630.11343643 446.3405508995056
229 2904.8590099999983 16305.04618855 135079519.3756772 448.26955008506775
230 2904.8590099999983 15940.253754 140603597.25557643 450.1987111568451
231 2904.8590099999983 15239.46364445 134518848.9989205 452.1091389656067
232 2904.8590099999983 14691.503984750001 130086872.42185274 454.01196217536926
233 2904.8590099999983 14958.1536619 127502738.65065128 455.92438101768494
234 2904.8590099999983 15592.3188914 124819116.88361882 457.83903908729553
235 2904.8590099999983 16047.916243349999 124167141.67233254 459.7711338996887
236 2904.8590099999983 17463.874089349996 138088494.35821113 461.73305082321167
237 2904.8590099999983 17030.853393449997 131238184.28116989 463.69196009635925
238 2904.8590099999983 16742.5611788 132967540.75811109 465.6319191455841
239 2904.8590099999983 16269.79806775 134363164.9049746 467.5767650604248
240 2904.8590099999983 16550.286939799997 116142243.99734563 469.52075695991516
241 2904.8590099999983 16591.4792899 114575776.94242853 471.47309589385986
242 2904.8590099999983 16903.89617005 121406834.16724874 473.43242502212524
243 2904.8590099999983 16293.05315925 118709429.40935509 475.3688430786133
244 2904.8590099999983 14777.284637249999 108939595.99282022 477.27074694633484
245 2904.8590099999983 15631.25161425 121610601.08501461 479.1985740661621
246 2904.8590099999983 15886.03355095 119949819.46559449 481.1303198337555
247 2904.8590099999983 17604.23082705 119658481.9482856 483.1046679019928
248 2904.8590099999983 18012.6630326 127727337.07041702 485.08910608291626
249 2904.8590099999983 17659.9399446 129576558.06775425 487.05965209007263
2904.8590099999983 489.02225518226624
