MP3
250 2623.70888
1
0 9223372036854775807 35782.08841390001 6672245.311770848 1.639430284500122
1 9690.126080000002 33804.57059480001 14747369.835725464 4.329222202301025
2 3730.780299999996 28092.79472260001 81427047.69697355 6.651238203048706
3 3666.9838799999993 21579.381629650004 130946085.0738663 8.711282968521118
4 2949.374659999999 19889.486380200004 128637483.46055038 10.716115951538086
5 2949.374659999999 19401.048397950002 134722584.63387728 12.710297107696533
6 2949.374659999999 18152.16261365 132692884.77749646 14.685648202896118
7 2859.0861000000004 18018.344428000004 130872292.01935346 16.651581048965454
8 2859.0861000000004 17399.5654333 138000413.56741446 18.608352184295654
9 2669.8623599999996 18170.6520968 133974624.26105279 20.575304985046387
10 2669.8623599999996 18000.14624525 125448840.59620148 22.54485297203064
11 2669.8623599999996 16919.1203736 136300045.33366308 24.481840133666992
12 2669.8623599999996 16483.424290850002 132633907.67140792 26.411911964416504
13 2669.8623599999996 15444.875328700002 124348442.4625184 28.317814111709595
14 2669.8623599999996 17018.19463645 131853718.83547485 30.260040998458862
15 2669.8623599999996 16659.08242695 131423665.542196 32.203835248947144
16 2669.8623599999996 16301.297534000001 124059563.14203991 34.13069415092468
17 2669.8623599999996 15907.63378645 127807599.03254986 36.05449604988098
18 2669.8623599999996 14922.945821349998 123702836.64205177 37.95020413398743
19 2669.8623599999996 14864.2089355 131957337.1053114 39.85226607322693
20 2661.137409999999 14731.98497415 146306717.29427344 41.737754106521606
21 2661.137409999999 15200.3218916 150645226.59047082 43.63821816444397
22 2661.137409999999 15792.958128200002 128263494.28879131 45.56108903884888
23 2661.137409999999 16641.0943018 125642429.50123557 47.50351524353027
24 2661.137409999999 16790.0602052 133385542.82346149 49.44998502731323
25 2661.137409999999 17094.0163631 151394672.8033766 51.40557527542114
26 2661.137409999999 16364.641583150003 149705873.23170012 53.34293723106384
27 2661.137409999999 16136.91797125 136729983.17398754 55.27907109260559
28 2661.137409999999 15745.773624200001 134666763.27300605 57.21179413795471
29 2661.137409999999 16270.998039350003 142052755.24465698 59.15087532997131
30 2661.137409999999 16307.300091750003 136404451.12662962 61.10694098472595
31 2661.137409999999 15969.724181900003 135583745.65796357 63.0381760597229
32 2661.137409999999 15504.384470950003 138349571.02525103 65.04389095306396
33 2661.137409999999 15717.902159200003 127809766.76302876 67.08409905433655
34 2661.137409999999 15607.0000457 138982969.7108109 69.11300301551819
35 2661.137409999999 15965.458029700001 136802538.0931903 71.14774203300476
36 2661.137409999999 16336.534405200002 136595892.59397945 73.17958307266235
37 2661.137409999999 16006.2784957 128176559.29966992 75.16867113113403
38 2661.137409999999 15117.90375245 124978715.65421933 77.13824009895325
39 2661.137409999999 16442.177945500003 133864879.27009629 79.16756010055542
40 2661.137409999999 16110.7415357 138659247.4656432 81.20607709884644
41 2661.137409999999 16695.319280600004 132257599.00243965 83.2792911529541
42 2661.137409999999 17056.26967365 145476797.12978244 85.31419610977173
43 2661.137409999999 17062.30998325 125987101.12752771 87.37915921211243
44 2661.137409999999 17013.951079650004 126741966.07405667 89.42854714393616
45 2661.137409999999 17735.66692545 138455393.89717704 91.49437117576599
46 2661.137409999999 17223.74533785 132182870.00411458 93.54022097587585
47 2661.137409999999 17300.912346400004 138057504.28593093 95.59494209289551
48 2661.137409999999 17521.1310189 140702287.08068475 97.66768217086792
49 2661.137409999999 17317.84096045 146316134.1751156 99.72380709648132
50 2661.137409999999 17292.60187375 135278986.75700957 101.78024291992188
51 2661.137409999999 14935.69866215 129640567.29813847 103.77625226974487
52 2661.137409999999 15800.516673950002 139214743.1356684 105.80031323432922
53 2661.137409999999 15105.710397499999 125420628.86413644 107.79163718223572
54 2661.137409999999 15893.2860819 128874285.97411783 109.72862911224365
55 2661.137409999999 16366.080908150003 123050062.84725557 111.68338203430176
56 2661.137409999999 15790.5783037 126911795.81402151 113.61571216583252
57 2650.2661499999967 15567.884975 130226340.6042902 115.54897117614746
58 2650.2661499999967 15984.445960200002 124213686.23308156 117.50245809555054
59 2650.2661499999967 16508.15455975 131838906.50975811 119.44624209403992
60 2650.2661499999967 16525.15989405 112451435.78991707 121.41808724403381
61 2650.2661499999967 16387.3295903 125537022.2923555 123.38963007926941
62 2650.2661499999967 16728.32113615 135717915.51593485 125.35668206214905
63 2650.2661499999967 16867.107078150002 134498775.31914094 127.32710719108582
64 2650.2661499999967 18314.304445300004 139677598.73107678 129.3264980316162
65 2650.2661499999967 18096.02050995 141730875.05925465 131.3184199333191
66 2650.2661499999967 17945.31716935 139822412.2244941 133.31003594398499
67 2650.2661499999967 17275.63984895 137678091.7625172 135.2784230709076
68 2650.2661499999967 17334.713663950002 135691977.99321383 137.25153517723083
69 2650.2661499999967 16846.33215515 127711015.97760098 139.20883512496948
70 2650.2661499999967 17536.1433392 128279713.36204258 141.18444228172302
71 2650.2661499999967 16055.533455300001 122469712.1069144 143.11859512329102
72 2650.2661499999967 16721.419234700003 147478077.1419689 145.07300209999084
73 2650.2661499999967 15070.026767750003 130072149.8298541 146.993262052536
74 2650.2661499999967 15585.207396300002 139647462.10663778 148.92477703094482
75 2650.2661499999967 15432.312726750002 135365998.0762794 150.8642611503601
76 2650.2661499999967 15709.405321850001 136764967.7601987 152.79787802696228
77 2650.2661499999967 14900.436312950002 123213374.97781433 154.70229411125183
78 2650.2661499999967 15035.387423700002 119460401.99201684 156.61303400993347
79 2650.2661499999967 15588.058779250001 114439385.2706738 158.55922102928162
80 2650.2661499999967 16020.825543400002 115753286.75866272 160.49623012542725
81 2650.2661499999967 16551.325996800006 135519569.1461774 162.4460620880127
82 2650.2661499999967 16091.42394845 132934426.85455175 164.39879202842712
83 2650.2661499999967 16195.934772350003 138358340.83069968 166.34391021728516
84 2650.2661499999967 17135.918913200003 140797859.4638332 168.3023180961609
85 2650.2661499999967 16506.1086307 128428389.47857943 170.25803804397583
86 2650.2661499999967 17680.9521767 132650960.16702378 172.2290439605713
87 2650.2661499999967 16831.6465895 143639796.6711409 174.19199204444885
88 2650.2661499999967 16416.5400172 135886039.61782005 176.15080213546753
89 2650.2661499999967 16787.063962050004 149000209.18717673 178.10774397850037
90 2650.2661499999967 16478.12642535 126718008.07595041 180.06473302841187
91 2650.2661499999967 16475.035414100003 133512777.79281226 182.01815915107727
92 2650.2661499999967 15454.931928500002 129140010.06094986 183.93504118919373
93 2650.2661499999967 16325.550613000001 130618073.01982623 185.8791470527649
94 2650.2661499999967 17546.954737950004 143833525.6163406 187.86188220977783
95 2650.2661499999967 16527.27350685 139542588.4981166 189.84269428253174
96 2650.2661499999967 16449.362932100004 142016891.02174148 191.78969407081604
97 2650.2661499999967 15892.320819300001 127343139.73866792 193.72828221321106
98 2650.2661499999967 15900.915705749998 130122357.00074959 195.6742081642151
99 2650.2661499999967 17405.5849584 137974336.31549332 197.65638613700867
100 2650.2661499999967 17437.212613300002 132661074.61873429 199.62806820869446
101 2650.2661499999967 17149.592816700002 135443347.38373435 201.58351516723633
102 2650.2661499999967 16905.037173300003 140585502.05156547 203.5373649597168
103 2650.2661499999967 16461.24227845 137446287.67262566 205.48993611335754
104 2650.2661499999967 16819.27175295 141785932.45851594 207.44063711166382
105 2650.2661499999967 16134.334378800006 135340856.3041056 209.37630605697632
106 2650.2661499999967 14846.699716150004 120126976.58590192 211.28461527824402
107 2650.2661499999967 15640.900574800002 130642062.61344726 213.21688604354858
108 2650.2661499999967 16725.814737750003 144062473.24795744 215.17824721336365
109 2650.2661499999967 16577.168141000002 120672935.0578357 217.12693405151367
110 2650.2661499999967 17534.604668350003 139790471.5548928 219.09937715530396
111 2650.2661499999967 17228.65356875 130831462.34235387 221.07032012939453
112 2650.2661499999967 16694.31837585 144369180.0780452 223.0268611907959
113 2650.2661499999967 18173.291344000005 138917821.2092878 225.02695202827454
114 2650.2661499999967 17861.3185215 141160103.33040443 227.0328061580658
115 2650.2661499999967 18020.37098865 143517098.08407554 229.031583070755
116 2650.2661499999967 17488.628796700003 134372086.5869241 231.0052421092987
117 2650.2661499999967 15423.706017250002 138867570.55195004 232.92649126052856
118 2650.2661499999967 16768.97666435 128878526.25348459 234.87191915512085
119 2650.2661499999967 16242.82179275 121247120.24728687 236.8165020942688
120 2650.2661499999967 16817.877662850005 132087620.48533693 238.76675510406494
121 2650.2661499999967 16774.010705750003 133875389.10229297 240.71931219100952
122 2650.2661499999967 17019.377070700004 126939850.44138922 242.68693017959595
123 2650.2661499999967 16882.80404415 138844390.1459045 244.6484169960022
124 2650.2661499999967 16911.367228300005 139420970.69636428 246.61731004714966
125 2650.2661499999967 16080.174505050003 134602900.94366986 248.5595042705536
126 2650.2661499999967 16801.9473392 134190180.36517689 250.52683401107788
127 2650.2661499999967 16476.6354079 144755749.15076447 252.51996898651123
128 2650.2661499999967 17265.4244544 143506645.573544 254.50155019760132
129 2650.2661499999967 16005.122590250001 127070612.33565536 256.5039761066437
130 2650.2661499999967 15594.136278150003 114830754.69362068 258.4787120819092
131 2650.2661499999967 15972.864469750002 126449426.75595741 260.4615490436554
132 2650.2661499999967 16143.629044550004 149751884.69645935 262.45823526382446
133 2650.2661499999967 16813.07922875 140282139.19891852 264.4609100818634
134 2650.2661499999967 16962.582707450005 135552247.62694323 266.48213815689087
135 2650.2661499999967 16937.6024217 136771861.0186981 268.5097281932831
136 2650.2661499999967 16627.4379259 126544395.5048811 270.5140941143036
137 2650.2661499999967 16573.396150450004 138369360.76255807 272.52616906166077
138 2650.2661499999967 16224.920884450003 138917270.613477 274.52799010276794
139 2650.2661499999967 15702.942151400002 132502610.50808696 276.50256729125977
140 2650.2661499999967 15978.738330600001 136175818.0542262 278.43841528892517
141 2650.2661499999967 15822.945138350004 129338188.74880874 280.36644315719604
142 2650.2661499999967 16093.15236895 125219144.16949329 282.30469608306885
143 2650.2661499999967 17352.752746600003 122843864.8189775 284.2756280899048
144 2650.2661499999967 17064.92214835 121996726.69712502 286.23088812828064
145 2650.2661499999967 17377.8960257 119382442.16759129 288.249165058136
146 2650.2661499999967 16067.891641000002 121869059.59269871 290.26124906539917
147 2650.2661499999967 15482.90292705 121741345.05309471 292.2465400695801
148 2650.2661499999967 17156.81044545 123548645.76168281 294.26861119270325
149 2650.2661499999967 15835.272949450002 129780486.19639833 296.27706503868103
150 2650.2661499999967 16604.612722650003 133182967.37106834 298.29936718940735
151 2650.2661499999967 17208.017569050004 130367037.72451971 300.3271870613098
152 2650.2661499999967 16830.349343150003 118873935.95009166 302.34499526023865
153 2650.2661499999967 16228.74442155 125682108.15195063 304.3765161037445
154 2650.2661499999967 17213.56638185 128785601.4451165 306.40535616874695
155 2650.2661499999967 18321.692137550002 132501153.22510059 308.42826318740845
156 2650.2661499999967 16852.780423300002 131680888.40235218 310.38477420806885
157 2650.2661499999967 16635.511616450003 125144443.58468503 312.3382079601288
158 2650.2661499999967 15758.505359650002 118464760.78395471 314.27070713043213
159 2650.2661499999967 15828.706288300004 127486326.42692108 316.21461510658264
160 2650.2661499999967 17178.62591795 132377170.00592265 318.1768991947174
161 2650.2661499999967 16473.299296250003 126340141.05008888 320.14007806777954
162 2650.2661499999967 16348.838486750004 134671128.06656426 322.16163420677185
163 2623.7088799999983 16420.844085100005 139881450.14213142 324.1783380508423
164 2623.7088799999983 16289.152034550005 135334109.49030197 326.19964122772217
165 2623.7088799999983 17389.394589050004 138171484.0889779 328.2375659942627
166 2623.7088799999983 16622.318277700004 130837957.15466473 330.24687814712524
167 2623.7088799999983 15357.690593000003 125765482.00428036 332.21215415000916
168 2623.7088799999983 15953.921051250003 131533377.50692898 334.1482880115509
169 2623.7088799999983 16193.067968700001 118186941.04430561 336.080304145813
170 2623.7088799999983 15622.4936234 130701572.39652053 338.01041412353516
171 2623.7088799999983 16135.349926250003 133515703.47509064 339.94584012031555
172 2623.7088799999983 16319.447779550002 138013477.50273845 341.88760924339294
173 2623.7088799999983 17132.741006400003 139955930.9933126 343.8534152507782
174 2623.7088799999983 17109.8420204 141321830.05459863 345.8210210800171
175 2623.7088799999983 16667.3151713 130737888.32900086 347.7618942260742
176 2623.7088799999983 16233.3008914 128382530.351283 349.706591129303
177 2623.7088799999983 17187.8078517 140491206.17917782 351.67495703697205
178 2623.7088799999983 16791.35702415 140664284.40378624 353.6327862739563
179 2623.7088799999983 16702.18078105 136504420.66781157 355.5846881866455
180 2623.7088799999983 16773.068605750002 141342739.05861852 357.5313889980316
181 2623.7088799999983 17776.733003700003 134443350.54433703 359.5052812099457
182 2623.7088799999983 16061.240186100002 124831002.98752575 361.44893431663513
183 2623.7088799999983 16492.612303050002 142228798.15744793 363.40621519088745
184 2623.7088799999983 15941.0735 133433149.7404482 365.3490219116211
185 2623.7088799999983 15672.60734315 122142335.1286974 367.27681612968445
186 2623.7088799999983 17232.017443500004 141026942.8761349 369.25336718559265
187 2623.7088799999983 17017.073404150004 140419668.86611718 371.23794317245483
188 2623.7088799999983 17210.8522798 135950907.36214462 373.20845222473145
189 2623.7088799999983 17083.247240350003 138531675.68182477 375.16614818573
190 2623.7088799999983 16701.4280609 127133070.6685988 377.119802236557
191 2623.7088799999983 15924.937948100001 131905277.18526763 379.0630621910095
192 2623.7088799999983 16047.4792924 125576062.05097881 380.9994201660156
193 2623.7088799999983 15885.310418350004 113471111.81876415 382.93578124046326
194 2623.7088799999983 15366.137734400001 121694551.33166397 384.86135601997375
195 2623.7088799999983 16602.543764600003 132911091.68708885 386.81704115867615
196 2623.7088799999983 17066.32156005 134184849.33357391 388.7770109176636
197 2623.7088799999983 16870.705000150003 140060325.43295312 390.74605798721313
198 2623.7088799999983 16822.595977150002 134230702.82578465 392.70407819747925
199 2623.7088799999983 17136.057772100005 143492416.6022265 394.6715703010559
200 2623.7088799999983 16211.267129000002 138581117.6612949 396.6142671108246
201 2623.7088799999983 17165.200723550002 140057751.76038814 398.58440923690796
202 2623.7088799999983 17039.30483495 126985057.3484493 400.55034613609314
203 2623.7088799999983 16574.15903745 122387885.1794347 402.5132441520691
204 2623.7088799999983 15950.5798263 121536440.85256043 404.4636752605438
205 2623.7088799999983 16122.066969349999 120771315.18286942 406.4654059410095
206 2623.7088799999983 16380.221579750003 120918742.31626831 408.45184111595154
207 2623.7088799999983 16589.030804250004 125831804.57691377 410.4093210697174
208 2623.7088799999983 15901.853128950002 138747850.6986141 412.342392206192
209 2623.7088799999983 16236.08276385 128778197.37037012 414.284597158432
210 2623.7088799999983 15888.7545143 130867104.95821892 416.2207889556885
211 2623.7088799999983 16801.3328905 134446738.0198127 418.19395303726196
212 2623.7088799999983 16953.907942550002 134751679.36885735 420.23030614852905
213 2623.7088799999983 17137.683465650003 134829706.601553 422.2314701080322
214 2623.7088799999983 16868.26735475 128374218.46363012 424.2170441150665
215 2623.7088799999983 16211.798261850001 135867751.5620925 426.20683217048645
216 2623.7088799999983 15655.48033435 127288437.92419037 428.1864242553711
217 2623.7088799999983 16287.0133774 130590871.30594377 430.17989206314087
218 2623.7088799999983 16590.7599685 137053315.14376745 432.1695251464844
219 2623.7088799999983 16149.69486695 128809497.91674697 434.1491641998291
220 2623.7088799999983 16968.0696784 128718926.86451225 436.1384880542755
221 2623.7088799999983 15633.85266665 128108883.35684961 438.10735416412354
222 2623.7088799999983 16262.666240650002 137781636.44202048 440.06158900260925
223 2623.7088799999983 15984.242316800002 129620867.27302182 442.00032114982605
224 2623.7088799999983 15799.38465295 122740069.31522816 443.93750405311584
225 2623.7088799999983 15579.00193715 129774599.10741879 445.87148118019104
226 2623.7088799999983 16978.4339952 132806697.37382141 447.8475561141968
227 2623.7088799999983 17636.5459177 125036221.79426406 449.81671929359436
228 2623.7088799999983 17148.294110250004 124998875.72999638 451.79097414016724
229 2623.7088799999983 17311.005233000003 135057550.43808928 453.75329303741455
230 2623.7088799999983 17626.4695184 134100656.31632414 455.73191022872925
231 2623.7088799999983 16674.48324755 137543410.88441023 457.67963433265686
232 2623.7088799999983 17157.46943435 128289747.8290866 459.6463692188263
233 2623.7088799999983 17020.18261055 137535689.7449424 461.60390615463257
234 2623.7088799999983 16347.00889225 144132748.18349895 463.55774426460266
235 2623.7088799999983 17036.2370921 132650469.65565033 465.5208911895752
236 2623.7088799999983 17325.9858824 137272439.4883514 467.49447417259216
237 2623.7088799999983 15938.300198050001 130457637.96586925 469.4239251613617
238 2623.7088799999983 16065.19165985 125878183.45809227 471.36248803138733
239 2623.7088799999983 15749.576473300003 135414550.06690928 473.29821705818176
240 2623.7088799999983 16136.840923100002 129537467.18848386 475.24400424957275
241 2623.7088799999983 15342.126589450001 119585097.61023754 477.1692900657654
242 2623.7088799999983 17011.6485417 132759148.93866388 479.1272921562195
243 2623.7088799999983 15371.094487650003 135585214.03794333 481.04589009284973
244 2623.7088799999983 14886.643361750002 125268940.11812484 482.9616901874542
245 2623.7088799999983 15474.633733050003 124378386.5225924 484.88938212394714
246 2623.7088799999983 16559.14832345 133443884.87725592 486.8364863395691
247 2623.7088799999983 15892.517541899997 140334249.41658342 488.7701790332794
248 2623.7088799999983 16583.925638250003 134363541.71983123 490.72111415863037
249 2623.7088799999983 17871.1656322 150359448.3171116 492.7130460739136
2623.7088799999983 494.66984510421753
2
0 9223372036854775807 35561.01678850001 6258849.777201887 1.6264927387237549
1 11440.928829999988 34047.48534790001 10742265.61532722 4.338697910308838
2 5237.50244 28886.193912550007 63040311.61755556 6.671536922454834
3 3489.7712000000024 24332.604491350005 111290478.62863712 8.81172490119934
4 3176.7287700000034 20333.512810700002 123101555.9335705 1010.5895109176636
5 3123.2162800000033 19066.779876150005 134536707.9441231 1012.6126928329468
6 3121.09048 18288.29540365 137602856.00900087 1014.6243228912354
7 2977.877569999999 17915.265635550004 131788824.54752983 1016.5874660015106
8 2977.877569999999 16168.241676050004 122448914.68393919 1018.5312829017639
9 2811.374939999999 15598.446030900004 121896993.04508428 1020.4592618942261
10 2716.749619999999 15874.498805700001 126449221.8343239 1022.3872058391571
11 2707.897379999997 14895.590751849999 114401069.55762964 1024.3034579753876
12 2707.897379999997 16132.019858400003 111800452.55880725 1026.2559900283813
13 2668.7020999999995 16240.347212800001 121867290.1090981 1028.2295186519623
14 2668.7020999999995 17656.30017825 132277181.37823685 1030.1935667991638
15 2658.98471 15990.968819050002 116966040.1604583 1032.1220898628235
16 2658.98471 15519.7022493 125914407.48905556 1034.0365839004517
17 2658.98471 16968.703609850003 139435216.37734088 1035.9847078323364
18 2658.98471 17812.869950800003 137163248.44103086 1037.952574968338
19 2658.98471 17571.055416450003 136134423.093614 1039.921305656433
20 2658.98471 17084.917414300002 151375122.07554966 1041.8727390766144
21 2658.98471 15752.1265989 140955521.26271108 1043.7869880199432
22 2658.98471 16802.27779225 137481915.91725755 1045.7347528934479
23 2658.98471 16971.65652605 132578329.80405825 1047.6908748149872
24 2658.98471 15705.045294999996 126257356.6618803 1049.6189386844635
25 2658.98471 15282.65138285 121024972.67418338 1051.5317859649658
26 2658.98471 15992.1181415 120100330.50036076 1053.4654808044434
27 2658.98471 16356.500944150002 141161611.2739973 1321.1968257427216
28 2658.98471 15930.302583550001 134260513.86763301 1323.183362007141
29 2658.98471 16722.8503108 134913776.0924696 1325.1359279155731
30 2658.98471 15867.983272250001 135798766.332575 1327.066243648529
31 2658.98471 15785.3455181 136229728.41859305 1329.0034828186035
32 2658.98471 15589.599568149999 128028312.33094531 1330.926265001297
33 2658.98471 16598.0833113 124499781.01414795 1332.8778638839722
34 2658.98471 17030.66770085 123533850.51217774 1334.8338077068329
35 2658.98471 17672.9978372 129535020.22325295 1336.8041777610779
36 2658.98471 18474.4142342 135937632.29151338 1338.7948327064514
37 2658.98471 17950.61785225 138258971.75136578 1340.7722928524017
38 2658.98471 17738.206666700004 129677473.88590059 1342.7564480304718
39 2658.98471 16929.9827671 131018877.07250209 1344.7109339237213
40 2658.98471 17175.62457775 135942362.87966114 1346.676014661789
41 2658.98471 16686.5675478 131411746.08772157 1348.6280167102814
42 2658.98471 16485.002316000002 131599649.52305984 1350.5760879516602
43 2658.98471 17095.166813400003 143277897.4168293 1352.5402088165283
44 2658.98471 16276.877172299999 132735500.34183377 1354.479790687561
45 2658.98471 15931.72765265 136070808.2743563 1356.4090428352356
46 2623.7088799999983 14743.248541550003 126540810.15138124 1358.319133758545
47 2623.7088799999983 15498.7587213 130047074.6734898 1360.2435660362244
48 2623.7088799999983 15428.899528400001 123811387.41836424 1362.1592478752136
49 2623.7088799999983 16408.0513864 129374326.07544497 1364.096225976944
50 2623.7088799999983 17278.592999900004 127711144.27531384 1366.0567169189453
51 2623.7088799999983 16412.220653350003 140005611.37817237 2391.7491598129272
52 2623.7088799999983 17071.97794645 132836078.03648077 2393.758262872696
53 2623.7088799999983 17270.86138255 128692551.22850384 2395.7242817878723
54 2623.7088799999983 16124.6767069 137868633.90289754 2397.6558179855347
55 2623.7088799999983 15993.735312550001 118219330.13049392 2399.5819659233093
56 2623.7088799999983 16647.800380550005 112229613.68950436 2401.5280129909515
57 2623.7088799999983 16617.861840550002 124356684.21725014 2403.478355884552
58 2623.7088799999983 15775.643146850001 121913919.87759209 2405.4078657627106
59 2623.7088799999983 16698.38605075 114475946.8891661 2407.353003025055
60 2623.7088799999983 15887.302250899998 117520910.38302942 2409.2875258922577
61 2623.7088799999983 13933.429992400002 110801235.8955533 2411.1743669509888
62 2623.7088799999983 15185.798538850002 113134405.4085344 2413.0953557491302
63 2623.7088799999983 16146.674827050003 125067255.92731413 2415.036257982254
64 2623.7088799999983 17781.3690701 127164238.1434516 2417.0126569271088
65 2623.7088799999983 18324.36941305 136178948.4819993 2419.0050580501556
66 2623.7088799999983 18185.84899925 136893357.37704572 2420.9894409179688
67 2623.7088799999983 16805.3126315 144596862.5261485 2422.94464468956
68 2623.7088799999983 15112.43204105 124471406.78213713 2424.8579597473145
69 2623.7088799999983 14441.3375044 129628809.88978222 2426.7561190128326
70 2623.7088799999983 14737.109220450002 128411488.47869259 2428.65566778183
71 2623.7088799999983 16859.244043600003 139488992.68893927 2430.601927757263
72 2623.7088799999983 17166.000344100004 137614577.05993718 2432.601126909256
73 2623.7088799999983 16360.871383950003 118746807.94186161 2434.534603834152
74 2623.7088799999983 17592.6244736 137738271.7775443 2436.506223678589
75 2623.7088799999983 16468.4654457 131448202.6654127 2438.4467368125916
76 2623.7088799999983 16395.0853609 137073114.61002842 2440.380532979965
77 2623.7088799999983 16457.147646750003 137910429.11782095 2442.3237109184265
78 2623.7088799999983 16400.731553700007 136622248.57204157 2444.271662712097
79 2623.7088799999983 16867.280135800003 146195854.59055948 2446.220175743103
80 2623.7088799999983 16525.910056000004 145813941.72021192 2448.1675918102264
81 2623.7088799999983 17174.22393105 141910296.62275684 2450.1175808906555
82 2623.7088799999983 16903.726179950005 134112321.87114075 2452.0731630325317
83 2623.7088799999983 16702.099915849998 129160028.18963474 3061.689088821411
84 2623.7088799999983 16336.4031722 130304100.76511218 3063.6673719882965
85 2623.7088799999983 16206.529634350001 127538331.13434887 3065.61261177063
86 2623.7088799999983 16631.6669585 126494118.10057697 3067.5614960193634
87 2623.7088799999983 17077.230649799996 126978656.28022161 3069.5316998958588
88 2623.7088799999983 17506.7074298 146985976.66684368 3071.492100715637
89 2623.7088799999983 16634.57487575 140786731.4946197 3073.447296857834
90 2623.7088799999983 14986.655687000002 136505850.12618932 3075.349945783615
91 2623.7088799999983 15938.779022850002 137648158.49260437 3077.2858078479767
92 2623.7088799999983 17690.42511825 128404072.07448453 3079.2504189014435
93 2623.7088799999983 17142.723 140747272.3403104 3081.207972764969
94 2623.7088799999983 17035.366302550003 134725375.0223094 3083.169966697693
95 2623.7088799999983 16910.0437106 127919560.1517154 3085.1182878017426
96 2623.7088799999983 16351.560058600002 120592578.02262805 3087.080682992935
97 2623.7088799999983 16684.7156427 127577713.18980028 3089.069762945175
98 2623.7088799999983 17494.70385415 128398466.2273742 3091.0593299865723
99 2623.7088799999983 16913.54721095 122103479.57399906 3093.027663707733
100 2623.7088799999983 17506.2173635 116196120.20793147 3094.9995019435883
101 2623.7088799999983 16424.99408895 125900251.90293808 3096.944772720337
102 2623.7088799999983 17210.68509445 122893457.50180279 3098.9133937358856
103 2623.7088799999983 17249.55589935 138801662.80080974 3100.874943971634
104 2623.7088799999983 16801.7412225 138918526.85966823 3102.8267419338226
105 2623.7088799999983 16621.065150150003 133993134.99449843 3104.768436908722
106 2623.7088799999983 17608.76925975 125040758.08044092 3106.741542816162
107 2623.7088799999983 17569.958169550002 128904343.87269297 3108.715231895447
108 2623.7088799999983 17463.2852169 129618957.18278891 3110.6953349113464
109 2623.7088799999983 16558.083857400004 119189430.88895568 4135.112246990204
110 2623.7088799999983 16033.32612125 123380721.99895287 4137.054435968399
111 2623.7088799999983 16619.785503400002 124482156.40696932 4139.017736911774
112 2623.7088799999983 17452.74662155 138567665.95736876 4140.991151809692
113 2623.7088799999983 17869.679614750003 134107248.00080696 4142.965864896774
114 2623.7088799999983 17488.5268053 136125099.42040834 4144.940858840942
115 2623.7088799999983 16412.7163689 128637949.14312276 4146.926247835159
116 2623.7088799999983 16508.314996 138622007.450836 4148.91100692749
117 2623.7088799999983 17293.0591098 146326786.74871907 4150.909936904907
118 2623.7088799999983 17332.144288100004 138846775.94147742 4152.897746801376
119 2623.7088799999983 16721.2534296 127266726.8116611 4154.85330581665
120 2623.7088799999983 17029.308594150003 125306552.80989937 4156.816142082214
121 2623.7088799999983 16770.771328400002 141119361.7832584 4158.790148735046
122 2623.7088799999983 17908.612344400004 146257397.2688998 4160.76681804657
123 2623.7088799999983 16764.293440499998 137635907.93567577 4162.717311859131
124 2623.7088799999983 16246.718933650001 139915706.79834983 4164.668184995651
125 2623.7088799999983 17089.939333500002 137606702.5781903 4166.639429807663
126 2623.7088799999983 16250.273921150001 131901350.71583095 4168.593651771545
127 2623.7088799999983 17034.04324345 136642249.70153752 4170.572695016861
128 2623.7088799999983 16845.46759995 135331791.90834782 4172.686508893967
129 2623.7088799999983 16750.03416615 134870830.97389674 4174.749888896942
130 2623.7088799999983 16476.5519056 129081256.96052769 4176.828191995621
131 2623.7088799999983 18144.0269716 125161527.50101466 4178.922693729401
132 2623.7088799999983 17528.92705885 136499671.65343192 4180.973470926285
133 2623.7088799999983 17163.9556453 133682155.26557884 4183.03284406662
134 2623.7088799999983 17412.266539300006 130835350.0184227 4185.059223890305
135 2623.7088799999983 17528.465954400002 129912626.06175262 4187.098151922226
136 2623.7088799999983 16654.383648100003 139938258.8131543 4189.124563932419
137 2623.7088799999983 16781.7759755 127430814.95609596 4191.158221006393
138 2623.7088799999983 16431.9437 130447805.69018614 4193.17108297348
139 2623.7088799999983 16008.521743800002 123972268.60211147 4195.184355974197
140 2623.7088799999983 15907.927749600001 125563309.33880386 4197.200612068176
141 2623.7088799999983 15483.217253200002 132648328.17648476 4199.2028567790985
142 2623.7088799999983 17288.10898535 141240137.38877305 4201.237678766251
143 2623.7088799999983 17506.7891649 142730524.5413093 4203.291823863983
144 2623.7088799999983 16625.346548200003 137517560.2226027 4205.321840763092
145 2623.7088799999983 17360.6574035 136175526.86113033 4207.372876882553
146 2623.7088799999983 16254.2976375 128365098.23076609 4209.406134843826
147 2623.7088799999983 16468.73878745 136578908.58651248 4211.448336839676
148 2623.7088799999983 16819.14464975 131208117.8213348 4213.4963619709015
149 2623.7088799999983 15520.493685950001 132581207.17012878 4215.513298749924
150 2623.7088799999983 15327.5459021 132645760.92807956 4217.524036884308
151 2623.7088799999983 16032.0457771 122238194.29899351 4219.5667560100555
152 2623.7088799999983 16529.914404850002 121846082.36700764 4221.641872882843
153 2623.7088799999983 16861.75099145 130428779.56501088 4223.709456920624
154 2623.7088799999983 17731.02388335 118739628.1720187 4225.783354759216
155 2623.7088799999983 17357.119266250003 135153547.79429963 4227.859263896942
156 2623.7088799999983 16302.935752500001 125096106.96453351 4229.896332025528
157 2623.7088799999983 16311.812668650002 126652445.62773499 4231.948961019516
158 2623.7088799999983 16565.141495000003 126680504.64722335 4234.014318704605
159 2623.7088799999983 17494.94478645 127347653.41633233 4236.097723722458
160 2623.7088799999983 17179.2167777 134873045.63270393 4238.164249658585
161 2623.7088799999983 16523.537865050002 134897139.5844063 4240.211602926254
162 2623.7088799999983 15749.195353250001 127255771.47460517 4242.240269899368
163 2623.7088799999983 14743.451861149999 114989405.54023376 4244.247917890549
164 2623.7088799999983 15935.174348550001 123567649.73070623 4246.277497768402
165 2623.7088799999983 17134.3073039 120630902.17299613 4248.328836679459
166 2623.7088799999983 17777.58704795 127526705.07901776 4250.412996768951
167 2623.7088799999983 16665.044358850002 135331936.23901334 4252.47322177887
168 2623.7088799999983 16827.322968200002 138053025.43406138 4254.538693904877
169 2623.7088799999983 17054.114427200002 140250842.80087388 4256.609642982483
170 2623.7088799999983 16594.404889450005 139606573.67537135 4258.668367862701
171 2623.7088799999983 17141.3639927 150168549.70748857 4260.748943805695
172 2623.7088799999983 15323.27053355 128056724.04920746 4262.763486862183
173 2623.7088799999983 15961.151498449999 128797312.27997072 4264.81636595726
174 2623.7088799999983 16259.65631215 130634542.48315336 4266.877933979034
175 2623.7088799999983 16756.1611062 132760141.68884763 4268.941080093384
176 2623.7088799999983 17467.348293050003 131338977.00342377 4271.01437997818
177 2623.7088799999983 16744.202963550004 145315324.33150887 4273.065341949463
178 2623.7088799999983 17054.688595900006 135169036.40590426 4275.095341920853
179 2623.7088799999983 16018.077087800004 130844590.45747963 4277.127053976059
180 2623.7088799999983 16333.060334050002 129203147.86643055 4279.173408031464
181 2623.7088799999983 17626.950377600002 135668228.41689444 4281.247354745865
182 2623.7088799999983 16499.755091050003 127024877.77013375 4283.237921953201
183 2623.7088799999983 15852.29519465 125790915.32257038 4285.172190904617
184 2623.7088799999983 16893.1999227 131878164.59232676 4287.126300811768
185 2623.7088799999983 16758.1368763 142259847.57663473 4289.079788923264
186 2623.7088799999983 16519.9447813 129661655.4098878 4291.040924787521
187 2623.7088799999983 16537.573152400004 132141605.97314677 4292.985954046249
188 2623.7088799999983 15911.6115545 129704997.09956709 4294.924008846283
189 2623.7088799999983 16790.9949048 139179186.95196974 4296.875482797623
190 2623.7088799999983 16679.00710725 142467289.73122084 4298.822571992874
191 2623.7088799999983 17435.356885150002 143594204.28474283 4300.785166025162
192 2623.7088799999983 17430.4589534 155384101.0715741 4302.757391691208
193 2623.7088799999983 16494.241153900002 138339377.000481 4304.701959848404
194 2623.7088799999983 15794.802401350002 138529556.48132312 4306.636479854584
195 2623.7088799999983 16998.218284650004 131406170.0564993 4308.599842071533
196 2623.7088799999983 17325.5628657 134575310.33555055 4310.57156085968
197 2623.7088799999983 17560.0198997 129828000.28002891 4312.548356771469
198 2623.7088799999983 18679.84802385 123374150.85733582 4314.551934957504
199 2623.7088799999983 18018.61299145 122012381.72825247 4316.537412881851
200 2623.7088799999983 18061.5886565 135037408.1995762 4318.516784906387
201 2623.7088799999983 17590.8799999 133453242.99947724 4320.48718380928
202 2623.7088799999983 17086.637362900005 144993333.15765157 4322.447091817856
203 2623.7088799999983 16453.5963587 146913132.77386105 4324.383910894394
204 2623.7088799999983 16453.700973400002 129464105.77205999 4326.325745820999
205 2623.7088799999983 16435.3381581 131911375.05224274 4328.268278837204
206 2623.7088799999983 16856.25619305 122204247.33854601 4330.225202798843
207 2623.7088799999983 15986.82030925 124409346.80647707 4332.161042928696
208 2623.7088799999983 15180.686139250001 121307707.49286091 4334.078819990158
209 2623.7088799999983 15348.442390050004 135267185.39162663 5240.707853078842
210 2623.7088799999983 16992.269310050004 136943106.90565085 5242.721598863602
211 2623.7088799999983 16531.697048950005 145109082.82065612 5244.690815925598
212 2623.7088799999983 17023.3108423 145139426.05312786 5246.67613697052
213 2623.7088799999983 17489.2105023 145518345.923116 5248.664921045303
214 2623.7088799999983 16801.34485035 138824561.16125575 5250.645137786865
215 2623.7088799999983 15702.77508775 126381930.27569194 5252.611691951752
216 2623.7088799999983 16677.879319350002 128158801.12571946 5254.59983086586
217 2623.7088799999983 16921.661928450005 122294161.87405157 5256.587688922882
218 2623.7088799999983 17056.84409015 117032432.30980916 5258.5807909965515
219 2623.7088799999983 16865.964491050003 119943012.06147724 5260.5488538742065
220 2623.7088799999983 16972.894603600005 132457572.40830109 5262.516005754471
221 2623.7088799999983 16831.46942855 139659308.2334869 5264.477249860764
222 2623.7088799999983 17521.58665335 140213419.89375842 5266.444464921951
223 2623.7088799999983 15908.8599371 129470151.1403955 5268.413029909134
224 2623.7088799999983 16526.88993945 132514019.07722014 5270.366870880127
225 2623.7088799999983 16168.19002345 142763682.2917903 5272.324131011963
226 2623.7088799999983 16308.780506900002 123537492.5938428 5274.282798051834
227 2623.7088799999983 16863.100174550003 121056315.1279496 5276.245041847229
228 2623.7088799999983 17188.768327650003 129298743.67627579 5278.226213693619
229 2623.7088799999983 16544.7027314 139936157.14340028 5280.16396188736
230 2623.7088799999983 17534.2122842 135331872.08703446 5282.12785410881
231 2623.7088799999983 15904.786144299998 118417910.34180588 5284.0581748485565
232 2623.7088799999983 15819.747408449999 124841512.92246675 5285.983362913132
233 2623.7088799999983 15262.55046765 135129766.95026642 5287.897630929947
234 2623.7088799999983 16136.385022549997 126783931.68068397 5289.842571973801
235 2623.7088799999983 15707.525174400002 127781297.69545406 5291.771876811981
236 2623.7088799999983 16721.4354291 128288253.39830403 5293.738781929016
237 2623.7088799999983 17249.01160195 133762164.72984353 5295.705805063248
238 2623.7088799999983 17265.273427599997 119733460.0324561 5297.676422834396
239 2623.7088799999983 17979.6144025 136700072.0929541 5299.6743359565735
240 2623.7088799999983 17843.1021055 134266951.30339238 5301.66165971756
241 2623.7088799999983 17098.089045350003 134655905.65834054 5303.616324663162
242 2623.7088799999983 17238.105045800003 128927907.90568909 5305.574845790863
243 2623.7088799999983 15747.369178150002 119324441.61315645 5307.506906747818
244 2623.7088799999983 14679.308182450002 114369244.16920562 5309.412990808487
245 2623.7088799999983 15690.4998824 116862316.97761913 5311.335711956024
246 2623.7088799999983 16174.401969650002 130069630.44901058 5313.26971077919
247 2623.7088799999983 16588.40103495 132416290.67660905 5315.217662811279
248 2623.7088799999983 17688.8999975 137567977.3485073 5317.185833930969
249 2623.7088799999983 17732.79281855 128625181.76553467 5319.159258842468
2623.7088799999983 5321.133208990097
3
0 9223372036854775807 35751.25083580001 6443170.458637677 1.640185832977295
1 9718.337450000003 34238.91673975001 9362634.449748019 4.33474588394165
2 5341.207409999996 28232.389666600004 74894936.47278258 6.650104999542236
3 3426.0562400000013 25117.234577200004 96666036.9462322 8.792386054992676
4 3065.437310000001 21186.131379700004 120584138.57221413 10.815722942352295
5 3065.437310000001 19384.506787950002 138584210.2897843 12.804435014724731
6 2623.7088799999983 18349.91666225 145345381.85002783 14.761835098266602
7 2623.7088799999983 17588.68512325 140144864.15091157 16.71298575401306
8 2623.7088799999983 16812.5407048 125354250.30716972 18.646795988082886
9 2623.7088799999983 16618.905081 130564796.27574739 20.584699869155884
10 2623.7088799999983 17228.09663865 135797455.02354178 22.543482780456543
11 2623.7088799999983 17638.6815642 141732668.79637265 24.517558097839355
12 2623.7088799999983 17099.81024275 139854040.00040603 26.47567582130432
13 2623.7088799999983 16214.753550200001 137471808.7622023 28.411354780197144
14 2623.7088799999983 15885.15069995 128918566.56926239 30.332175970077515
15 2623.7088799999983 16087.56534265 129329498.11462873 32.259711027145386
16 2623.7088799999983 15766.88213505 124478814.35073213 34.18068981170654
17 2623.7088799999983 16464.169822249998 127482654.09718475 36.127641916275024
18 2623.7088799999983 16786.2540071 143256556.01719147 38.0704779624939
19 2623.7088799999983 16695.947508150002 147197982.73255044 40.02608108520508
20 2623.7088799999983 16701.52586515 134163311.22484581 41.96876382827759
21 2623.7088799999983 16152.317991999998 133753861.41839105 43.93185901641846
22 2623.7088799999983 15259.32183565 136472156.67679298 45.843032121658325
23 2623.7088799999983 16145.77892485 131997110.49868347 47.77243709564209
24 2623.7088799999983 15866.662755 131263651.0038615 49.70392298698425
25 2623.7088799999983 16794.748401550005 141999795.87267268 51.65095901489258
26 2623.7088799999983 17053.721754200003 138683795.33057266 53.606074810028076
27 2623.7088799999983 17383.877209850005 138911397.93214735 55.5813410282135
28 2623.7088799999983 17216.264764150004 141876254.90294388 57.54177689552307
29 2623.7088799999983 16873.99745175 132505678.27262974 59.49456000328064
30 2623.7088799999983 16108.5293863 117479702.73966366 61.42844104766846
31 2623.7088799999983 16205.077036650002 125015599.92766649 63.36654591560364
32 2623.7088799999983 15192.942124950001 128858121.48923351 65.28622102737427
33 2623.7088799999983 15189.880286349999 131692433.80616406 67.20537185668945
34 2623.7088799999983 15258.214178000002 129509377.47511369 69.11736488342285
35 2623.7088799999983 15229.0507124 130170051.39274113 71.04408812522888
36 2623.7088799999983 15611.6199121 136289810.2956425 72.96590209007263
37 2623.7088799999983 16241.04603705 132197989.24390636 74.89615488052368
38 2623.7088799999983 15574.1159664 141229114.3002042 76.8204779624939
39 2623.7088799999983 15953.01930895 138445464.96805304 78.74822497367859
40 2623.7088799999983 16026.96503785 130004052.20342813 80.67632579803467
41 2623.7088799999983 17321.835045000003 133602744.91907671 82.63965892791748
42 2623.7088799999983 16101.6025527 125366915.53923827 84.57103681564331
43 2623.7088799999983 16136.744277349999 137721907.9065106 86.51121091842651
44 2623.7088799999983 17154.1605119 133252324.85364349 88.47691082954407
45 2623.7088799999983 15758.317867550002 127416472.82942854 90.40254783630371
46 2623.7088799999983 14907.902264150001 119098580.32727557 92.31373381614685
47 2623.7088799999983 14516.331973400002 122163583.38363469 94.21728491783142
48 2623.7088799999983 14521.70483885 126269887.21719822 96.10878396034241
49 2623.7088799999983 14499.0551387 117592148.68744875 98.00869989395142
50 2623.7088799999983 16201.62242155 132009165.05403036 99.949294090271
51 2623.7088799999983 16937.184075300003 122058500.40445293 101.90151810646057
52 2623.7088799999983 14660.10460035 124348977.64694098 103.8043761253357
53 2623.7088799999983 15373.443378400001 140950867.66365027 105.7265510559082
54 2623.7088799999983 16257.320904600001 142728550.62547278 107.66356897354126
55 2623.7088799999983 15887.471755900002 132433261.32224694 109.5907998085022
56 2623.7088799999983 16128.897559850002 122783827.8241047 111.5246889591217
57 2623.7088799999983 16745.54768445 121486029.18308158 113.47066402435303
58 2623.7088799999983 17297.560357000002 130395214.60201916 115.44096493721008
59 2623.7088799999983 16301.407437750004 128500174.82548095 117.3825089931488
60 2623.7088799999983 16036.232930800003 144632326.9435902 119.30668377876282
61 2623.7088799999983 16016.623754350003 140629366.06864053 121.23861789703369
62 2623.7088799999983 16537.26927715 139151554.3108864 123.17636775970459
63 2623.7088799999983 16542.8340222 141825622.53348076 125.12808299064636
64 2623.7088799999983 17780.4414765 139407549.47007358 127.11047196388245
65 2623.7088799999983 16530.7088511 135963467.44094536 129.05771803855896
66 2623.7088799999983 16980.42725745 127238977.29662675 131.00844597816467
67 2623.7088799999983 16344.59526125 125499385.86783539 132.9466371536255
68 2623.7088799999983 17094.0245801 133231087.99897055 134.9018850326538
69 2623.7088799999983 15844.992029400002 127686411.27567217 136.82816314697266
70 2623.7088799999983 16808.4698206 132114388.48999721 138.78619503974915
71 2623.7088799999983 17090.6774403 126672651.9620969 140.7421679496765
72 2623.7088799999983 16191.62434355 132684783.61101101 142.67278480529785
73 2623.7088799999983 16650.2944956 149365085.34566814 144.61615300178528
74 2623.7088799999983 16077.711493750001 135721126.93468353 146.54876112937927
75 2623.7088799999983 16474.56916945 123341041.11738704 148.49064993858337
76 2623.7088799999983 16649.19926195 124175300.51829325 150.43917274475098
77 2623.7088799999983 16742.557814000003 132065528.23732772 152.39508986473083
78 2623.7088799999983 17312.42878255 133328134.97899511 154.35968399047852
79 2623.7088799999983 17590.8891268 140742453.51097047 156.32331085205078
80 2623.7088799999983 16994.29859065 136917873.076448 158.28459286689758
81 2623.7088799999983 16366.479404200003 148624782.16671294 160.22761392593384
82 2623.7088799999983 16114.9425799 145034225.47841138 162.16130590438843
83 2623.7088799999983 14588.978426900001 143572962.00326118 164.05935382843018
84 2623.7088799999983 14532.1924971 141184757.69174588 165.96087408065796
85 2623.7088799999983 15473.9721765 142306835.45249718 167.8755660057068
86 2623.7088799999983 16034.576462200002 139198700.66400203 169.81340789794922
87 2623.7088799999983 15568.031972400002 133392415.8985413 171.73598289489746
88 2623.7088799999983 16800.39849695 120158113.09241603 173.68205499649048
89 2623.7088799999983 16645.603073150003 123466139.04774079 175.62433099746704
90 2623.7088799999983 16745.451533850002 125248256.34797089 177.5883629322052
91 2623.7088799999983 16444.41849335 120201625.55322109 179.53285717964172
92 2623.7088799999983 15799.445669000004 126891575.53475276 181.46639394760132
93 2623.7088799999983 16217.787364150001 134347245.96161833 183.41045713424683
94 2623.7088799999983 17302.73771815 141331865.45569873 185.35873103141785
95 2623.7088799999983 15864.8125636 145414808.62401557 187.28651189804077
96 2623.7088799999983 15697.064438450003 131025776.82783963 189.20865297317505
97 2623.7088799999983 17107.8999967 130230637.88819322 191.1700050830841
98 2623.7088799999983 16355.228740650002 131325696.43786104 193.10937094688416
99 2623.7088799999983 16438.58140075 140293121.52267185 195.05735301971436
100 2623.7088799999983 16831.2435961 134375237.98601243 197.01544284820557
101 2623.7088799999983 17578.8406373 140637742.53872842 198.9873080253601
102 2623.7088799999983 17320.702183850004 120857815.7039949 200.95185589790344
103 2623.7088799999983 16310.358259100001 140823276.87190312 202.8965880870819
104 2623.7088799999983 16011.186921299999 137586252.5107753 204.82981085777283
105 2623.7088799999983 16110.0228416 137411871.98309505 206.76283288002014
106 2623.7088799999983 16455.80128545 127976027.23531905 208.70596289634705
107 2623.7088799999983 17262.1260864 136900324.66092196 210.68945789337158
108 2623.7088799999983 16886.4196172 128282889.24449123 212.65669512748718
109 2623.7088799999983 17922.284391650002 125398954.49320084 214.64696598052979
110 2623.7088799999983 17224.727119600004 129620543.02543333 216.62322902679443
111 2623.7088799999983 17168.9388756 126417528.17255005 218.58590483665466
112 2623.7088799999983 16552.035402600002 143943291.28723252 220.5316619873047
113 2623.7088799999983 16856.0414248 131738935.9986575 222.48751497268677
114 2623.7088799999983 16656.055354800003 132564782.19791107 224.43223190307617
115 2623.7088799999983 16038.995815250002 127431514.43674052 226.36516189575195
116 2623.7088799999983 15902.78369285 128254291.93106686 228.29264211654663
117 2623.7088799999983 15334.774506700001 116144796.9822597 230.21549487113953
118 2623.7088799999983 16086.883653350002 124155290.32408607 232.15876507759094
119 2623.7088799999983 16076.498709250001 115874075.53219013 234.09143996238708
120 2623.7088799999983 16219.669881950002 114730517.03825775 236.02587604522705
121 2623.7088799999983 15197.016317750002 116810912.55148675 237.93391108512878
122 2623.7088799999983 14511.333273450002 125260504.10103081 239.83662700653076
123 2623.7088799999983 15179.088551350002 137751104.75211012 241.7499451637268
124 2623.7088799999983 15116.592284899998 127078859.04016022 243.6622657775879
125 2623.7088799999983 15221.221746149999 124117168.20203677 245.58175206184387
126 2623.7088799999983 15516.548582250001 121401680.65011092 247.50416898727417
127 2623.7088799999983 17325.98723965 136543777.03869364 249.46983098983765
128 2623.7088799999983 17449.4236543 148171720.70922625 251.433522939682
129 2623.7088799999983 17396.512466250002 129886782.55457287 253.39930391311646
130 2623.7088799999983 16644.601215200004 120543986.27373613 255.3488039970398
131 2623.7088799999983 17337.197821050006 124754249.47465374 257.3137369155884
132 2623.7088799999983 16843.962326650002 121916096.09276466 259.2667100429535
133 2623.7088799999983 17830.527751250003 131888293.72387111 261.23948907852173
134 2623.7088799999983 16347.397235350003 133464011.2721753 263.18515610694885
135 2623.7088799999983 16583.9774958 138271433.2436838 265.1267728805542
136 2623.7088799999983 15697.399835450002 117183188.56849091 267.0594050884247
137 2623.7088799999983 15445.349922950003 122692735.45677526 268.97818088531494
138 2623.7088799999983 16711.610230450005 138847513.08897012 270.9351418018341
139 2623.7088799999983 16385.136207400003 138473828.80452716 272.8815281391144
140 2623.7088799999983 16289.0573955 132424801.2890479 274.832515001297
141 2623.7088799999983 16295.289317399998 136115698.2026092 276.7726299762726
142 2623.7088799999983 16490.88869925 140104583.95221153 278.7159900665283
143 2623.7088799999983 17587.983573600002 157671392.8223746 280.69048976898193
144 2623.7088799999983 17328.50542855 147850760.8331581 282.65288281440735
145 2623.7088799999983 17227.0146521 141970887.82192022 284.6179759502411
146 2623.7088799999983 16297.579709550002 141354277.94931942 286.5611319541931
147 2623.7088799999983 16706.850902100006 142720967.5429852 288.51503801345825
148 2623.7088799999983 17283.758113150005 145655544.54937232 290.4826271533966
149 2623.7088799999983 17760.555855550003 131681152.49228401 292.4517707824707
150 2623.7088799999983 17790.7120011 134392619.23709196 294.4354507923126
151 2623.7088799999983 16391.03377095 125365502.28500146 296.3821659088135
152 2623.7088799999983 15954.0831102 126874338.74651635 298.32022500038147
153 2623.7088799999983 16335.921352950001 129231379.48602818 300.26529693603516
154 2623.7088799999983 16420.25737075 131485462.04414512 302.1986939907074
155 2623.7088799999983 17537.8196333 148051617.23182887 304.154678106308
156 2623.7088799999983 16602.409195800003 141819727.12842932 306.09685492515564
157 2623.7088799999983 16312.857749500003 126223198.35674897 308.0415518283844
158 2623.7088799999983 17006.984217250003 118121175.52092941 309.9965009689331
159 2623.7088799999983 17222.4095587 121543959.67499326 311.95536494255066
160 2623.7088799999983 16651.051136200003 130154668.96020223 313.91329193115234
161 2623.7088799999983 17204.017286600003 139739903.00310054 315.8738920688629
162 2623.7088799999983 17220.4680028 131763658.91557327 317.8352560997009
163 2623.7088799999983 16544.1572344 133150629.80224995 319.7797589302063
164 2623.7088799999983 16349.826223999997 141301494.22830173 321.7162928581238
165 2623.7088799999983 16523.93111895 136648027.7111272 323.66167283058167
166 2623.7088799999983 15700.568915750002 121350851.87770529 325.590763092041
167 2623.7088799999983 16444.876783400003 129734370.01172408 327.532164812088
168 2623.7088799999983 16614.777442550003 137309677.25591877 329.48261880874634
169 2623.7088799999983 16323.228714800001 144874946.43542632 331.4251561164856
170 2623.7088799999983 17083.851810300002 136912159.690596 333.3874590396881
171 2623.7088799999983 17025.302924350002 151815313.7302342 335.35543990135193
172 2623.7088799999983 17445.7807221 127009117.55055127 337.32124400138855
173 2623.7088799999983 17740.88218415 130923209.09888382 339.2956280708313
174 2623.7088799999983 16463.7218954 125065201.23838195 341.2497191429138
175 2623.7088799999983 15367.28814635 123556260.73734257 343.171737909317
176 2623.7088799999983 15321.780829100002 127569966.38673775 345.09117102622986
177 2623.7088799999983 15660.9991576 130690295.38652462 347.0190188884735
178 2623.7088799999983 15607.340928650003 124082899.16122895 348.9462699890137
179 2623.7088799999983 16155.977590350001 129205864.69446272 350.8834171295166
180 2623.7088799999983 17249.191376400002 131992340.09555872 352.8497748374939
181 2623.7088799999983 16713.43216115 131572894.50346413 354.80275678634644
182 2623.7088799999983 17276.002974150004 142994198.85155904 356.7575809955597
183 2623.7088799999983 17091.357339100003 129143626.86058113 358.71340703964233
184 2623.7088799999983 17062.188420450002 132129893.89897715 360.6709899902344
185 2623.7088799999983 17362.45598675 139905341.24331358 362.6363000869751
186 2623.7088799999983 17240.450856100004 133909200.30007982 1039.3508920669556
187 2623.7088799999983 16374.008874350002 123299915.40938263 1041.3699929714203
188 2623.7088799999983 17510.492349400003 133296930.59016472 1043.3350048065186
189 2623.7088799999983 16476.77760385 128978867.6137735 1045.275950908661
190 2623.7088799999983 16700.35685525 140225284.78670043 1047.2181377410889
191 2623.7088799999983 17129.63861925 118576001.05690098 1049.1848938465118
192 2623.7088799999983 17757.08910295 122487914.42396769 1051.1582999229431
193 2623.7088799999983 17317.025795750003 140169160.5234515 1053.1245818138123
194 2623.7088799999983 16714.7678349 134849186.48505744 1055.06924700737
195 2623.7088799999983 17178.885678350005 139187022.4135026 1057.0235388278961
196 2623.7088799999983 17044.8596503 128794345.68740122 1058.9726531505585
197 2623.7088799999983 15994.517690600002 119632458.25802447 1060.9011929035187
198 2623.7088799999983 15911.853653150001 127130754.17691423 1062.8374960422516
199 2623.7088799999983 16652.9376694 123562870.47443585 1064.7786178588867
200 2623.7088799999983 17056.00934345 127405027.79939045 1066.7423539161682
201 2623.7088799999983 16669.446019850002 122687915.24518795 1068.7064759731293
202 2623.7088799999983 15810.932651100004 129940741.80038086 1070.6479029655457
203 2623.7088799999983 16240.856015000003 141988478.94014764 1072.608237028122
204 2623.7088799999983 17677.379656550005 144640485.6943983 1074.5867369174957
205 2623.7088799999983 16714.82169365 127496940.04046626 1076.5377929210663
206 2623.7088799999983 17166.2174806 129892777.84328727 1078.4961490631104
207 2623.7088799999983 17531.490515900005 141675169.06430838 1080.4600949287415
208 2623.7088799999983 17348.216809 145702810.01712966 1082.4261560440063
209 2623.7088799999983 17393.061663600005 133878374.16203538 1084.383449792862
210 2623.7088799999983 18206.23127915 133714363.02652302 1086.3690559864044
211 2623.7088799999983 17616.544637550003 133260990.6915826 1088.3381068706512
212 2623.7088799999983 15518.885977450002 134101970.76905788 1090.2604291439056
213 2623.7088799999983 17081.402558800004 143434969.64902478 1092.2184529304504
214 2623.7088799999983 16122.475853150003 128053397.47470085 1094.1627159118652
215 2623.7088799999983 16326.21682015 138844467.84158143 1096.1048169136047
216 2623.7088799999983 16347.174132200002 136533948.8847621 1098.0452620983124
217 2623.7088799999983 16658.16013485 146174144.98493567 1099.9840760231018
218 2623.7088799999983 17462.7710987 132853665.45418277 1101.9634838104248
219 2623.7088799999983 18090.2634742 135520022.204989 1103.940376996994
220 2623.7088799999983 17464.5534973 133940282.42178707 1105.901377916336
221 2623.7088799999983 18451.29618355 129818181.15469447 1107.893686056137
222 2623.7088799999983 18840.85767165 135889731.20749184 1109.9550230503082
223 2623.7088799999983 18459.6307184 132256440.577995 1111.9479959011078
224 2623.7088799999983 17282.576609900003 137093083.2199197 2012.3371880054474
225 2623.7088799999983 17267.53432115 124126859.6418734 2014.3424577713013
226 2623.7088799999983 18094.95339275 132671837.47095287 2016.3269200325012
227 2623.7088799999983 18005.146257450004 134190717.89671464 2018.3120069503784
228 2623.7088799999983 17352.37399945 128288925.41873148 2020.27122092247
229 2623.7088799999983 16733.83469825 125609009.22261974 2022.2230310440063
230 2623.7088799999983 17285.378595500002 133505059.66220605 2024.1899299621582
231 2623.7088799999983 16845.35676275 142269536.4240967 2026.1423029899597
232 2623.7088799999983 16541.37981405 147449122.342625 2028.0956678390503
233 2623.7088799999983 17392.83133485 146481591.42416283 2030.0624001026154
234 2623.7088799999983 16924.1893768 139551789.99671713 2032.0506858825684
235 2623.7088799999983 16404.205214500005 133339015.91733223 2034.0072729587555
236 2623.7088799999983 16214.650062200004 138288956.6278577 2035.9504129886627
237 2623.7088799999983 16649.715992750003 131863763.88891602 2037.9013488292694
238 2623.7088799999983 16847.6826728 134881391.49832225 2039.8542761802673
239 2623.7088799999983 16752.608478050002 128934310.27863623 2041.7971651554108
240 2623.7088799999983 17151.155176850003 137797675.64097783 2043.762943983078
241 2623.7088799999983 16070.625444800002 130890672.55198933 2045.688453912735
242 2623.7088799999983 17125.68588565 144802088.18638137 2047.6416618824005
243 2623.7088799999983 16459.20773825 145468572.2517656 2049.6122629642487
244 2623.7088799999983 15668.9199052 141189166.0784853 2051.529240131378
245 2623.7088799999983 16003.50258675 129248707.24829492 2053.493073940277
246 2623.7088799999983 15300.1453698 128559324.0636925 2055.450212955475
247 2623.7088799999983 15401.45378995 122728809.75006035 2057.3928320407867
248 2623.7088799999983 14862.664975 119747468.43312052 2957.6179678440094
249 2623.7088799999983 16084.791058100001 128230248.23665604 2959.5928740501404
2623.7088799999983 2961.5223019123077
