MP4
250 2938.75002
1
0 9223372036854775807 38201.114811899984 8443891.77692158 1.6539340019226074
1 11975.027690000003 36525.81908404999 13143396.982951997 4.434228181838989
2 6046.709829999994 29392.423552049993 95692597.40253913 6.759264230728149
3 3921.1273400000005 24864.512245549988 143245237.97660196 8.88087511062622
4 3073.7007900000017 21896.606675799998 154029401.67918912 10.922908067703247
5 3073.7007900000017 20533.607779249996 155496985.9669827 12.910177946090698
6 3073.7007900000017 19249.394931499995 144934320.83732697 14.88659119606018
7 3073.7007900000017 18976.144194749995 146106497.13121253 16.856083154678345
8 3055.3291800000015 17856.698206349996 148411154.72856677 18.794239282608032
9 3055.3291800000015 18179.365275899996 158828841.10945454 20.757622003555298
10 3055.3291800000015 17393.524171399997 150310304.0613747 22.735031127929688
11 3055.3291800000015 16696.453302899994 157675320.3346342 24.65040922164917
12 3055.3291800000015 16844.663159049996 149417865.90522805 26.57689118385315
13 3055.3291800000015 17281.511720999995 151588033.09011748 28.50501322746277
14 3055.3291800000015 17550.719498299997 152166329.90585867 30.44186806678772
15 2984.4440200000013 17896.071685199997 152533609.19022566 32.377379179000854
16 2984.4440200000013 16560.131158849996 153194127.2488977 34.281877279281616
17 2984.4440200000013 16785.286106999996 159723492.81784225 36.192766189575195
18 2984.4440200000013 15541.387649599998 137328063.13053432 38.08438229560852
19 2984.4440200000013 16475.9596475 146726449.06625867 39.9836630821228
20 2984.4440200000013 16981.1835625 153492905.6958947 41.90542936325073
21 2984.4440200000013 16946.619792849997 146138632.50581905 942.0894691944122
22 2984.4440200000013 17108.056397499997 149044584.25693816 944.011393070221
23 2945.65313 17882.979857649996 134812910.98005036 945.9627623558044
24 2945.65313 16969.88723225 147497580.61193803 947.8945291042328
25 2945.65313 16581.181645399996 128599473.06077392 949.8131840229034
26 2945.65313 17147.497289949995 136725087.24257126 951.7486939430237
27 2945.65313 16911.888386549996 144837478.3972137 953.6703352928162
28 2945.65313 18535.960323049992 154884283.8071797 955.628885269165
29 2945.65313 17668.22903455 150179242.80725566 957.5656900405884
30 2945.65313 18176.936753899994 152395792.30792034 959.516813993454
31 2945.65313 17418.909279299995 154494363.26111424 961.4550361633301
32 2945.65313 16004.650148749994 147939562.9975917 963.3593921661377
33 2945.65313 16725.369100749995 141228532.01048982 965.2772212028503
34 2945.65313 16977.569991499997 142998683.2903787 967.2017650604248
35 2945.65313 17811.8113092 137709608.88574767 969.1375422477722
36 2945.65313 18506.660574199996 145920514.53645253 971.092814207077
37 2945.65313 18707.813669249994 153170618.27175862 973.054395198822
38 2945.65313 18733.735874199992 153883468.0925299 975.0198471546173
39 2945.65313 17710.636707149995 150973955.35644475 976.9628942012787
40 2945.65313 17316.961252099998 143872277.672272 978.8863489627838
41 2945.65313 18048.734548599994 156191277.52210096 980.836874961853
42 2945.65313 17812.998890649997 160114944.91178852 982.7773942947388
43 2945.65313 18490.369120749998 161788229.65242124 984.7373979091644
44 2945.65313 18388.763318349993 152764657.8921064 986.6977610588074
45 2945.65313 18813.371613449995 161548143.9100592 988.6589031219482
46 2945.65313 17899.570321699994 163980608.65899083 990.6017642021179
47 2945.65313 18107.776654449994 167746296.1636629 992.5478360652924
48 2945.65313 17640.970342899993 142759023.95139146 994.489452123642
49 2945.65313 18348.842791349995 148071595.44899368 996.4438021183014
50 2945.65313 18114.269795699995 145149307.90670127 998.3946123123169
51 2945.65313 19537.627157549996 152451728.95170507 1000.3796892166138
52 2945.65313 17253.854548749994 138408780.1428298 1002.3064651489258
53 2945.65313 17632.25008265 128746876.71258055 1004.2538232803345
54 2945.65313 18862.903365599996 137750668.07255286 1006.2214713096619
55 2945.65313 18920.399636599996 147290071.9272962 1008.1908330917358
56 2945.65313 18025.437866499993 157254850.96264392 1010.1489021778107
57 2945.65313 17470.622213349994 150591762.29157805 1012.08846616745
58 2945.65313 16794.035088099994 133922235.51639113 1014.0127351284027
59 2945.65313 16715.189002949995 138004107.14421958 1015.933981180191
60 2945.65313 17787.832280899995 138359555.69642723 1017.8795959949493
61 2945.65313 18488.537543299994 150764972.81889996 1019.843936920166
62 2945.65313 18038.793228999995 145981803.46199924 1021.7876720428467
63 2945.65313 18041.485559049994 151421473.28486997 1023.7385520935059
64 2945.65313 17789.834508249998 140822948.95751706 1025.6770780086517
65 2945.65313 18001.272864899995 154181062.75971887 1027.62305021286
66 2945.65313 17889.180394949995 155747640.23877835 1029.5654890537262
67 2945.65313 19081.578589599998 174509523.88615018 1031.5376093387604
68 2945.65313 19775.5535479 169590756.89708647 1033.5217802524567
69 2945.65313 18014.070517849996 158824423.78622735 1035.4712302684784
70 2945.65313 17586.981827099993 161697035.24595618 1037.4114029407501
71 2945.65313 18116.811844649994 156428404.93248025 1039.3605711460114
72 2945.65313 17478.872975149996 144405177.81420937 1041.2932810783386
73 2945.65313 17385.029673699995 152283752.69603783 1043.2148473262787
74 2945.65313 17169.672895799995 153194607.3887847 1045.1468920707703
75 2945.65313 18244.541309899996 142332741.3089354 1047.101410150528
76 2945.65313 18505.350923249996 140445863.44849804 1050.091052055359
77 2945.65313 19160.070277749994 144038128.9620628 1052.0644221305847
78 2945.65313 16863.648627699997 147002893.26691163 1053.989874124527
79 2945.65313 17000.274554149997 155483079.80774876 1055.9111351966858
80 2945.65313 18242.130849499998 165733904.3526963 1057.8734283447266
81 2945.65313 18551.040418549997 173744788.8959051 1059.8307781219482
82 2945.65313 17997.231302399996 168198984.98521465 1061.7916159629822
83 2945.65313 18610.4083262 166575715.39572835 1063.7524201869965
84 2945.65313 18311.270050249997 169572434.42395306 1065.6997861862183
85 2945.65313 17661.125802799997 149768441.96991798 1067.6431782245636
86 2945.65313 18016.94823195 151259736.14041078 1069.5910601615906
87 2945.65313 16690.804472549997 142009626.71505824 1071.5117881298065
88 2945.65313 17026.030616099993 147281252.7938577 1073.4381942749023
89 2945.65313 17861.241956699996 145926303.4339589 1075.3751363754272
90 2945.65313 19391.80595845 146313085.58127606 1077.356367111206
91 2945.65313 18412.715658749992 146829666.26626435 1079.3127942085266
92 2945.65313 19162.545919649998 157637023.62829322 1081.291990995407
93 2945.65313 18781.138244649996 163253816.5408252 1083.255253314972
94 2945.65313 18936.692898199995 154641024.06500432 1085.2236821651459
95 2945.65313 17867.419610299996 156056540.42790633 1087.1764600276947
96 2945.65313 16933.571206349996 154883205.37021214 1089.0998330116272
97 2945.65313 17961.71624539999 153958028.38240898 1091.0475871562958
98 2945.65313 17974.977782799993 141012265.58590782 1092.9941651821136
99 2945.65313 17917.657785649997 130118725.34225094 1094.9516561031342
100 2945.65313 17856.582735049997 137556439.0944395 1096.8980581760406
101 2945.65313 17138.5903936 145079361.12824935 1098.835342168808
102 2945.65313 18606.9248809 162721374.06635344 1100.8029770851135
103 2945.65313 18708.560109399994 144013777.44976178 1102.8114500045776
104 2945.65313 18740.32914194999 135228785.51533526 1104.772875070572
105 2945.65313 19408.683194799993 148301081.33617392 1106.7457311153412
106 2945.65313 18785.653238599993 175108583.66272968 1108.724505186081
107 2945.65313 17779.449468149993 160725863.51946437 1110.6697671413422
108 2945.65313 18719.119264199995 153368925.8194287 1112.637985944748
109 2945.65313 17829.189854099994 157546740.40006799 1114.5703611373901
110 2945.65313 18314.377519699996 153173703.0844836 1116.537218093872
111 2945.65313 17281.529327199994 146648733.194557 1118.4749863147736
112 2945.65313 16434.444586499994 147525945.12939945 1120.3927690982819
113 2945.65313 17800.454862549996 146499157.8196016 1122.3457291126251
114 2945.65313 17685.714570349995 144540840.00260675 1124.2965791225433
115 2945.65313 17565.255321299992 145452863.04768512 1126.2381060123444
116 2945.65313 17860.058361449996 146021196.44487086 1128.1888370513916
117 2945.65313 17274.529192799997 144469776.0645448 1130.1219522953033
118 2945.65313 17403.338347449993 145589792.9652975 1132.0596981048584
119 2945.65313 18715.561002649996 146169593.31098092 1134.024842262268
120 2945.65313 18643.623982399997 146816611.85325342 1135.9852621555328
121 2945.65313 18900.796736149994 159121129.84154755 1137.95893907547
122 2945.65313 17898.8236366 152721330.33567226 1139.9099843502045
123 2945.65313 18159.643727799994 140165589.87402442 1141.8635230064392
124 2945.65313 18614.877627799997 134673977.75891864 1143.835499048233
125 2945.65313 18510.905000799998 141327014.69245756 1145.8313069343567
126 2945.65313 17456.475104399997 143735455.8963733 1147.7805790901184
127 2945.65313 17519.3475596 141320860.78311977 1149.7277121543884
128 2945.65313 17239.539690899997 159306042.84586677 1151.6553032398224
129 2945.65313 17922.563745799995 141798860.04831725 1153.6025190353394
130 2945.65313 17392.845488649997 145027024.77360547 1155.5380699634552
131 2945.65313 15875.430331949994 133306503.29056717 1157.4458990097046
132 2945.65313 17762.805802849995 161575066.74923238 1159.3890590667725
133 2945.65313 18501.877970899994 156817072.65011796 1161.3561651706696
134 2945.65313 16397.981083349994 134551192.12758788 1163.267373085022
135 2945.65313 16676.853109949996 144460881.78318146 1165.2191050052643
136 2945.65313 17674.610527899997 151390425.43212968 1167.247488975525
137 2945.65313 17415.880462199995 141953375.85789725 1169.2559051513672
138 2945.65313 18312.184583699996 148967642.44632813 1171.2675099372864
139 2945.65313 17940.691134249995 156366650.3242482 1173.2812070846558
140 2945.65313 18374.78043619999 149929285.46128887 1175.2598099708557
141 2945.65313 18186.157702099998 148085892.0409775 1177.2129361629486
142 2945.65313 16798.2973859 138045690.6046461 1179.1307051181793
143 2945.65313 18524.772410699996 138298359.5915609 1181.1579020023346
144 2945.65313 18815.451666399997 158636204.4661653 2081.0752120018005
145 2945.65313 17795.891412999994 165250225.7289001 2083.058183193207
146 2945.65313 18248.716807749995 153896174.8551035 2085.0104711055756
147 2945.65313 18771.993582049996 148698284.99067885 2086.9718022346497
148 2945.65313 18905.918024649993 154627975.4615446 2088.939477920532
149 2945.65313 18918.389026099994 161189000.3903473 2090.906013250351
150 2945.65313 18709.535151949996 154673557.2152144 2092.867972135544
151 2945.65313 17113.807505599994 141685825.2470101 2094.8099710941315
152 2945.65313 17995.004168099993 157608168.3275644 2096.7613780498505
153 2945.65313 17938.187960849995 157757460.7702742 2098.7089052200317
154 2945.65313 18444.943584049997 158703046.99793118 2100.6633620262146
155 2945.65313 18975.477654849998 150296426.6752693 2102.63027715683
156 2945.65313 17687.073804699994 157227107.33792 2104.593495130539
157 2945.65313 17259.609525599997 145447655.4569689 2106.558495283127
158 2945.65313 17275.81010235 151483150.79013175 2108.5370790958405
159 2945.65313 17956.176738749997 156694003.751447 2110.521888256073
160 2945.65313 18893.152983399996 153112981.50132367 2112.51731133461
161 2945.65313 17948.655298449998 153914293.68011993 2114.491511106491
162 2945.65313 18316.02239915 160701804.00124753 2116.4628760814667
163 2945.65313 18046.443139999996 154594273.38488904 2118.422348022461
164 2945.65313 16748.563782499998 147852788.9240929 2120.3494651317596
165 2945.65313 16708.260215349994 151471828.78630757 2122.270008087158
166 2945.65313 17120.297941999997 143747076.3194376 2124.1985552310944
167 2945.65313 16364.796648599997 146481899.46018186 2126.105262041092
168 2945.65313 15884.635106199996 144913673.22057697 2128.003837108612
169 2945.65313 16468.307772199994 156568344.93140045 2129.921802997589
170 2945.65313 17589.256585999996 144408468.379453 2131.866069316864
171 2945.65313 17109.809803899996 146655915.11153227 2133.8081901073456
172 2945.65313 17291.577835199994 147819911.99515918 2135.7335510253906
173 2945.65313 17478.669168249995 147586918.56717572 2137.6759910583496
174 2945.65313 17963.425494399995 153806677.59280264 2139.6334891319275
175 2945.65313 17114.864550849994 136203649.7982036 2141.576476097107
176 2945.65313 18416.123182599997 155854285.2055216 2143.5466001033783
177 2945.65313 17963.23042505 159586102.3059761 2145.49263215065
178 2945.65313 19411.937665399993 155272686.38298535 2147.4698741436005
179 2945.65313 18168.313002549996 154774304.23496208 2149.425089120865
180 2945.65313 18149.532858399994 166325484.4351121 2151.3736481666565
181 2945.65313 17208.314776849995 154401549.93007407 2153.3044221401215
182 2945.65313 17428.787413799997 154842982.48843265 2155.2329931259155
183 2945.65313 16673.3425561 139717348.40446094 2157.1473519802094
184 2945.65313 15584.690786749996 132342024.7527751 2159.04571723938
185 2945.65313 15828.010846549994 123166497.06297222 2160.9508991241455
186 2945.65313 16667.956264849996 126852864.50480762 2162.872892141342
187 2945.65313 17489.957785949995 134189109.75312908 2164.8181779384613
188 2945.65313 17918.878199799998 137672289.41133007 2166.7675580978394
189 2945.65313 18212.057463249996 128925932.80340195 2168.7208092212677
190 2945.65313 18979.221634099995 128639082.3694202 2170.6948280334473
191 2945.65313 17687.364307649994 134391510.79020333 2172.6416339874268
192 2945.65313 17418.503118349992 148593320.21516448 2174.580266237259
193 2945.65313 18678.285399599998 144854805.56209305 2176.551326274872
194 2945.65313 18428.265214799998 140439721.59570625 2178.505914211273
195 2945.65313 18310.151597599997 146117362.6861847 2180.4583921432495
196 2945.65313 18987.243579249993 165254331.44305164 2182.4340772628784
197 2945.65313 19668.816517549996 161466869.20704055 2184.4251770973206
198 2945.65313 18921.028495449995 142484245.9765631 2186.395514011383
199 2945.65313 18388.300825099996 142694457.0899762 2188.354542016983
200 2945.65313 18521.799371849997 157572742.13356495 2190.318689107895
201 2945.65313 17724.346142599996 146580425.9285083 2192.2617070674896
202 2945.65313 16660.356846349998 148653734.4939123 2194.1829822063446
203 2945.65313 15857.384135049995 152829444.73468778 2196.0865650177
204 2945.65313 16636.243124699995 147107082.05573657 2198.009245157242
205 2945.65313 17095.742548199996 145147370.84803784 2199.9388840198517
206 2945.65313 17724.416022749996 131193618.72003183 2201.8812000751495
207 2945.65313 18103.25083985 136024507.8034147 2203.8392581939697
208 2945.65313 18206.730228999993 143408636.97144577 2205.79376411438
209 2945.65313 17802.083971199998 142556228.32910457 2207.736456155777
210 2945.65313 18324.163005949995 159582203.27495536 2209.695015192032
211 2945.65313 19150.856643449995 169611222.74569365 2211.6661150455475
212 2945.65313 18232.356469599996 153489841.90984666 2213.622776031494
213 2945.65313 17672.192950899997 141635182.5915382 2215.5676391124725
214 2945.65313 18072.167925299997 139838278.7242352 2217.517263174057
215 2945.65313 17226.284906449993 145965593.5464362 2219.447918176651
216 2945.65313 18026.258689549995 137966159.73837513 2221.4094450473785
217 2945.65313 17715.642289449996 139388634.48748925 2223.3556699752808
218 2945.65313 17928.631068599996 129805773.17135914 2225.2913472652435
219 2945.65313 17608.923282199994 153281474.52953756 2227.235775232315
220 2945.65313 17373.024514399996 155549818.78922823 2229.1696951389313
221 2945.65313 17940.055329349994 157533112.08222732 2231.1189432144165
222 2945.65313 17599.392266349998 144446075.82481942 2233.058396100998
223 2945.65313 17951.640176099994 137718417.30964348 2235.0112953186035
224 2945.65313 18606.077919149997 145972458.6259144 2236.9698889255524
225 2945.65313 18901.953955949994 157436102.14071858 2238.9388711452484
226 2945.65313 17179.1774862 142151172.17471814 2240.8711512088776
227 2945.65313 18027.241023099996 152314436.03552955 2242.8219661712646
228 2945.65313 17325.185971249994 154634133.11524087 2244.7523460388184
229 2945.65313 17818.087319149996 157211159.20853034 2246.705258131027
230 2945.65313 17765.129047399994 159234197.336201 2248.6560921669006
231 2945.65313 17991.803547499996 143575230.2156503 2250.607300043106
232 2945.65313 18124.761468349996 159771882.32592884 2252.556270122528
233 2945.65313 18295.743117449994 161547452.83353683 2254.517438173294
234 2945.65313 19441.698430099994 156561529.23773423 2256.4936969280243
235 2945.65313 20060.581046249998 161451070.25076905 2258.4907851219177
236 2945.65313 18270.086458149995 147166294.4713586 2260.445692062378
237 2945.65313 17192.302084949995 142817080.33767092 2262.3791620731354
238 2945.65313 18359.386187299995 157488775.39672992 2264.352916240692
239 2945.65313 17455.182356599995 171136948.30274224 2266.2910063266754
240 2945.65313 17112.999572149998 165081708.1747622 2268.216778278351
241 2945.65313 18472.930500699993 152143295.79837096 2270.1833600997925
242 2945.65313 18318.007984249994 161209000.7584486 2272.140960216522
243 2945.65313 17003.337365049996 139947825.00582263 2274.0732481479645
244 2945.65313 18526.754084349996 162929553.24872553 2276.035909175873
245 2945.65313 17342.951875649997 147970655.3971811 2277.9729101657867
246 2945.65313 17513.583761449998 149438179.53842598 2279.908306121826
247 2945.65313 17683.205279849994 152500454.91245306 2281.852112054825
248 2945.65313 17666.543827399993 146007226.39670002 2283.797576189041
249 2945.65313 18291.244121199994 148005754.86292905 2285.7526042461395
2945.65313 2287.691390275955
2
0 9223372036854775807 37757.18201254998 6289190.0626922585 1.6371541023254395
1 9903.282310000004 36367.99394809999 9697257.213357417 4.3153181076049805
2 4529.837089999999 29698.998638499994 98068450.55735955 6.597281217575073
3 4428.2919600000005 25672.862245149994 124354123.43812896 8.69987416267395
4 3538.868609999999 22380.238308699998 134249984.14520982 10.71625804901123
5 3293.725579999999 19911.056427999993 145975258.3225562 12.680906057357788
6 3293.725579999999 19645.283269249998 154108028.2362109 14.639715194702148
7 3021.816670000002 18006.68245645 151169291.51806805 16.570086240768433
8 3020.145880000001 17988.5826264 150815601.04512456 18.504794120788574
9 3020.145880000001 18261.2738856 145954241.60768688 20.450420379638672
10 3020.145880000001 18342.612069499995 150561555.7862346 22.404653072357178
11 3020.145880000001 18096.2546697 148163543.95165482 24.34772825241089
12 3020.145880000001 17498.267801399998 146008275.71239647 26.28647518157959
13 3020.145880000001 16433.366087499995 136433679.50804552 28.195199012756348
14 3020.145880000001 16820.764195199998 134078412.87480278 30.104924201965332
15 3020.145880000001 17427.537129749995 150875510.72017878 32.03378105163574
16 2999.259680000001 18531.271577249998 153194675.58201352 33.9971342086792
17 2938.75002 18537.921087799998 142239301.75922042 35.95185923576355
18 2938.75002 18428.358049899995 156033018.77067176 37.90525412559509
19 2938.75002 18134.977013399995 144276806.29394287 39.85198903083801
20 2938.75002 19242.644461099993 156196650.4899468 41.82181119918823
21 2938.75002 18000.436457449996 141353873.29516754 43.76937699317932
22 2938.75002 17886.618293149997 153115337.43018082 45.71130919456482
23 2938.75002 17534.445492349998 148438012.81807625 47.658231019973755
24 2938.75002 16278.538436299996 140772798.68661523 49.56692719459534
25 2938.75002 15981.393144449998 131136948.94085632 51.469181299209595
26 2938.75002 17511.211136949998 137725628.77300334 53.41049909591675
27 2938.75002 17052.50099835 136086528.71753702 55.355470180511475
28 2938.75002 16951.177602849995 143993806.41513276 57.28409504890442
29 2938.75002 18539.731361649996 162552369.6843678 59.23848032951355
30 2938.75002 18675.249905399996 156273008.81955266 61.20521330833435
31 2938.75002 18815.476144449996 153956969.76070973 63.17587113380432
32 2938.75002 18287.323942799998 161562760.30128413 65.14389514923096
33 2938.75002 17679.252608299998 160933360.08578825 67.09174704551697
34 2938.75002 17507.043813149998 154990932.32535005 69.04087400436401
35 2938.75002 18558.847375949998 161731130.55046406 71.00790810585022
36 2938.75002 18683.384196899995 157243142.10359496 72.9740149974823
37 2938.75002 18237.329278349996 162273709.70015714 74.93703722953796
38 2938.75002 18655.967900399995 158617438.7012889 76.90216708183289
39 2938.75002 17938.798936849995 155947735.01055118 78.85190725326538
40 2938.75002 18120.905356899995 154712817.52386758 80.82017421722412
41 2938.75002 17806.415573099996 152672587.05248216 82.77360224723816
42 2938.75002 16991.3070466 132497016.72308561 84.72097611427307
43 2938.75002 16610.610487299997 141240848.87827554 86.65829229354858
44 2938.75002 16790.83169755 148287833.7201191 88.59261417388916
45 2938.75002 16413.4654535 146507310.32389063 90.51415705680847
46 2938.75002 17381.906198999997 148045759.38390216 92.45858836174011
47 2938.75002 17947.41674405 149749104.72138587 94.4134693145752
48 2938.75002 16825.3251865 141767862.99828827 96.33884906768799
49 2938.75002 15929.708604499996 129901988.83651088 98.24103116989136
50 2938.75002 17825.916343099998 145977947.8385356 100.18861222267151
51 2938.75002 17148.066831849996 139389398.008781 102.11762404441833
52 2938.75002 18786.691232649995 151060210.40796405 104.08973002433777
53 2938.75002 18222.491166999996 153169468.60513934 106.05984115600586
54 2938.75002 18268.381791549997 158225630.4961019 108.01679420471191
55 2938.75002 17869.024200199998 153167018.09686923 109.96832919120789
56 2938.75002 18226.184923799996 149833720.4198873 111.91840529441833
57 2938.75002 16852.68551425 135039456.9280629 113.83812308311462
58 2938.75002 16161.257174799997 139019768.8089981 115.74559211730957
59 2938.75002 16240.7308164 150127495.77217546 117.65743017196655
60 2938.75002 17901.403701099996 147559062.80917913 119.60788202285767
61 2938.75002 15908.614801899997 145925777.2799666 121.51917004585266
62 2938.75002 16173.969591399999 136997523.6585496 123.43221306800842
63 2938.75002 16797.878751549997 138130608.29711586 125.3605432510376
64 2938.75002 16389.754048149996 143436974.33046186 127.28708410263062
65 2938.75002 17655.5981864 152598843.14044815 129.2326090335846
66 2938.75002 18309.958664749996 140294285.89155698 131.19459915161133
67 2938.75002 19145.323008899995 142298665.4093499 133.17110228538513
68 2938.75002 19290.773696599997 139226804.04408348 135.14810419082642
69 2938.75002 18290.38245495 136805374.5917718 137.0997393131256
70 2938.75002 17611.400599049997 132412932.17038861 139.0602161884308
71 2938.75002 16470.017110149995 152356698.52175757 140.9754180908203
72 2938.75002 17523.968699699995 147374169.79072663 142.91838431358337
73 2938.75002 16802.502668399997 139902047.39000103 144.84777426719666
74 2938.75002 17050.775030849996 130286322.35076916 146.77903532981873
75 2938.75002 16671.843663199998 122852004.81646797 148.69473934173584
76 2938.75002 16785.584041399998 149220159.1832077 150.61511397361755
77 2938.75002 16217.326438649998 147449404.42528468 152.5223569869995
78 2938.75002 17115.950152399997 156743124.2020137 154.45211124420166
79 2938.75002 19626.268045949997 146633829.99237645 156.43656134605408
80 2938.75002 18336.755118249996 159648494.06666416 158.39587712287903
81 2938.75002 17316.1769034 138782930.00533637 160.32737731933594
82 2938.75002 17179.709088149997 151871194.18266326 162.2665102481842
83 2938.75002 17438.620017149995 145226780.02299252 164.20209002494812
84 2938.75002 17150.649316549996 145074351.50662926 166.12277603149414
85 2938.75002 16475.6023316 150538708.76584828 168.04310512542725
86 2938.75002 17021.561708099995 146402605.0709237 169.97399806976318
87 2938.75002 16645.379598399995 134192030.2033759 171.89974331855774
88 2938.75002 16431.099450549995 153028672.098152 173.81476020812988
89 2938.75002 16621.516807599997 134713764.9508046 175.7438473701477
90 2938.75002 16253.883000049997 151708029.8952515 177.64896821975708
91 2938.75002 15102.618656099998 142490321.0987474 179.53349137306213
92 2938.75002 17133.331313599996 146158222.893789 181.46367001533508
93 2938.75002 18586.617166249995 155823384.36530116 183.4303333759308
94 2938.75002 18485.347762549998 153783558.7271356 185.39510416984558
95 2938.75002 18294.603061199992 154164333.42616382 187.3571813106537
96 2938.75002 17015.796189299996 146146148.36648923 189.28739404678345
97 2938.75002 18023.524393849995 158358888.8889494 191.24433732032776
98 2938.75002 18947.340513499992 166574777.35249937 193.21943020820618
99 2938.75002 17987.380685749995 152023155.9513756 195.1640591621399
100 2938.75002 17900.897508399998 145831145.16045102 197.11816120147705
101 2938.75002 17855.511993099997 145918451.53622952 199.06757616996765
102 2938.75002 16759.432506799996 140764296.46955734 200.98960995674133
103 2938.75002 18683.565686549995 151174915.25695145 202.96158719062805
104 2938.75002 19229.720984099993 144419285.4762931 204.9401741027832
105 2938.75002 17249.568282099994 147238250.33444327 206.8723750114441
106 2938.75002 18372.521562899998 144359564.168845 208.8376591205597
107 2938.75002 18021.394926849996 137735196.2864103 210.79179334640503
108 2938.75002 18496.026076899994 134944503.8966491 212.75618028640747
109 2938.75002 17926.9465115 137578229.33802974 214.70906615257263
110 2938.75002 17053.09296975 142110946.43345618 216.65240025520325
111 2938.75002 18205.317395999995 158382261.07748038 218.61122608184814
112 2938.75002 16494.568569649997 145047457.7093508 220.52873706817627
113 2938.75002 15957.719881049998 141025476.51110438 222.43585014343262
114 2938.75002 16974.46452675 147824157.2881626 224.37745714187622
115 2938.75002 16984.448048299997 152996394.5359651 226.30911326408386
116 2938.75002 17041.394446299997 146353149.49288708 228.2389042377472
117 2938.75002 18436.67183945 158713586.19900015 230.20666432380676
118 2938.75002 19050.749460149993 158821900.65905917 232.20928716659546
119 2938.75002 18520.257092599993 145259970.28490484 599.976546049118
120 2938.75002 17074.789594799997 141115178.64967895 601.9265060424805
121 2938.75002 17537.1712575 137226144.8697156 603.913693189621
122 2938.75002 16783.201095649998 135729785.8354492 605.9014682769775
123 2938.75002 17359.663000549994 134469321.3034709 607.8511040210724
124 2938.75002 17654.752809749996 142873244.3675387 609.8023161888123
125 2938.75002 16447.522571699996 125756759.1415374 611.7226581573486
126 2938.75002 16631.159808799996 137948124.7784639 613.6879789829254
127 2938.75002 17385.618201699996 152163245.35972515 615.6698071956635
128 2938.75002 16559.327050199998 148863594.18719307 617.6483693122864
129 2938.75002 17025.579803299996 139386549.22399673 619.5846672058105
130 2938.75002 17185.221608449992 135148775.1873441 621.5229890346527
131 2938.75002 17629.764146849993 134095981.58989906 623.4610712528229
132 2938.75002 18144.24546865 150384979.63419753 625.4229052066803
133 2938.75002 17850.398961349994 150152682.69507802 627.3682091236115
134 2938.75002 17234.704340599994 149560508.09170505 629.3339052200317
135 2938.75002 17677.038156699993 165417880.6455028 631.2743244171143
136 2938.75002 15872.217970649997 143517302.23795417 633.1787192821503
137 2938.75002 15316.7101548 151565849.58617568 635.0684642791748
138 2938.75002 15985.148715699996 155118737.4879513 636.9781212806702
139 2938.75002 15377.299723949996 156993883.02980763 638.8638660907745
140 2938.75002 16112.802972699998 148335684.0696137 640.7739851474762
141 2938.75002 14784.064825799998 151618601.14687058 642.6547782421112
142 2938.75002 16332.606066599996 151259398.15092492 644.5774080753326
143 2938.75002 16906.780111649994 155434712.5304817 1544.854641199112
144 2938.75002 16084.582233149997 144472404.30845058 1546.7705972194672
145 2938.75002 17396.1776979 141449664.07556352 1548.7106091976166
146 2938.75002 16612.15175985 138096490.93895978 1550.6740951538086
147 2938.75002 16502.510036699998 144803661.9263306 1552.6240420341492
148 2938.75002 18893.947786749995 144521082.91041154 1554.6026911735535
149 2938.75002 18772.757848349996 137808031.04093087 1556.5623421669006
150 2938.75002 17894.5972485 152027046.34493667 1558.5003781318665
151 2938.75002 17605.181124649996 148504884.08891073 1560.4398992061615
152 2938.75002 17245.248843999998 146131276.04747558 1562.393384218216
153 2938.75002 16856.404203099995 141991064.69514415 1564.3777930736542
154 2938.75002 17525.523694249994 141848405.1497775 1566.3526272773743
155 2938.75002 16691.425118799998 151218409.31232655 1568.2732872962952
156 2938.75002 16957.40061885 142627362.13464284 1570.1929931640625
157 2938.75002 18188.901971499996 136592259.63624442 1572.1481420993805
158 2938.75002 17661.797596499997 139565622.76427075 1574.0968832969666
159 2938.75002 17722.682122249997 152321798.23384815 1576.045253276825
160 2938.75002 16962.974211849993 156123828.26426834 1577.9877121448517
161 2938.75002 15867.074578949996 145273321.52035093 1579.8949072360992
162 2938.75002 16550.092778449998 127826965.78056687 1581.8137662410736
163 2938.75002 16198.571501199995 137443336.91944087 1583.7240602970123
164 2938.75002 16923.488464749997 142981900.02253303 1585.6504111289978
165 2938.75002 16096.490552899995 155757893.40544498 1587.5567133426666
166 2938.75002 17235.407596999994 151121104.1894103 1589.4984622001648
167 2938.75002 18066.238660299994 152553439.1930316 2496.6975662708282
168 2938.75002 18299.8042842 152550433.89616397 2498.6581461429596
169 2938.75002 18349.616132099996 150692822.0313591 2500.6170692443848
170 2938.75002 16122.707463999996 145065828.0364304 2502.521014213562
171 2938.75002 16929.081320949997 147131897.61263615 2504.4538402557373
172 2938.75002 16672.453489449996 142031482.0359978 2506.3851902484894
173 2938.75002 17005.299577749996 156629729.6652929 2508.302519083023
174 2938.75002 18017.959935599993 145682015.43566158 2510.251039981842
175 2938.75002 16279.502959749996 143171122.36433506 2512.161320209503
176 2938.75002 16238.388374849996 146790187.46673492 2514.0701162815094
177 2938.75002 17708.01127565 147129313.86580646 2516.0076410770416
178 2938.75002 16378.600807899995 155241059.6364361 2517.9230620861053
179 2938.75002 16446.865810149997 137638024.13126376 2519.8300800323486
180 2938.75002 17259.147642099997 152954815.2685794 2521.7707571983337
181 2938.75002 17395.019726749993 151583388.37324414 2523.708463191986
182 2938.75002 18983.806619699997 152266661.90059388 2525.6830101013184
183 2938.75002 18189.899878749995 148969113.89670035 2527.639468193054
184 2938.75002 17624.898517199996 154102443.82211015 2529.582029104233
185 2938.75002 17463.371453499996 134089957.18040773 2531.5139253139496
186 2938.75002 16674.670510649998 135610103.14456826 2533.4375863075256
187 2938.75002 16748.987917549995 139010163.2793915 2535.3629212379456
188 2938.75002 17851.766799649995 139705501.5132676 2537.3113362789154
189 2938.75002 20050.433004449995 147333761.0315182 2539.3121902942657
190 2938.75002 18210.885750099995 137915485.27601182 2541.2695150375366
191 2938.75002 17278.978808949996 144008952.9255001 2543.205006122589
192 2938.75002 17636.267684949995 151756225.08316162 2545.1650280952454
193 2938.75002 17470.584217249998 149768077.03894374 2547.1056032180786
194 2938.75002 17806.437948549996 156954051.588835 2549.0540652275085
195 2938.75002 18047.619738249996 150227019.94695392 2551.0107612609863
196 2938.75002 18964.045101949996 149025520.63160014 2552.984930038452
197 2938.75002 17212.502158999996 145583265.67913744 2554.916166305542
198 2938.75002 18294.123547849995 154013558.09492093 2556.869151353836
199 2938.75002 18262.4955881 148278975.82927117 2558.8248472213745
200 2938.75002 19574.01499705 141389672.46097636 2560.821251153946
201 2938.75002 19229.799181349994 139451624.46227548 2562.81533741951
202 2938.75002 18198.041464149996 150255070.39502567 2564.7685220241547
203 2938.75002 18041.222266499997 143970907.47910917 2566.709746360779
204 2938.75002 18573.850364299997 143770024.130515 2568.6706252098083
205 2938.75002 18342.881636099995 153483284.5122263 2570.6278252601624
206 2938.75002 18325.874213449995 154846529.6482028 2572.5981061458588
207 2938.75002 17462.9919408 157445594.85094312 2574.534355401993
208 2938.75002 18177.342475949998 152470640.63416597 2576.491013288498
209 2938.75002 18257.209965749997 154029957.84549478 2578.4529190063477
210 2938.75002 18580.882970649996 152329550.8905345 2580.4229900836945
211 2938.75002 18241.423527349998 152970602.62453717 2582.3770501613617
212 2938.75002 17597.780404399997 150580494.1431057 2584.3153042793274
213 2938.75002 17607.978129149997 145942173.20919347 2586.2680792808533
214 2938.75002 19499.069129999996 133629404.49856976 2588.2653403282166
215 2938.75002 18851.426782849994 152515837.01664448 2590.2365250587463
216 2938.75002 19149.137050549998 146874864.59155944 2592.2060589790344
217 2938.75002 19769.222644949994 151854199.05380008 2594.183427095413
218 2938.75002 19949.395703649996 151772511.98160183 2596.1814153194427
219 2938.75002 20036.348642249992 145336472.52604496 2598.1760251522064
220 2938.75002 18561.949902649994 157142046.35789052 2600.156496286392
221 2938.75002 17694.798115849997 153151506.66523883 2602.1010019779205
222 2938.75002 17910.88383095 146334483.93980846 3581.6965560913086
223 2938.75002 18210.917051449997 148636170.3065731 3583.732881307602
224 2938.75002 17464.95616675 136147898.41539714 3585.6813411712646
225 2938.75002 18616.135153599997 147055177.34256756 3587.646478176117
226 2938.75002 18008.426543699996 151424970.43530217 3589.5992109775543
227 2938.75002 17406.920947 148365659.51752993 3591.544804096222
228 2938.75002 17315.038118999997 143864742.12630746 3593.49365234375
229 2938.75002 17266.758052899997 152081890.51688758 3595.4327762126923
230 2938.75002 17469.105783449995 146588999.98935995 3597.3772044181824
231 2938.75002 16861.375794899996 137147611.12340045 3599.3357350826263
232 2938.75002 16095.858141949997 138297754.01400602 3601.252542257309
233 2938.75002 16173.93867325 149464119.3271364 3603.162107229233
234 2938.75002 17361.013672399997 151611170.84144446 3605.100391149521
235 2938.75002 16490.89151125 154741484.2855288 3607.036741256714
236 2938.75002 17714.300321099996 156460120.52205157 3609.0519680976868
237 2938.75002 18966.856709399995 153279351.29326683 3611.092860221863
238 2938.75002 18462.8172307 146387973.15589228 3613.1200680732727
239 2938.75002 18341.529802299996 148740841.00100413 3615.1469213962555
240 2938.75002 18624.865314349994 150773244.26737088 3617.1850621700287
241 2938.75002 16862.772296199997 140123541.24471354 3619.180956363678
242 2938.75002 16897.170454349998 141316628.20930967 3621.1782100200653
243 2938.75002 16037.033286449996 135880281.4817136 3623.148112297058
244 2938.75002 16744.499225649997 140823456.71236846 3625.1431641578674
245 2938.75002 17687.551686949995 143963359.060662 3627.148937225342
246 2938.75002 18350.872070349997 140128765.09418166 3629.1725482940674
247 2938.75002 17870.600006299996 151552874.88927114 3631.200169324875
248 2938.75002 17557.653144699998 153476318.26411414 3633.214217185974
249 2938.75002 17446.906544449994 141034626.89688575 3635.205290079117
2938.75002 3637.2123730182648
3
0 9223372036854775807 38448.49806154999 7214549.04807766 1.7031188011169434
1 11091.276269999991 36659.50200534999 12532206.925020313 4.488790035247803
2 4949.324310000001 30666.235812549992 91207548.11149514 6.863990068435669
3 3686.4626899999994 25311.957797149997 151609152.16024712 9.064275979995728
4 3569.3253699999996 22681.260694799992 168944590.59022564 11.169534921646118
5 3518.439039999998 20556.83431625 167751917.0031395 13.224995851516724
6 3232.100299999999 19536.393418649994 165440507.91336358 15.223891019821167
7 3218.25011 18231.505819799997 158608750.12017182 17.161284923553467
8 3177.9574599999996 18380.130904749996 154899813.47318476 19.096678972244263
9 3023.7493000000013 19595.65855225 149943551.11839148 21.073030948638916
10 3010.117600000001 20046.025402999996 158496921.76998246 23.059823989868164
11 3010.117600000001 18789.20022375 169937017.43372172 25.01360011100769
12 3001.43679 17923.850564349996 152063165.79403397 26.950536966323853
13 2938.75002 17880.697202949996 153775902.58147353 28.8905291557312
14 2938.75002 17622.50018735 152901251.43830872 30.831621885299683
15 2938.75002 17160.127293999994 133290881.69896711 32.759488105773926
16 2938.75002 17785.27187405 159533963.92860293 34.6904981136322
17 2938.75002 17767.429185999994 155128453.91976058 36.629127979278564
18 2938.75002 18322.157728199996 158477900.95540833 38.59206414222717
19 2938.75002 17164.189322949995 153691623.9099429 40.51353907585144
20 2938.75002 17689.373044699998 155695178.89787316 42.452507972717285
21 2938.75002 16497.740536149995 147124560.4162091 44.36884093284607
22 2938.75002 17696.785428249997 161399459.38161656 46.31720304489136
23 2938.75002 18284.393164899997 166938348.68922067 48.26935601234436
24 2938.75002 17995.893317399998 152859948.77628413 50.20921301841736
25 2938.75002 17901.8733048 145870988.92629823 52.159810066223145
26 2938.75002 18035.995215599996 142898874.19597894 54.10798382759094
27 2938.75002 18126.175392549998 130707578.89295723 56.059327125549316
28 2938.75002 17371.907510549998 138804803.730007 57.99476194381714
29 2938.75002 17885.334215699997 160072588.17281502 59.956084966659546
30 2938.75002 16964.960874549997 150858952.2023337 61.8878128528595
31 2938.75002 16593.174222499998 138887923.59103364 63.80884003639221
32 2938.75002 16376.542285099998 139062296.15125385 65.72508907318115
33 2938.75002 17802.964259999993 136838517.15939757 67.67212080955505
34 2938.75002 17853.634642699995 124353463.82149956 69.62388110160828
35 2938.75002 18383.041974899996 137908419.4148142 71.58329200744629
36 2938.75002 17740.121989449995 131358237.31865959 73.52477812767029
37 2938.75002 17134.5418239 134395492.05116063 75.45962405204773
38 2938.75002 16691.84332885 140263822.86104435 77.38108801841736
39 2938.75002 17514.548595049997 145693291.6025056 79.31725907325745
40 2938.75002 17280.653236399994 153907613.2617688 81.24351119995117
41 2938.75002 17170.311404399996 144286207.72527036 83.17662000656128
42 2938.75002 17051.5222172 151595490.3176196 85.10763597488403
43 2938.75002 18478.599782549998 148606797.89148945 87.06858205795288
44 2938.75002 18828.282432549997 160662738.86221743 89.04326510429382
45 2938.75002 18529.633039449996 166743818.93415815 91.00725507736206
46 2938.75002 18007.396524349995 162676784.233908 92.9669599533081
47 2938.75002 18046.485881399993 164455116.94144577 94.91989207267761
48 2938.75002 18728.911490299994 164134769.59084553 96.8840639591217
49 2938.75002 18770.659822999998 163223239.78361025 98.8454339504242
50 2938.75002 18303.202061399996 162486730.05764788 100.8001389503479
51 2938.75002 17273.055781599996 163889494.5099457 102.73078107833862
52 2938.75002 17785.362303849997 167877426.64859772 104.67675399780273
53 2938.75002 18218.073817499997 152725849.63600254 106.63329005241394
54 2938.75002 17879.378775349996 170791734.69284713 108.57640504837036
55 2938.75002 18286.86986865 169305553.19314045 110.53366088867188
56 2938.75002 18008.432696099997 164875290.83227563 112.47956991195679
57 2938.75002 17914.570772299998 168001535.046045 114.42894387245178
58 2938.75002 18663.126294899997 156656609.21337625 116.39589095115662
59 2938.75002 17103.612824649997 156909977.89759216 118.32790303230286
60 2938.75002 17188.395698299995 152425164.44147092 120.26439094543457
61 2938.75002 16356.341359849996 138185719.1937188 122.18621706962585
62 2938.75002 16648.894405049996 150306395.24547833 124.10427808761597
63 2938.75002 17148.246541199995 148065656.03559884 126.04326891899109
64 2938.75002 18070.049420749998 146113465.2117416 127.99711298942566
65 2938.75002 17839.743727799992 155292009.66994345 129.95143604278564
66 2938.75002 18762.345961699997 159626712.05032283 131.92588710784912
67 2938.75002 18066.578610299995 146748622.22635612 133.87454223632812
68 2938.75002 17117.869889149995 148735819.13918784 135.80531215667725
69 2938.75002 17695.509412099997 135847910.06056774 137.74137091636658
70 2938.75002 18893.505248749996 139559659.09739068 139.71913504600525
71 2938.75002 17937.575831799997 156107292.66710606 141.67907691001892
72 2938.75002 18401.842723149995 158176405.41427436 143.64336395263672
73 2938.75002 18336.465986699997 165023214.2164129 145.59662795066833
74 2938.75002 18528.130993349994 164674376.29116958 147.5541970729828
75 2938.75002 17654.428270049993 162256027.7066308 149.49516010284424
76 2938.75002 17503.239686099998 151804176.36068213 151.44026613235474
77 2938.75002 17369.606750649997 143520431.91179153 153.37228918075562
78 2938.75002 16776.321199949994 147430061.46245435 155.29167294502258
79 2938.75002 17599.917550399994 156481724.13753742 157.23668599128723
80 2938.75002 18778.001923749995 176621642.0628215 159.2026629447937
81 2938.75002 19514.216465099995 173256738.48242974 161.18234086036682
82 2938.75002 19004.0528761 166309442.98749053 163.14442920684814
83 2938.75002 18437.6982345 157172339.11027694 165.10002899169922
84 2938.75002 17734.859084999996 149928652.632019 167.0405740737915
85 2938.75002 17905.696850049997 141024459.92015448 168.9987668991089
86 2938.75002 18332.1865312 148607763.32499555 170.95183396339417
87 2938.75002 19455.850833299995 172291658.52041528 172.929368019104
88 2938.75002 18840.597916299997 166237452.103388 174.89194083213806
89 2938.75002 18154.746801849993 156472605.903729 176.85169792175293
90 2938.75002 18303.459865549994 163637975.29486647 178.80509185791016
91 2938.75002 19552.651150349993 151132664.70791882 180.80471205711365
92 2938.75002 19715.219901849992 157705531.1522604 182.79171514511108
93 2938.75002 18092.591778249996 159139689.90937808 184.74169611930847
94 2938.75002 16725.269129999993 159006461.27089062 186.66672706604004
95 2938.75002 16296.336045949995 153786500.27148256 188.57716584205627
96 2938.75002 16519.383942399996 163848162.9994842 190.49667501449585
97 2938.75002 16885.511376399998 159009659.54579344 192.42288899421692
98 2938.75002 18128.592026149996 165525036.6045662 194.37689805030823
99 2938.75002 18538.295746449996 145094823.8294986 196.34129786491394
100 2938.75002 17539.135532249995 153966857.35489926 198.28936290740967
101 2938.75002 17691.865957599995 154965946.50945228 200.23090410232544
102 2938.75002 17677.919594199997 168996520.95020604 202.18727612495422
103 2938.75002 18357.748570449996 165096890.15933007 204.15565180778503
104 2938.75002 16283.718716099997 147866116.42221904 206.08151412010193
105 2938.75002 16402.17951535 154483378.09869036 208.00648188591003
106 2938.75002 16125.232443749997 152077237.28309858 209.91774702072144
107 2938.75002 16833.093182349996 161324540.35166326 211.8448269367218
108 2938.75002 17044.64283115 162112969.45374292 213.7808849811554
109 2938.75002 17463.452800199993 155845739.95829663 215.7204749584198
110 2938.75002 17534.848420749997 156565554.5916399 217.67171788215637
111 2938.75002 17353.434376749996 148241882.16598046 219.61462903022766
112 2938.75002 17210.637690499996 143425324.5429962 221.55038809776306
113 2938.75002 16881.221429949994 137189168.83761472 223.48666286468506
114 2938.75002 16586.37627085 146557569.45293695 225.4013659954071
115 2938.75002 16340.570823799995 136625820.20741695 227.318115234375
116 2938.75002 17706.11934155 152802678.9745189 229.26423001289368
117 2938.75002 17187.006259899998 138084427.87250993 231.19997692108154
118 2938.75002 17210.597542249998 149714216.10115555 233.1347370147705
119 2938.75002 17856.599202449994 154435034.0150853 235.0862431526184
120 2938.75002 16717.797549249997 144909268.9205924 237.0053460597992
121 2938.75002 17694.568205749998 139819396.04367852 238.95407223701477
122 2938.75002 17867.45733925 152524311.13484365 240.92254114151
123 2938.75002 18090.349866199995 147683316.7856643 242.87340998649597
124 2938.75002 17521.111190849995 149393927.632471 244.81131505966187
125 2938.75002 17053.477057099997 148166730.33641106 246.73852705955505
126 2938.75002 17797.998417599996 140049706.20494708 248.68281602859497
127 2938.75002 18032.563621199995 140671596.84015462 250.64002203941345
128 2938.75002 19419.031055949996 154284183.4166811 252.61855912208557
129 2938.75002 19195.881764449998 162485888.3185323 254.5921950340271
130 2938.75002 18568.241837399997 145272043.28437543 256.5608620643616
131 2938.75002 18221.834086799994 155534548.3132544 258.51820707321167
132 2938.75002 18386.829613599995 166431227.52784938 260.4815571308136
133 2938.75002 17913.967807999998 152562466.94302118 262.43900299072266
134 2938.75002 18545.2061659 163295143.28227538 264.3953468799591
135 2938.75002 19100.828278749996 168518093.10159138 266.3653531074524
136 2938.75002 18833.185051099998 169228828.90158203 268.33730006217957
137 2938.75002 17814.82992705 147098549.60933316 270.2861518859863
138 2938.75002 18426.344374849996 159220236.18658817 272.2515060901642
139 2938.75002 17862.230634249994 149345274.49298385 274.20808720588684
140 2938.75002 16373.641639399999 139885384.868553 276.12032318115234
141 2938.75002 17369.631990099995 149469422.74547672 278.05526089668274
142 2938.75002 18709.817490999998 164713947.28820965 280.0237250328064
143 2938.75002 18533.989292399994 172605116.50747138 281.99484181404114
144 2938.75002 18259.823201849995 171107273.21680248 283.9366979598999
145 2938.75002 18550.83790665 146361400.0927858 285.8964989185333
146 2938.75002 18145.761746049997 156813325.41456097 287.84520983695984
147 2938.75002 17828.411365699998 163557946.05295908 289.8000919818878
148 2938.75002 18528.927259499993 154587859.5972346 291.7745659351349
149 2938.75002 19622.412753849996 160344569.9772721 293.75406193733215
150 2938.75002 18808.219989999994 147667759.74426484 295.719850063324
151 2938.75002 17791.959278049995 156601221.4516317 297.6666808128357
152 2938.75002 18160.457298449994 157073379.97742662 299.6220791339874
153 2938.75002 17814.472704799995 165774611.8162736 301.56885600090027
154 2938.75002 17654.497935399995 155727453.6770066 303.50609588623047
155 2938.75002 18047.341085949996 161555222.9830369 305.4486401081085
156 2938.75002 16890.83738925 151385195.50660256 307.37506890296936
157 2938.75002 18349.943099949996 154102897.81071067 309.32830810546875
158 2938.75002 16512.870088449996 140125660.13433057 311.24853110313416
159 2938.75002 16174.340876249997 144218410.5262375 313.1627688407898
160 2938.75002 17286.364789049996 139774766.01948735 315.10283493995667
161 2938.75002 17158.290716049996 143886095.5753067 317.03639817237854
162 2938.75002 17285.522618599996 152155005.92984974 318.9769070148468
163 2938.75002 16842.428718899995 147818338.66537204 320.903342962265
164 2938.75002 17154.158093749997 140931373.19967756 322.8338849544525
165 2938.75002 17586.037032249995 152136003.01134986 324.7747390270233
166 2938.75002 16525.770737849994 157728992.1683067 326.7012438774109
167 2938.75002 16131.020174999996 145491192.2400312 328.60614800453186
168 2938.75002 17225.938285399996 153458049.00709116 330.5380039215088
169 2938.75002 17985.648547849996 145518739.49651816 332.4838559627533
170 2938.75002 17898.632485149996 137414275.82239243 334.43272399902344
171 2938.75002 18592.529761999995 150461390.83463863 336.38610887527466
172 2938.75002 17920.455215549995 150975162.7992231 338.34129309654236
173 2938.75002 17872.7429327 160781832.20707348 340.3127408027649
174 2938.75002 18251.7084242 161463777.04865003 342.26819586753845
175 2938.75002 17530.4681072 155087837.80579877 344.2104730606079
176 2938.75002 16648.273841799997 159887715.0156817 346.1363410949707
177 2938.75002 15880.927869949997 161449248.38594732 348.0400331020355
178 2938.75002 17093.553910549996 161362022.93617442 349.9644548892975
179 2938.75002 16835.40858575 152132816.18384323 351.8914041519165
180 2938.75002 18553.15266515 160201958.0808385 1251.6675128936768
181 2938.75002 17602.911527649998 161899996.5799359 1253.6107699871063
182 2938.75002 16032.495258349994 146707560.453799 1255.5559928417206
183 2938.75002 17850.759734299998 150697444.22875524 1257.523234128952
184 2938.75002 18691.5679435 142489695.89299485 1259.488522052765
185 2938.75002 17917.136200099998 145681689.33694175 1261.4500510692596
186 2938.75002 17397.472601899994 147473686.00167167 1263.3928368091583
187 2938.75002 18108.580460549994 155416671.0965368 1265.3432729244232
188 2938.75002 17215.257305099996 158130420.20437357 1267.276085138321
189 2938.75002 18039.235375549997 151189154.7347155 1269.230847120285
190 2938.75002 18318.155901699996 159410816.47220936 1271.193130016327
191 2938.75002 18475.678017649996 152472426.59383643 1273.1654720306396
192 2938.75002 17958.588755649995 155017572.37916836 1275.1232950687408
193 2938.75002 16971.494098249994 160864140.17052943 1277.0542459487915
194 2938.75002 17855.61780605 160287440.79208556 1279.0022230148315
195 2938.75002 18298.800445399997 163380807.40712476 1280.9714419841766
196 2938.75002 17942.036902149994 163248698.92019057 1282.9390840530396
197 2938.75002 17931.004392449995 144754999.69663364 1284.89603805542
198 2938.75002 18252.814872299998 147188642.99493724 1286.864531993866
199 2938.75002 17203.553342999996 163121283.5836855 1288.797217130661
200 2938.75002 19089.321039499995 166638759.3298336 1290.771313905716
201 2938.75002 17634.835344549996 170881600.56624463 1292.7148039340973
202 2938.75002 16120.994633049997 155268691.296498 1294.6293630599976
203 2938.75002 16141.263075349996 158111008.43030822 1296.547868013382
204 2938.75002 18225.956890999994 168893591.97007838 2253.873162984848
205 2938.75002 16920.347283849995 171067361.5543865 2255.8617820739746
206 2938.75002 18353.978206099997 171113365.1560593 2257.8460459709167
207 2938.75002 18501.131661149993 160678655.9811409 2259.8018260002136
208 2938.75002 17537.188757849995 154758659.02509978 2261.7441840171814
209 2938.75002 18044.586060449994 153329339.4762241 2263.697816133499
210 2938.75002 18707.596217899998 144563389.6160269 2265.6679639816284
211 2938.75002 18233.512879649996 148191168.56511724 2267.625388145447
212 2938.75002 17653.331646699997 150121344.71225083 2269.565351009369
213 2938.75002 17915.334735849996 152664890.75038874 2271.516394138336
214 2938.75002 19304.511521049993 160379107.93731007 2273.505269050598
215 2938.75002 19677.446059249996 162344232.57127535 2275.490438938141
216 2938.75002 19455.822882549997 153885958.96056536 2277.50332403183
217 2938.75002 18737.449056399997 158307232.29832947 2279.468491077423
218 2938.75002 18519.888892549992 152993766.9224403 2281.4212579727173
219 2938.75002 18220.115121549996 171996168.68587413 2283.38219499588
220 2938.75002 17428.481990199998 159215674.54845795 2285.3215827941895
221 2938.75002 17303.471159249995 148096534.57285616 2287.259444952011
222 2938.75002 18074.069013299995 153719900.1663248 2289.2140130996704
223 2938.75002 17824.583670699998 152273508.71419126 2291.1660051345825
224 2938.75002 18569.141748 166675552.09500304 2293.117707014084
225 2938.75002 18490.226063449998 166976163.55017245 2295.078313112259
226 2938.75002 18389.182487 162848258.40254638 2297.0367000102997
227 2938.75002 17007.780453099997 160643343.57318997 2298.957874059677
228 2938.75002 18439.644656199995 146499598.55058292 2300.9106152057648
229 2938.75002 17415.072131249995 150677691.12512255 2302.8447580337524
230 2938.75002 18099.540522899995 152276500.1034771 2304.7909121513367
231 2938.75002 17898.140046849996 145090920.1455456 2306.7364790439606
232 2938.75002 17940.9787056 146150716.10103855 2308.682308912277
233 2938.75002 17606.582028649995 142350899.00117993 2310.6298179626465
234 2938.75002 16295.759904499997 148158529.23825872 2312.543637037277
235 2938.75002 17378.951501299995 147449991.39484864 2314.4779000282288
236 2938.75002 18429.581901249996 155175748.70094144 2316.44060087204
237 2938.75002 18537.455232649994 150887363.53233564 2318.3976290225983
238 2938.75002 18042.943271699995 134637888.82275558 2320.3443200588226
239 2938.75002 16783.723549799997 140290311.2801828 2322.2746498584747
240 2938.75002 18602.463019149996 151488099.3429365 2324.2381629943848
241 2938.75002 18169.064123599994 158294734.28131944 2326.198917865753
242 2938.75002 17278.782165499997 150123993.5674353 2328.1311769485474
243 2938.75002 17272.248225399995 146986593.87836918 2330.0724160671234
244 2938.75002 17458.016566599996 150886101.16461146 2332.0151150226593
245 2938.75002 18949.937827149995 153062646.68009368 2333.9981560707092
246 2938.75002 19852.632824549997 155196331.0196251 2335.9930489063263
247 2938.75002 20973.44883215 158185122.74570453 2338.010927915573
248 2938.75002 19921.397133199996 161184949.2327438 3306.5702879428864
249 2938.75002 19301.540731949994 174123307.17475474 3308.5843091011047
2938.75002 3310.550332069397
