MP5
250 2932.33111
1
0 9223372036854775807 36510.62252889999 7274809.629150506 1.6454980373382568
1 12441.694099999999 34859.81002059999 9155407.883329852 4.386220932006836
2 5771.715219999994 30254.374682699992 61345671.95989588 6.79020881652832
3 3989.0110099999997 24900.069723299992 121243613.6642434 8.989223957061768
4 3342.9989700000006 21175.794475749994 128438404.6840058 11.067909717559814
5 3326.3420600000018 18872.330164949995 134649975.0373592 13.079965829849243
6 3297.3208600000003 19033.342933449996 132717059.78029557 15.092764854431152
7 3246.4305000000013 16836.905347949996 143589396.03475997 17.031356811523438
8 3213.818700000001 15873.653112449998 136452541.1890548 18.950098752975464
9 3213.818700000001 15893.839264449998 145814618.04421508 20.87924075126648
10 3169.4721499999996 16637.357940049995 146326376.24344736 22.841047048568726
11 3169.4721499999996 16853.869201749996 137581378.61582115 24.774800777435303
12 3169.4721499999996 17529.389217299995 120457955.76926966 26.719032049179077
13 3055.2415000000005 17438.444500349997 123698384.29695942 28.666838884353638
14 3055.2415000000005 17435.822953999996 134223133.71578106 30.603342056274414
15 3055.2415000000005 17909.040551849994 141952450.74494842 32.55545687675476
16 3055.2415000000005 17029.570272149995 133624025.71484108 34.48647904396057
17 3055.2415000000005 17497.875690249995 144926356.72002316 36.430325984954834
18 3055.2415000000005 19171.844660799994 138388119.648578 38.4283881187439
19 3055.2415000000005 18032.241514049998 143299916.6461443 40.37848687171936
20 2998.599089999998 17986.767703649995 128861755.344204 42.340550899505615
21 2998.599089999998 17297.604506499996 132887621.75227442 1053.6426780223846
22 2998.599089999998 17965.181420599994 143447493.59230554 1055.6295058727264
23 2987.512109999998 16485.966235549993 139821306.0341443 1057.5775887966156
24 2970.5945199999987 15648.451540849996 133427348.98517984 1059.5140159130096
25 2970.5945199999987 16839.599051849997 139174287.03675562 1061.4727520942688
26 2970.5945199999987 16005.596766099996 127245295.83300494 1063.4110269546509
27 2970.5945199999987 15205.902647749996 127961160.66656601 1065.3347759246826
28 2970.5945199999987 15073.356201799996 123791525.34310414 1067.2595129013062
29 2970.5945199999987 15410.492464699997 132021908.90480217 1069.1693060398102
30 2970.5945199999987 15609.876692149997 135633328.36476615 1071.1030778884888
31 2970.5945199999987 15513.959902549996 115949055.60015789 1073.0175631046295
32 2953.0081899999977 15107.776967549997 130875067.22846623 1074.9130930900574
33 2948.5351299999966 16503.689741249997 145579958.81735897 1076.8488059043884
34 2948.5351299999966 16841.616819649997 148000618.57928678 1078.7862458229065
35 2948.5351299999966 17483.285138499996 132516559.68269649 1080.7384178638458
36 2948.5351299999966 18316.168383649994 142745806.03279513 1082.7111468315125
37 2948.5351299999966 18428.580259199993 140122471.45881125 1084.6759929656982
38 2948.5351299999966 17383.670450549995 126399634.15965454 1086.6239638328552
39 2948.5351299999966 17456.216737049996 144023692.60681933 1088.5781979560852
40 2948.5351299999966 15950.489838049996 143166344.36824256 1090.4945487976074
41 2948.5351299999966 16423.1405054 131933775.7755373 1092.4247958660126
42 2948.5351299999966 17691.393551099995 134642669.94013548 1094.3772459030151
43 2948.5351299999966 16512.197898699997 135741697.1729308 1096.3029680252075
44 2948.5351299999966 16506.694473599997 138113284.3555143 1098.2303159236908
45 2948.5351299999966 16169.112198149995 133582259.30748573 1100.1505200862885
46 2948.5351299999966 16343.439503549995 137317741.46482238 1102.069777727127
47 2948.5351299999966 17218.605250249995 138917691.3745406 1104.0133590698242
48 2948.5351299999966 16968.432254549996 121877923.06518555 1105.9506108760834
49 2948.5351299999966 17537.363528499995 119206115.9139315 1107.905737876892
50 2948.5351299999966 17587.158254999995 136367123.73268184 1109.8521909713745
51 2948.5351299999966 18090.554491949995 135236842.97381878 1111.815747976303
52 2948.5351299999966 17136.826602549994 144237910.09761634 1113.755803823471
53 2948.5351299999966 16034.932475399994 124268561.4627798 1115.6742157936096
54 2948.5351299999966 16803.274076949994 141328044.6389418 1117.5992350578308
55 2948.5351299999966 16968.572143949998 131836667.37358592 1119.5351910591125
56 2948.5351299999966 17292.625880649994 135517125.3958006 1121.477770805359
57 2948.5351299999966 17671.172885499996 133580438.2189166 1123.428347826004
58 2948.5351299999966 17236.200355449993 119677753.28675838 1125.3801987171173
59 2948.5351299999966 16982.131726849995 122127926.1050507 1127.3167400360107
60 2948.5351299999966 17729.881311399997 133884074.78826202 1129.2677118778229
61 2948.5351299999966 17444.113524399996 138559700.65051305 1131.210207939148
62 2948.5351299999966 16362.795239849997 135114158.67537722 1133.13827085495
63 2948.5351299999966 16671.761360449997 146223487.80333436 1135.0739178657532
64 2948.5351299999966 16329.695857899995 146668021.55118328 1136.9944579601288
65 2948.5351299999966 17142.150970799994 138201514.45540985 1138.9320440292358
66 2948.5351299999966 16317.609714599994 129637522.45106582 1140.8567657470703
67 2948.5351299999966 15740.612009049997 128799405.70554127 1142.770709991455
68 2948.5351299999966 15515.282207699995 124057457.91680275 1144.6810948848724
69 2948.5351299999966 16412.770254149997 126691357.79139084 1146.6015629768372
70 2948.5351299999966 16203.991462149996 127543592.5884306 1148.5231058597565
71 2948.5351299999966 18072.273779149997 134666177.74649405 1150.4898710250854
72 2948.5351299999966 19045.91352769999 139372171.2920066 1152.4778327941895
73 2948.5351299999966 19358.594815849992 134661375.85896912 1154.466117143631
74 2948.5351299999966 16873.019230049995 142389173.1438381 1156.4025797843933
75 2948.5351299999966 16599.4689278 139784865.13199776 1158.3257529735565
76 2948.5351299999966 16363.708746399994 142734471.24540544 1160.2470917701721
77 2948.5351299999966 17124.056826549997 149592937.89998993 1162.1907918453217
78 2948.5351299999966 17612.103294899993 140296815.51459184 1164.1514778137207
79 2948.5351299999966 18669.871955849994 152959869.91476157 1166.1288077831268
80 2948.5351299999966 17880.671977149996 142587162.9720202 1168.0753619670868
81 2948.5351299999966 16265.001534249997 123982134.56148182 1169.9944660663605
82 2948.5351299999966 16401.632029299995 129747958.30312282 1171.919576883316
83 2948.5351299999966 15866.974046749994 131837200.70472725 1173.8360209465027
84 2948.5351299999966 16038.118268249995 135880522.4669824 1175.751392841339
85 2948.5351299999966 15354.798953299995 130160966.26006049 1177.6588830947876
86 2948.5351299999966 15908.202853899997 135046443.4785073 1179.5650877952576
87 2948.5351299999966 15201.118541049995 130370198.35439144 1181.4651157855988
88 2948.5351299999966 14848.768504249994 129712849.30434567 1183.3505268096924
89 2948.5351299999966 15959.735752649996 123186636.39867081 1185.2700259685516
90 2948.5351299999966 16499.925010099993 122438134.11006558 1187.19451379776
91 2948.5351299999966 15888.415833099996 118056404.89262447 1189.1059339046478
92 2948.5351299999966 16091.593506099995 134590573.45820397 1191.0268189907074
93 2948.5351299999966 16664.759082649995 144327818.1633052 1192.9586908817291
94 2948.5351299999966 17814.73731479999 145502980.5730362 1194.9257500171661
95 2948.5351299999966 17826.127447149996 144801797.21387073 1196.8844039440155
96 2948.5351299999966 16746.551009049992 128821345.38877067 1198.8216030597687
97 2948.5351299999966 17695.658734949993 129344904.81919739 1200.78768992424
98 2948.5351299999966 18621.188690249994 130237492.39089079 1202.7659978866577
99 2948.5351299999966 18155.513197199994 137932248.02738476 1204.742425918579
100 2948.5351299999966 17979.663152899993 136000128.46550056 1206.7047278881073
101 2948.5351299999966 17127.488951249994 120621178.76229793 1208.6495349407196
102 2948.5351299999966 17219.628424949995 124454261.13728741 1210.5947098731995
103 2948.5351299999966 17245.292860249992 115114752.27625835 1212.5379798412323
104 2948.5351299999966 17647.313001349998 138539999.9880599 1214.4983098506927
105 2948.5351299999966 16527.262665749997 137143132.01966366 1216.424647808075
106 2948.5351299999966 15099.508242849995 131297391.0796418 1218.3266637325287
107 2948.5351299999966 16522.182618149993 133679061.0652908 1220.2579629421234
108 2948.5351299999966 17394.423753799998 147495640.2695699 1222.2105147838593
109 2948.5351299999966 17896.862143349997 149119818.69545025 1224.1701188087463
110 2948.5351299999966 18409.347991099996 136749802.99561158 1226.1516289710999
111 2948.5351299999966 18236.833360499997 136008186.1718148 1228.1191148757935
112 2948.5351299999966 19408.218685599997 133351059.3626187 1230.118520975113
113 2948.5351299999966 18611.392838349995 140091339.6618321 1232.0918498039246
114 2948.5351299999966 18493.932547899996 140041552.68524322 1234.087182044983
115 2948.5351299999966 16825.045225349997 142349986.65665236 1236.028589963913
116 2948.5351299999966 16064.199840349997 126126608.08549404 1237.9534168243408
117 2948.5351299999966 15192.750933349995 124322234.84736174 1239.8632187843323
118 2948.5351299999966 16604.807164199996 134068860.94200905 1241.7994248867035
119 2948.5351299999966 16824.411552699996 140288432.8492622 1243.7419350147247
120 2948.5351299999966 16310.684236849993 138798067.66917744 1245.6711559295654
121 2948.5351299999966 16876.514564549998 145155858.96932855 1247.615583896637
122 2948.5351299999966 16918.858509249996 143251882.5015125 1249.5603330135345
123 2948.5351299999966 17067.669602699996 135829851.03212196 1251.5089247226715
124 2948.5351299999966 17389.476774699997 122400880.99563457 1253.4625887870789
125 2948.5351299999966 17704.201813299995 141050399.24422878 1255.42143201828
126 2948.5351299999966 17052.88027059999 136454357.0173009 1257.3667118549347
127 2948.5351299999966 17049.286607099995 133673706.49590269 1259.3089509010315
128 2948.5351299999966 17663.657788149994 137874447.67416722 1261.269737958908
129 2948.5351299999966 17803.701332549994 138229905.76289842 1263.2321257591248
130 2948.5351299999966 17835.111063899996 134872566.57815412 1265.189437866211
131 2948.5351299999966 16671.587474099997 137740898.63921788 1267.1295590400696
132 2948.5351299999966 15522.464138199994 131071680.81162263 1269.0387439727783
133 2948.5351299999966 16027.334479049994 142761213.33230588 1270.963434934616
134 2948.5351299999966 16757.50445409999 140339601.9211791 1272.9035959243774
135 2948.5351299999966 16859.596296749995 136376927.0412095 1274.838551044464
136 2948.5351299999966 16271.502855749997 144358890.28503525 1276.7670230865479
137 2948.5351299999966 15968.007345249998 139910210.09108573 1278.6791648864746
138 2948.5351299999966 16530.254649399994 133123969.44454552 1280.6111416816711
139 2948.5351299999966 17604.437622849993 131805743.69270368 1282.570858001709
140 2948.5351299999966 17644.884464999996 145118839.70142326 1284.528795003891
141 2948.5351299999966 17113.937194599992 144412897.15969443 1286.4697887897491
142 2948.5351299999966 16531.145391549995 130368487.22103201 1288.3958818912506
143 2948.5351299999966 17303.705975999994 144493321.93974403 1290.3358778953552
144 2948.5351299999966 17173.852245349997 140047712.62504274 1292.281632900238
145 2948.5351299999966 17461.937062999998 169135047.8936684 1294.2343399524689
146 2948.5351299999966 16785.266607999998 144859511.61010268 1296.1610448360443
147 2948.5351299999966 17009.716022749995 129301667.35302566 1298.0978558063507
148 2948.5351299999966 16828.007219349995 126444567.21023458 1300.0292778015137
149 2948.5351299999966 16446.797183049996 129409028.30721767 1301.9622309207916
150 2948.5351299999966 17019.650457099997 127479575.94726725 1303.9062688350677
151 2948.5351299999966 17021.010029149995 125643262.50640458 1305.8416607379913
152 2948.5351299999966 17532.732020249994 134785252.60574722 1307.8014450073242
153 2948.5351299999966 17237.158814099996 140459058.50094768 1309.7502319812775
154 2948.5351299999966 17478.704298399993 136457454.1220155 1311.7027959823608
155 2948.5351299999966 17584.668417649995 131445487.59088093 1313.6664628982544
156 2948.5351299999966 17371.559057699997 132482824.033826 1315.6176917552948
157 2948.5351299999966 17189.2605671 131659940.26913986 1317.5727388858795
158 2948.5351299999966 16679.110543349994 121654410.80815968 1319.518555879593
159 2948.5351299999966 17264.327463049995 119972088.49455814 1321.4833838939667
160 2948.5351299999966 16468.044476049996 129382409.27300169 1323.424656867981
161 2948.5351299999966 17970.983704349994 133078979.32010017 1325.3976130485535
162 2948.5351299999966 17015.866498999996 142345187.55057108 1327.351702928543
163 2948.5351299999966 17725.813668799994 152817423.85281238 1329.31698679924
164 2948.5351299999966 18540.236965299995 146732250.63988057 1331.290678024292
165 2948.5351299999966 17176.608865299997 149712961.93907654 1333.2390639781952
166 2948.5351299999966 17692.777096549995 145133132.30612445 1335.1944949626923
167 2948.5351299999966 16347.574889749996 135928008.64219084 1337.122859954834
168 2948.5351299999966 15706.594104649997 132497484.67787422 1339.035150051117
169 2948.5351299999966 16549.491795149996 147438804.63031596 1340.970489025116
170 2948.5351299999966 18916.987740649995 145534207.8284212 1342.95871591568
171 2948.5351299999966 18087.316057849996 140600967.91460797 1344.944897890091
172 2948.5351299999966 17415.60957705 154567949.79096854 1346.9049649238586
173 2948.5351299999966 16954.067916149994 140062284.1520902 1348.8425960540771
174 2948.5351299999966 16647.098508049996 129536677.25243446 1350.775708913803
175 2948.5351299999966 17074.867422599997 134148462.25048342 1352.715255022049
176 2948.5351299999966 17322.006695749995 137333857.79089817 1354.670215845108
177 2948.5351299999966 17181.604688049993 132506529.0043421 1356.6118969917297
178 2948.5351299999966 15872.615813249997 127773112.23189948 1358.5330579280853
179 2948.5351299999966 16018.131855649997 133011922.40715614 1360.4877088069916
180 2948.5351299999966 16421.310361249998 131997238.0300684 1362.4090406894684
181 2948.5351299999966 16420.840753799996 128559169.12368134 1364.3379681110382
182 2948.5351299999966 17089.3629619 136287040.23276806 1366.2795560359955
183 2948.5351299999966 17543.333592049996 136443151.69295314 1368.231628894806
184 2948.5351299999966 18321.509354149992 130273372.95699985 1370.2002358436584
185 2948.5351299999966 16748.954644149995 130124078.90300286 1372.141345024109
186 2948.5351299999966 16502.700479049996 135886635.05137992 1374.0679700374603
187 2948.5351299999966 15801.153528849994 137020136.51234072 1375.9832067489624
188 2948.5351299999966 17311.262995499997 135905145.11517414 1377.9291570186615
189 2948.5351299999966 18230.291464049995 135146727.36199078 1379.9112010002136
190 2948.5351299999966 17925.14954289999 140061764.44944993 1381.880718946457
191 2948.5351299999966 17672.022775599995 146071813.50371927 1383.8399648666382
192 2948.5351299999966 17626.70298674999 136785351.33817112 1385.8074657917023
193 2948.5351299999966 16399.470784849997 134240543.4183163 1387.7345819473267
194 2948.5351299999966 15775.587520899997 131700601.32362358 1389.6429498195648
195 2948.5351299999966 16357.617365849996 134058126.16136299 1391.5703449249268
196 2948.5351299999966 16696.000522849994 131888918.11346167 1393.5119438171387
197 2948.5351299999966 17348.020357899994 133882793.25950855 1395.46328997612
198 2948.5351299999966 15947.212638299994 120355995.01030327 1397.3866317272186
199 2948.5351299999966 15916.393118499996 123822076.37350804 1399.2999877929688
200 2948.5351299999966 15966.460484749996 121597421.39721164 1401.2266328334808
201 2948.5351299999966 16084.176490699994 123966311.59468868 1403.149220943451
202 2948.5351299999966 17124.533529899996 124081514.89392015 1405.1017599105835
203 2948.5351299999966 16609.75176375 125797771.20100857 1407.0392618179321
204 2948.5351299999966 16661.679745349997 127905152.92658931 1408.9749999046326
205 2948.5351299999966 16711.480347999997 132172264.19010945 1410.9092199802399
206 2948.5351299999966 16134.376665699994 136849482.1742746 1412.8366730213165
207 2948.5351299999966 15523.958342849994 139812657.72134382 1414.745666027069
208 2948.5351299999966 15959.868338549999 138313491.44930702 1416.6731379032135
209 2948.5351299999966 16454.655134749995 134315127.09213647 1418.6029880046844
210 2948.5351299999966 17144.070248749995 153275019.8100439 1420.5464289188385
211 2948.5351299999966 16782.988605949995 134035130.72072944 1422.47939991951
212 2948.5351299999966 16230.362857699994 138270861.9051703 1424.4092090129852
213 2948.5351299999966 17051.962463899996 135056686.21849787 1426.3498899936676
214 2948.5351299999966 17248.908842949997 134802573.64212036 1428.2973608970642
215 2948.5351299999966 17404.121359599994 138410474.45776615 1430.2408418655396
216 2948.5351299999966 16938.121791349993 153342009.5629717 1432.1826910972595
217 2948.5351299999966 16494.983540299992 146130658.45285127 1434.11629986763
218 2948.5351299999966 17956.893469099996 159449322.2341325 1436.0790739059448
219 2948.5351299999966 16533.553192249994 145807010.3836608 1438.0096099376678
220 2948.5351299999966 16484.465745199996 139092878.59511423 1439.9362239837646
221 2948.5351299999966 17205.573744899993 140256687.75619873 1441.886960029602
222 2948.5351299999966 16097.996111949995 145213149.3893018 1443.812462091446
223 2948.5351299999966 15128.526357849994 130469170.96391411 1445.7079169750214
224 2948.5351299999966 15046.608431399996 123290518.80771637 1447.6066138744354
225 2948.5351299999966 15973.721842849995 136831230.04612723 1449.5210528373718
226 2948.5351299999966 16776.455317899996 132543179.12581725 1451.45827293396
227 2948.5351299999966 16296.403127249994 130744503.47568439 1453.3864278793335
228 2948.5351299999966 15950.762015649992 130691635.48544468 1455.3046708106995
229 2948.5351299999966 15700.773724199995 115693673.27200001 1457.2240738868713
230 2948.5351299999966 16433.029347449996 137843863.8550593 1459.1531419754028
231 2948.5351299999966 16132.803156149992 127375944.96660514 1461.0809977054596
232 2948.5351299999966 16492.937881849994 131895078.10905662 1463.0133888721466
233 2948.5351299999966 16247.630649799996 125238421.03562109 1464.943365097046
234 2948.5351299999966 16981.479194499996 114897660.15290082 1466.8800208568573
235 2948.5351299999966 17127.661446049995 119152066.84979676 1468.8338758945465
236 2948.5351299999966 17018.894119549997 132400144.22902413 1470.7793698310852
237 2948.5351299999966 17399.752689199995 133476620.07253647 1472.7308740615845
238 2948.5351299999966 17205.057555299998 136693289.72156575 1474.691288948059
239 2948.5351299999966 17755.906307799993 133820125.20377043 2418.2862577438354
240 2948.5351299999966 14914.581255949997 123207407.38332856 2420.2117879390717
241 2948.5351299999966 15608.030880099996 127170073.0006765 2422.1639380455017
242 2948.5351299999966 16945.259814299996 126502950.49258377 2424.116768836975
243 2948.5351299999966 17189.218356949994 124965897.45351696 2426.0620968341827
244 2948.5351299999966 16002.657390749995 115623893.78074545 2427.989217042923
245 2948.5351299999966 15520.595459399996 114458713.25565748 2429.8961849212646
246 2948.5351299999966 15658.511110949998 121470898.46317951 2431.8100657463074
247 2948.5351299999966 16320.051706449995 134537146.4760714 2433.7451000213623
248 2948.5351299999966 15344.273469749996 128284065.22256942 2435.6528911590576
249 2948.5351299999966 15561.873114349995 134016489.73165995 2437.5579278469086
2948.5351299999966 2439.488995075226
2
0 9223372036854775807 36603.27512929999 7280768.690273624 1.6264562606811523
1 12380.906649999999 34060.32479005 13883567.340299752 4.287941217422485
2 5495.988929999998 28976.554826699994 67988486.36054319 6.579240083694458
3 3539.5728100000024 24507.647004749997 112718503.75426437 8.679097175598145
4 3173.513599999998 21764.8426146 137883098.3881645 10.693265199661255
5 3173.513599999998 19587.009324999995 133755498.1038534 12.665382146835327
6 3033.7827199999997 19626.1636103 144136164.78309718 14.634356021881104
7 3033.7827199999997 18370.913557849995 151780374.73263896 16.57694911956787
8 3033.7827199999997 16830.518572749992 144770944.24376586 18.48767328262329
9 3033.7827199999997 16980.386797299994 138698270.0665347 20.414844274520874
10 3033.7827199999997 17226.949816799992 137838081.86709493 22.33854913711548
11 2962.8669300000015 16800.751258949997 128794441.30468512 24.254597187042236
12 2953.6384600000024 15556.415161799996 142438473.75581697 26.14810299873352
13 2953.6384600000024 15406.823152649995 134375752.68559277 28.033058166503906
14 2953.6384600000024 15399.752798799998 125645270.98325153 29.937610149383545
15 2953.6384600000024 16098.096057699999 119317265.81006813 31.85515022277832
16 2953.6384600000024 16832.421745699998 121799169.9750658 33.78246712684631
17 2953.6384600000024 16293.314953349996 122036992.87990257 35.69511318206787
18 2953.6384600000024 16615.454555049997 129244335.00720482 37.61741018295288
19 2953.6384600000024 16766.133152549995 134517203.7819088 39.55091404914856
20 2953.6384600000024 17630.962161199997 134289341.1328503 41.502944231033325
21 2953.6384600000024 17301.228464499996 125770822.82272899 43.43567705154419
22 2953.6384600000024 17703.717993999995 124332466.77704537 45.39647316932678
23 2953.6384600000024 17599.456277749996 136975921.7308706 47.34660005569458
24 2953.6384600000024 18429.176974799997 133806251.8259828 49.31886601448059
25 2953.6384600000024 16616.748383549995 148485645.7315861 51.247899293899536
26 2953.6384600000024 17594.279393449997 156104750.7651067 53.20028114318848
27 2953.6384600000024 18064.772671199997 152579621.84622088 55.172423124313354
28 2953.6384600000024 18178.332865749995 137642064.99717247 57.14373731613159
29 2953.6384600000024 16738.168547049998 144602142.73954338 403.8721830844879
30 2953.6384600000024 16671.769985249997 146831664.3647754 405.8438651561737
31 2953.6384600000024 16307.394112899998 143574867.59943175 407.81635999679565
32 2953.6384600000024 15020.991168349996 135549998.41892254 409.7269880771637
33 2953.6384600000024 16895.599802249995 147309875.99150407 411.66708612442017
34 2953.6384600000024 17168.734395749994 144174237.1507617 413.61605405807495
35 2953.6384600000024 17404.01393075 148956192.14931762 415.5701940059662
36 2953.6384600000024 16920.332106999995 135308466.0432058 417.5090072154999
37 2953.6384600000024 15781.691664349995 129474036.72346362 419.4371521472931
38 2953.6384600000024 16968.411510199996 142136805.9653543 421.44685220718384
39 2953.6384600000024 16640.2401889 128900715.38863632 423.407860994339
40 2953.6384600000024 16709.096706149998 131930746.70322049 425.3532681465149
41 2953.6384600000024 16405.738179649998 130611354.26852469 427.2854390144348
42 2953.6384600000024 17084.5213129 126341289.67037296 429.2236771583557
43 2953.6384600000024 17915.422589499998 125434888.57218763 431.1903340816498
44 2953.6384600000024 16890.9262001 133227377.93807355 433.16637110710144
45 2953.6384600000024 16061.199162999997 127447664.0889182 435.149777173996
46 2953.6384600000024 17843.746053649997 137281779.41830203 437.1305480003357
47 2953.6384600000024 16563.166138649998 134455281.75249767 439.060182094574
48 2953.6384600000024 15932.720025749999 138350964.17909962 440.9712212085724
49 2953.6384600000024 16931.556793999996 134286410.35889328 442.92065715789795
50 2953.6384600000024 17434.290079949995 136023211.23583096 444.87129497528076
51 2953.6384600000024 17243.0118533 145336171.52633512 446.8190050125122
52 2953.6384600000024 17059.036352449995 132969906.9348293 448.76223707199097
53 2953.6384600000024 16868.679975499996 124640848.6183911 450.6990351676941
54 2953.6384600000024 16913.743264599998 130372180.43232445 452.6350049972534
55 2953.6384600000024 17039.688062449997 124939160.84211098 454.5781662464142
56 2953.6384600000024 16109.208975849997 123065172.7150077 456.49526715278625
57 2953.6384600000024 16498.243539749998 139706894.1725916 458.4238841533661
58 2953.6384600000024 16654.198887749997 139328833.19643956 460.3522062301636
59 2953.6384600000024 17397.618233699995 137711408.45001075 462.30766701698303
60 2953.6384600000024 17211.804772299995 131008521.96844375 464.2500841617584
61 2945.6987299999987 16270.465290099997 123498006.40666477 466.1705801486969
62 2945.6987299999987 15685.703532499996 128888614.56821094 468.07736921310425
63 2940.688760000001 15267.252362449995 128339711.7887011 470.0078730583191
64 2940.688760000001 16049.693764949998 132169721.85580444 471.9771201610565
65 2940.688760000001 16586.685861799993 131857993.0685202 473.9533030986786
66 2940.688760000001 17949.143662799994 132339238.78523314 475.91471123695374
67 2940.688760000001 17278.716436549992 129377839.82049412 477.85491824150085
68 2940.688760000001 17099.866443599993 127954921.21727423 479.7891640663147
69 2940.688760000001 17868.494852549993 132105691.00626571 481.7502541542053
70 2940.688760000001 18146.379091049996 133660712.80082047 483.7259089946747
71 2940.688760000001 17243.985625549994 138080042.8372037 485.669132232666
72 2940.688760000001 16697.289970099995 149371353.91881704 487.59164333343506
73 2940.688760000001 17407.771596299997 148280208.54953942 489.5379421710968
74 2940.688760000001 17085.313192599995 123911785.04673165 491.4756851196289
75 2940.688760000001 16213.024706999995 134302685.78106162 493.3963141441345
76 2940.688760000001 17573.701463999994 127879523.67742205 495.34417510032654
77 2940.688760000001 17163.973283549993 134523093.76350322 497.28724932670593
78 2940.688760000001 17239.213260199995 138635207.8372043 499.22830605506897
79 2940.688760000001 17077.120173549993 143512417.85641345 501.17025208473206
80 2940.688760000001 17112.047724199994 141547682.09222376 503.1137201786041
81 2940.688760000001 16272.920605449995 135899736.94427556 505.03251910209656
82 2940.688760000001 16395.395884699992 140706308.83357343 506.9667909145355
83 2940.688760000001 16777.483286849994 147799257.28063622 508.90924429893494
84 2940.688760000001 15192.526627099996 133243235.60391624 510.8102252483368
85 2940.688760000001 15594.487488449995 133451959.86486652 512.7236711978912
86 2940.688760000001 17029.116077399995 137125684.6216678 514.6547651290894
87 2940.688760000001 17862.513854899993 134546856.11468735 516.6229939460754
88 2940.688760000001 17076.373904599994 153691675.17271793 518.5657141208649
89 2940.688760000001 17550.370701049993 141358499.71409038 520.5176923274994
90 2940.688760000001 15844.919169149996 136832489.52322358 522.4356451034546
91 2940.688760000001 15528.708424599994 137713212.0705247 524.3350510597229
92 2940.688760000001 15682.886617799997 136094324.40883476 526.2437462806702
93 2940.688760000001 17174.156761399998 133590076.11473343 528.1831612586975
94 2940.688760000001 17865.504682449995 136815214.35676453 530.1336340904236
95 2940.688760000001 16533.197191999996 137614266.4668585 532.0608761310577
96 2940.688760000001 16882.751145599996 137404428.70886743 534.2924282550812
97 2940.688760000001 17215.196076449996 133918845.6539426 536.2401151657104
98 2940.688760000001 17322.363168199998 128632678.39903764 538.193498134613
99 2940.688760000001 16353.541036299996 127386024.94796246 540.1230893135071
100 2940.688760000001 16912.276401699997 141446478.2724439 542.0628471374512
101 2940.688760000001 16498.574832249997 140644576.87295505 543.9905202388763
102 2940.688760000001 16885.986430799996 140109849.34116638 545.9332101345062
103 2940.688760000001 16366.778797849995 126480805.25469247 547.8587982654572
104 2940.688760000001 17150.107682349993 133790373.61113209 549.8070893287659
105 2940.688760000001 16535.992991749998 128293902.95847873 551.7466151714325
106 2940.688760000001 16193.847813199996 137814016.5375362 553.6672852039337
107 2940.688760000001 16525.427717799997 139602383.98883393 555.5976812839508
108 2940.688760000001 16669.983734499998 141681970.95312646 557.5329720973969
109 2940.688760000001 16839.230015549998 132819246.51205735 559.4769752025604
110 2940.688760000001 17771.8565495 144102943.22491765 561.4352283477783
111 2940.688760000001 17144.121222349993 143625666.2318106 563.3779630661011
112 2940.688760000001 16825.904866449997 125894236.50584799 565.3171961307526
113 2940.688760000001 16379.168831349993 137364938.51493442 567.2460291385651
114 2940.688760000001 16925.237936349997 140358283.26470277 569.1957120895386
115 2940.688760000001 17111.813903399994 140739451.72048885 571.1439733505249
116 2940.688760000001 16240.796051899995 126125238.17495081 573.0750942230225
117 2940.688760000001 17052.770004949994 130455633.52431378 575.022027015686
118 2940.688760000001 16699.7541903 123758150.7757079 576.9585452079773
119 2940.688760000001 16535.637464499996 129997818.5082019 578.8955171108246
120 2940.688760000001 16579.524093099997 127106108.40681991 580.8332560062408
121 2940.688760000001 15896.467074299995 134351555.74999362 582.7572591304779
122 2940.688760000001 16141.792878099997 132902207.69797872 584.6789293289185
123 2940.688760000001 16672.661732749995 130864103.57629006 586.6216971874237
124 2940.688760000001 17127.411811499995 138057344.3730565 588.576336145401
125 2940.688760000001 16299.22006195 127137271.82160303 590.5215952396393
126 2940.688760000001 16445.078082649998 124113939.11035751 592.4643220901489
127 2940.688760000001 15420.373892949996 126767282.58453663 594.3722932338715
128 2940.688760000001 16965.220426399996 132048506.57258818 596.3155212402344
129 2940.688760000001 17260.375144249996 139832030.99891445 598.267941236496
130 2940.688760000001 16713.142799249996 136398134.90003395 600.2007412910461
131 2940.688760000001 17250.424442999996 147310441.47988033 602.1698980331421
132 2940.688760000001 16533.074886149996 137120935.2674105 604.1007101535797
133 2940.688760000001 16859.451465099995 133531364.59500326 606.0422489643097
134 2940.688760000001 17065.254371699997 139265951.83944383 607.9885640144348
135 2940.688760000001 17471.960727899997 145860148.50903136 609.9408802986145
136 2940.688760000001 17609.547900949998 143878937.42946243 611.9026911258698
137 2940.688760000001 18289.689216549996 145285578.64409697 613.8736152648926
138 2940.688760000001 17938.621178349997 148378459.80038536 615.8336253166199
139 2940.688760000001 18264.872540499997 146313844.2831152 617.8389081954956
140 2940.688760000001 17700.048415849997 145533286.37827313 619.8000602722168
141 2940.688760000001 17898.761386349997 146874191.27429023 621.7659192085266
142 2940.688760000001 17307.859780349998 165847393.1617129 623.7127361297607
143 2940.688760000001 17713.650708699995 140929460.84707648 625.6803331375122
144 2940.688760000001 17876.137558399998 141768985.66617656 627.6405503749847
145 2940.688760000001 18370.559260049995 128095179.77083997 629.6296982765198
146 2940.688760000001 18513.468762299995 147470205.05773798 631.6106991767883
147 2940.688760000001 18032.749776799992 139674883.08327946 633.5724103450775
148 2940.688760000001 16753.725796399995 143272048.4516648 635.5087239742279
149 2940.688760000001 17842.916540999995 128970214.37190592 637.4786622524261
150 2940.688760000001 19340.776881799997 142466370.3072274 639.4809060096741
151 2940.688760000001 17493.79961345 151495539.9529274 641.4446260929108
152 2940.688760000001 17876.379168649997 158017296.79065216 643.3930721282959
153 2940.688760000001 17918.615184399998 150793890.3425458 645.3511459827423
154 2940.688760000001 18432.9840786 154083471.47130603 647.3322613239288
155 2940.688760000001 18258.494630199995 142155171.1792326 649.3042540550232
156 2940.688760000001 17300.203894749997 129046871.11910608 651.2534580230713
157 2940.688760000001 16829.633806449994 136506205.6839547 653.2039091587067
158 2940.688760000001 17041.917088499995 139188038.44206023 655.1448891162872
159 2940.688760000001 16367.136948349995 142189193.63973105 657.074734210968
160 2940.688760000001 16869.838846649996 134940634.84339207 659.0072283744812
161 2940.688760000001 17100.827859949997 149028631.05902344 660.948004245758
162 2940.688760000001 18699.438178199995 142724847.27105188 662.9300282001495
163 2940.688760000001 17508.4711158 145619843.88530776 664.8813440799713
164 2940.688760000001 18296.396268599994 154101329.983253 666.8486490249634
165 2940.688760000001 17642.688743199993 152354274.34438458 668.8192200660706
166 2940.688760000001 16365.680304249996 141060142.4868832 670.7422280311584
167 2940.688760000001 16516.866340249995 148959067.4421741 672.6657390594482
168 2940.688760000001 15875.695023149998 140265009.75142905 674.6155841350555
169 2940.688760000001 15753.447056449993 141353773.20702118 676.6139342784882
170 2940.688760000001 16797.039170449996 143030442.5018647 678.6261723041534
171 2940.688760000001 17374.517632799994 146341621.06206316 680.6252679824829
172 2940.688760000001 17460.530709049995 137920004.8914752 682.6565451622009
173 2940.688760000001 17546.102776049996 145731481.2149481 684.656042098999
174 2940.688760000001 17929.172312999995 146519411.0274286 686.6156282424927
175 2940.688760000001 17315.899208099996 135519201.15176383 688.613587141037
176 2940.688760000001 16055.705045249997 116306274.98482357 690.5499901771545
177 2940.688760000001 16276.416077799997 123033601.0180331 1404.1719710826874
178 2940.688760000001 16583.257368649993 139372524.07929096 1406.100367307663
179 2940.688760000001 17148.101250949996 123864200.9414905 1408.0561091899872
180 2940.688760000001 17769.949129999997 127453049.98779166 1410.0138461589813
181 2940.688760000001 17253.887642399997 138198180.0331302 1411.9552772045135
182 2940.688760000001 16835.895348299997 143801245.67075807 1413.9027471542358
183 2940.688760000001 17317.121876349996 137088344.57897463 1524.9756259918213
184 2940.688760000001 17451.086045799995 143184285.12738183 1526.9577991962433
185 2940.688760000001 16973.289644349996 141450454.6489004 1528.9470143318176
186 2940.688760000001 17060.290315799994 142459771.36394998 1530.9170911312103
187 2940.688760000001 19013.32062519999 157719851.1390832 1532.9256432056427
188 2940.688760000001 18408.702726699994 151625140.04274714 1534.9163801670074
189 2940.688760000001 17837.910166199992 149131423.97075772 1536.8777232170105
190 2940.688760000001 17750.433704849995 141279720.7708446 1557.769937992096
191 2940.688760000001 16768.759207949995 144458792.65645248 1559.756905078888
192 2940.688760000001 16777.129462649995 139802027.6701013 1561.7250680923462
193 2940.688760000001 15953.739888999995 137829426.96449092 1563.7834792137146
194 2940.688760000001 15592.019900699996 127054771.6245839 1565.7090020179749
195 2940.688760000001 16627.089565849994 127689657.02690478 1567.655501127243
196 2940.688760000001 17236.689522049994 118795629.77228159 1569.6370732784271
197 2940.688760000001 17314.439564599998 143036131.1556679 1571.595682144165
198 2940.688760000001 17290.086710549996 150344597.23025116 1573.5536851882935
199 2940.688760000001 17156.803511149996 149996299.09410644 1575.5172653198242
200 2940.688760000001 17268.117543799992 148993262.57270953 1577.5037541389465
201 2940.688760000001 16905.891251299996 139258331.7720938 1579.457147359848
202 2940.688760000001 17998.538867549996 137203946.66095403 1581.4289071559906
203 2940.688760000001 17685.921579899994 141692472.20503375 1583.412504196167
204 2940.688760000001 17552.806247849996 159592268.46454632 1585.3828802108765
205 2940.688760000001 17614.315498199998 146663727.7297673 1587.3517220020294
206 2940.688760000001 17035.567091449997 133440724.11181854 1589.980984210968
207 2940.688760000001 16812.628414199993 135099657.86462328 1591.9385402202606
208 2940.688760000001 16764.861129549994 136147894.6010588 1593.879369020462
209 2940.688760000001 17866.03634384999 143093238.00433183 1595.8554770946503
210 2940.688760000001 18065.495540949993 138815115.8412884 1604.742219209671
211 2940.688760000001 16994.574357199996 141513500.6157918 1606.6870872974396
212 2940.688760000001 17503.515772249997 142598292.43819773 1608.675436258316
213 2940.688760000001 17569.056007399995 135733220.0404123 1610.6614441871643
214 2940.688760000001 16264.737078949995 126824981.17722815 1612.6241080760956
215 2940.688760000001 16459.845934599995 129838704.27164355 1614.5686042308807
216 2940.688760000001 16317.273676649995 129186155.72956032 1616.4995472431183
217 2940.688760000001 17511.761492649995 131029721.71669704 1618.4728322029114
218 2940.688760000001 17514.397092999996 135704076.89077416 1620.4511382579803
219 2940.688760000001 16692.022735149996 126668205.23288964 1671.1489412784576
220 2940.688760000001 16516.489044799997 120140170.1675781 1673.10165309906
221 2940.688760000001 17404.4575064 129921545.82872672 1675.080640077591
222 2940.688760000001 16981.488159049997 126899826.39641435 1677.0733880996704
223 2940.688760000001 16598.339175599995 141442870.4852162 1679.0316753387451
224 2940.688760000001 17258.414672199997 135837163.4559686 1681.001258134842
225 2940.688760000001 17079.368479549998 133230271.36716188 1682.9626202583313
226 2940.688760000001 18397.770066249996 142478386.3306428 1684.9442591667175
227 2940.688760000001 18942.612720849993 151879764.13794142 1706.9951131343842
228 2940.688760000001 19307.480054499996 142422201.8663448 1709.038639307022
229 2940.688760000001 18144.655711049993 126228070.52529036 1711.0374920368195
230 2940.688760000001 17375.739812649997 140578642.1444082 1713.0073971748352
231 2940.688760000001 17332.687341099998 141601425.86877048 1714.975042104721
232 2940.688760000001 16058.314028349996 144916473.42456734 1716.9010202884674
233 2940.688760000001 16542.272898899995 132576081.80350848 1718.8415291309357
234 2940.688760000001 16273.275722999997 129059752.4293061 1720.8013491630554
235 2940.688760000001 16749.369655199996 127903838.97282498 1736.5433070659637
236 2940.688760000001 17155.872668949993 132771850.76518257 1738.5065190792084
237 2940.688760000001 17616.135263399992 132644406.03355034 1740.4853472709656
238 2940.688760000001 16807.117637249998 132454117.23759174 1742.4415881633759
239 2940.688760000001 18312.074484099994 133373154.2834714 1744.4317660331726
240 2940.688760000001 17938.008500799995 131367288.43993106 1797.3144052028656
241 2940.688760000001 18581.707158599995 142545273.74045536 1799.3361601829529
242 2940.688760000001 18451.493460449998 144385869.95942906 1801.3445162773132
243 2940.688760000001 18175.522987199995 152708633.70371357 1803.3317050933838
244 2940.688760000001 17711.22056099999 149507395.81523827 1805.2913942337036
245 2940.688760000001 16532.864316549996 135264397.4575738 1807.2462511062622
246 2940.688760000001 16397.115471699995 145307005.74890158 2107.745996236801
247 2940.688760000001 16701.368572299994 144636173.57251716 2109.746917247772
248 2940.688760000001 17406.918976899997 137299845.1826399 2111.8467540740967
249 2940.688760000001 17320.94609919999 140966771.83853996 2113.8344509601593
2940.688760000001 2115.834452152252
3
0 9223372036854775807 36632.912472849996 5799266.633259472 1.7149970531463623
1 12497.186009999996 34388.40303994999 11398453.243217492 4.519206762313843
2 5180.133809999998 28366.448556649993 69156669.10209683 6.912758827209473
3 3472.9635200000007 23263.648972599996 110092796.88379791 9.039143800735474
4 3092.4892199999977 21088.521700849993 138963695.74949124 11.089635848999023
5 3092.4892199999977 20200.355748649992 143464754.23782557 13.138338804244995
6 3092.4892199999977 18214.319459849998 143096807.68855813 15.137725830078125
7 2980.387889999999 17073.261687349997 139171309.16120014 17.12836194038391
8 2980.387889999999 17861.086378749995 141505832.66569728 19.118117809295654
9 2980.387889999999 17274.174362699996 132640436.16203587 21.102157831192017
10 2980.387889999999 18053.427642149996 138213785.0315727 23.239326000213623
11 2980.387889999999 18301.323371749997 140589136.39511296 25.494619846343994
12 2980.387889999999 18482.254928199993 150054319.8656312 27.539811849594116
13 2980.387889999999 19267.614899349996 136055739.76507506 29.609046936035156
14 2980.387889999999 18370.6701348 128983446.2694049 31.705919981002808
15 2980.387889999999 17467.025538349997 145103965.76221526 33.70411491394043
16 2980.387889999999 17714.286648449997 140632983.13787 35.69440174102783
17 2980.387889999999 17316.656034549993 136335300.64905313 37.66875076293945
18 2980.387889999999 16983.068797499993 131266559.96746472 39.63723182678223
19 2980.387889999999 16512.453390749997 127492208.3618354 41.62208890914917
20 2973.3770999999974 17045.02292805 131763387.70352246 43.624488830566406
21 2973.3770999999974 17446.241403199994 135168905.68793383 45.62689208984375
22 2973.3770999999974 17424.749471699994 131950684.59612104 47.62000799179077
23 2973.3770999999974 16913.771932199994 128943475.30841862 49.58537292480469
24 2973.3770999999974 16420.988222049997 128444934.76710087 51.5392849445343
25 2973.3770999999974 16454.582300299993 123885753.84251344 53.50157904624939
26 2973.3770999999974 16495.382301599995 133597251.77511974 55.45522093772888
27 2973.3770999999974 16325.830948449995 141389443.99714634 57.414127826690674
28 2973.3770999999974 16240.243872399993 139476502.69640592 59.35478973388672
29 2943.4681699999983 17060.151770499997 144534115.4305938 61.31720185279846
30 2943.4681699999983 16215.599723599995 144158786.38814765 63.28201699256897
31 2943.4681699999983 17620.823012799996 149844536.6803043 65.2891857624054
32 2943.4681699999983 16761.996364149996 153246295.24780893 67.25048494338989
33 2943.4681699999983 16591.086927499993 151638866.06132424 69.21337866783142
34 2943.4681699999983 17093.153266949994 143317218.26324603 71.19728779792786
35 2943.4681699999983 16810.476992249998 149297412.4270981 73.18006992340088
36 2943.4681699999983 18391.516776549994 156612704.68297917 75.18368268013
37 2943.4681699999983 18443.395700599995 147589944.88051113 77.26025867462158
38 2943.4681699999983 17360.217766999995 145121058.02324045 79.34540486335754
39 2943.4681699999983 17664.058882149995 142295082.51282224 81.39275598526001
40 2943.4681699999983 16765.408529499997 138383301.74095178 83.3657648563385
41 2943.4681699999983 16302.145284349997 121844811.63315752 85.33379983901978
42 2943.4681699999983 16430.432867349995 132793698.9610418 87.29069590568542
43 2943.4681699999983 17118.563153499992 142023462.36824515 89.34003591537476
44 2943.4681699999983 17158.934724699993 142599259.9941588 91.31147980690002
45 2943.4681699999983 17295.371025099994 146077471.32890996 93.29875206947327
46 2943.4681699999983 17223.800181849998 139323716.5989684 95.28067302703857
47 2943.4681699999983 15599.886782299996 127436298.17605743 97.22885084152222
48 2943.4681699999983 16626.75273075 134576453.94383517 99.18811297416687
49 2943.4681699999983 15533.896631249998 122440513.77780682 101.1401858329773
50 2943.4681699999983 16244.767116199997 131221688.01863869 103.09765195846558
51 2943.4681699999983 17022.546411199994 126271568.18141207 105.07618570327759
52 2943.4681699999983 17326.500255699997 126957369.00943354 107.0495388507843
53 2943.4681699999983 17835.5935267 122126428.29654841 109.055490732193
54 2943.4681699999983 17723.745384699996 135043098.36251506 111.06296992301941
55 2943.4681699999983 16339.917101349998 135252824.33251897 113.03410387039185
56 2943.4681699999983 16941.6280136 136824744.91011542 115.01064777374268
57 2943.4681699999983 15512.944071949998 128248485.23928759 116.96858787536621
58 2943.4681699999983 16264.419185749995 138247801.18345863 118.95301389694214
59 2943.4681699999983 14089.794160749996 122204911.30147415 120.88327598571777
60 2943.4681699999983 15535.932334449994 131534063.75956917 122.82659482955933
61 2943.4681699999983 16163.060019199993 123134719.60174553 124.80974078178406
62 2943.4681699999983 15980.194404099999 146661388.15643787 126.7762098312378
63 2943.4681699999983 16686.951643199995 148264654.76584193 128.77012300491333
64 2943.4681699999983 17034.4769918 148006670.84858355 130.78110003471375
65 2943.4681699999983 16601.803962549995 140644625.26219633 132.78149485588074
66 2943.4681699999983 15259.483842549997 131596788.99728936 134.7540717124939
67 2943.4681699999983 16184.973571899995 139176134.29541123 136.71161699295044
68 2943.4681699999983 17041.234915099994 142151396.85231128 138.70687985420227
69 2943.4681699999983 16877.634022199996 138298845.9089704 140.7077488899231
70 2943.4681699999983 17183.787688399996 133341345.51670158 142.69447994232178
71 2943.4681699999983 17725.298691049997 141438570.0223308 144.69044995307922
72 2943.4681699999983 18350.839594199995 145917649.2908753 146.69788694381714
73 2943.4681699999983 18054.139390199995 142314457.05046174 148.6989278793335
74 2943.4681699999983 18810.099298649995 145083548.5158249 150.72783780097961
75 2943.4681699999983 17945.697817449993 143474760.58531976 152.74324774742126
76 2943.4681699999983 17576.8745966 151444981.77276057 154.71182084083557
77 2943.4681699999983 17992.732836049996 148900075.5347638 156.72380685806274
78 2943.4681699999983 16778.219295749994 140801248.7326597 158.73135089874268
79 2943.4681699999983 16720.248520499998 135553118.50688353 160.72384691238403
80 2943.4681699999983 17517.689322899998 129304852.97648266 162.71783685684204
81 2943.4681699999983 17303.972894499995 132894498.84524871 164.71011686325073
82 2943.4681699999983 16200.447388349996 128032393.3449337 166.69676184654236
83 2943.4681699999983 16946.542904999995 128922797.94483738 168.74941682815552
84 2943.4681699999983 17024.104079499994 133631282.84470236 170.72093081474304
85 2943.4681699999983 16635.537371249997 128043701.89328341 172.70969772338867
86 2943.4681699999983 17595.290672299994 147356247.14561388 174.68850684165955
87 2943.4681699999983 16750.281234549995 132320610.24567652 176.63041377067566
88 2943.4681699999983 18033.411849499993 142913853.06540683 178.67695093154907
89 2943.4681699999983 16847.028579799997 142003544.95578974 180.67041683197021
90 2943.4681699999983 16689.580638599997 137010602.7275996 182.6386399269104
91 2943.4681699999983 17859.506516299996 134760457.86826453 184.63251090049744
92 2943.4681699999983 17665.546627649994 129991105.81272541 186.62611985206604
93 2943.4681699999983 16190.583528899997 131101993.70709391 188.55749678611755
94 2943.4681699999983 16185.294615499997 136344903.78421706 190.51775574684143
95 2943.4681699999983 16672.584342499995 142369031.49771163 192.47218370437622
96 2943.4681699999983 16980.232646549997 140841795.00659987 194.49783992767334
97 2943.4681699999983 16984.485540249996 138860312.2363512 196.4925467967987
98 2943.4681699999983 17371.800361699996 147237134.40134662 198.47314476966858
99 2943.4681699999983 17815.8609458 133930939.1795877 200.51302576065063
100 2943.4681699999983 18010.980756699995 144479990.9435384 202.5751178264618
101 2943.4681699999983 16539.780653099995 135250830.7756419 204.53558778762817
102 2943.4681699999983 16506.369065849995 131016019.29953657 206.53778672218323
103 2943.4681699999983 17014.254247049998 138143082.8193362 208.55013585090637
104 2943.4681699999983 17113.452860699996 134283590.34128752 210.60549306869507
105 2943.4681699999983 17366.078891899993 131546183.30153131 212.62936782836914
106 2943.4681699999983 16593.288047899994 130065850.77147686 214.61961770057678
107 2943.4681699999983 16805.550219299992 143323761.16311124 216.60829067230225
108 2943.4681699999983 16663.859173999994 145225484.84166372 218.59977388381958
109 2943.4681699999983 16361.342271749996 134358806.21313828 220.5686957836151
110 2943.4681699999983 17549.2650596 146490647.42117605 222.55930089950562
111 2943.4681699999983 17193.199409949997 145056409.99515432 224.55176186561584
112 2943.4681699999983 16168.931378299996 136758136.1031237 226.51918697357178
113 2943.4681699999983 16187.934600949995 135144280.88788968 228.48730397224426
114 2943.4681699999983 16077.385644549997 124358943.86529303 230.45867276191711
115 2943.4681699999983 15927.362714149998 129041224.86695945 232.38390183448792
116 2943.4681699999983 17453.541020249995 142032611.85576686 234.33701467514038
117 2943.4681699999983 17167.046045349995 135154214.3299081 236.28917789459229
118 2943.4681699999983 17078.610923599997 133972174.01832479 238.24078392982483
119 2943.4681699999983 16867.738339549996 129503986.7020327 240.19245791435242
120 2943.4681699999983 17288.080517049995 136056581.249602 242.1590268611908
121 2943.4681699999983 17514.157390499997 137544770.6150373 244.13591980934143
122 2932.3311099999983 17522.514239149998 118347745.23897466 246.12027192115784
123 2932.3311099999983 16782.799433199994 128132974.9334292 248.07863593101501
124 2932.3311099999983 15597.463531399997 131489336.07100502 250.01049494743347
125 2932.3311099999983 16615.106689049997 133201178.69620594 251.98915672302246
126 2932.3311099999983 17014.768428299998 143002175.79382205 253.95681190490723
127 2932.3311099999983 17449.295306599997 132532723.0411689 255.93275499343872
128 2932.3311099999983 17591.927646399996 137645945.3920552 257.9053120613098
129 2932.3311099999983 17292.539957999994 137584289.27830306 259.8616337776184
130 2932.3311099999983 17728.289606249993 128079438.88151088 261.8392939567566
131 2932.3311099999983 17992.114504899993 136607064.6009519 263.82759404182434
132 2932.3311099999983 17711.923793799993 148206235.97860992 265.7909450531006
133 2932.3311099999983 18852.09823374999 141173762.95629516 267.80382680892944
134 2932.3311099999983 17611.620659349996 132947706.19349907 269.78033781051636
135 2932.3311099999983 17021.859923849996 140139967.3533211 271.75324177742004
136 2932.3311099999983 16459.99873905 149935267.37524238 273.73667573928833
137 2932.3311099999983 16690.771562249996 139715988.99324852 275.7108669281006
138 2932.3311099999983 16781.272875099996 134372585.23836833 277.6990659236908
139 2932.3311099999983 17703.252025249993 136286548.59307122 279.70329189300537
140 2932.3311099999983 16864.563831149997 126410915.10561207 281.6489598751068
141 2932.3311099999983 15943.846317949996 136359996.58656102 283.5724139213562
142 2932.3311099999983 17495.671818299998 143065406.70722964 285.52997303009033
143 2932.3311099999983 17319.316548699993 141622793.20390347 287.47868394851685
144 2932.3311099999983 17404.186978199996 139331981.9735906 289.4527258872986
145 2932.3311099999983 17499.241418999994 138399867.38210306 291.47310495376587
146 2932.3311099999983 16956.069733399992 138545395.0887773 293.44527101516724
147 2932.3311099999983 15997.594788349998 128465297.1866365 295.374746799469
148 2932.3311099999983 16468.851682899993 137416192.72689494 297.3167278766632
149 2932.3311099999983 16558.430903349992 138681670.42325085 299.2575008869171
150 2932.3311099999983 16990.017058599995 135508901.12318894 301.2057647705078
151 2932.3311099999983 18530.508889799996 143462594.56862098 303.18083786964417
152 2932.3311099999983 18982.757218299994 143835911.22316623 305.1742238998413
153 2932.3311099999983 18372.974495499995 143889070.22862303 307.15221881866455
154 2932.3311099999983 17597.97956935 143349014.31002083 309.10829281806946
155 2932.3311099999983 16411.047609749996 131955657.95347019 311.04840779304504
156 2932.3311099999983 18224.946058049998 136607279.9666518 313.03148579597473
157 2932.3311099999983 18134.877207349997 141936585.82957235 315.0010607242584
158 2932.3311099999983 15960.580091699994 140440189.90566966 316.93675804138184
159 2932.3311099999983 16550.290269199995 133413173.1666719 318.8854007720947
160 2932.3311099999983 16716.674605599997 138365901.34935132 320.8617169857025
161 2932.3311099999983 17370.728365799994 137892664.25102657 322.8315930366516
162 2932.3311099999983 17975.8441264 140099316.6444295 324.8239817619324
163 2932.3311099999983 17757.446972399997 144657252.06083247 326.80682587623596
164 2932.3311099999983 17166.869017299996 140144134.7961003 328.7610890865326
165 2932.3311099999983 16847.479745099998 139785924.18345088 330.70908188819885
166 2932.3311099999983 17094.335417999995 136576559.56256938 332.6586298942566
167 2932.3311099999983 16056.344133499995 134892031.13056988 334.5860629081726
168 2932.3311099999983 17779.686717199995 139194966.27567917 336.56039786338806
169 2932.3311099999983 18341.329353449997 138134017.1058948 338.5483536720276
170 2932.3311099999983 17048.701084999997 137730082.60186976 340.4911596775055
171 2932.3311099999983 16484.081145699995 139754034.61162314 342.4221649169922
172 2932.3311099999983 17213.557987299995 145422390.62324882 344.3877229690552
173 2932.3311099999983 17963.972280049995 130998301.62846996 346.36925888061523
174 2932.3311099999983 17329.599291249997 128080414.97347137 348.3448238372803
175 2932.3311099999983 17813.354670849996 124767825.91574687 350.31180906295776
176 2932.3311099999983 17498.642354599997 133289074.00917788 352.27639985084534
177 2932.3311099999983 18192.745336899996 141508997.53491303 354.25619101524353
178 2932.3311099999983 17072.912644999997 139404676.01070023 356.210875749588
179 2932.3311099999983 18027.693483399995 150880640.7764281 358.18405079841614
180 2932.3311099999983 17177.343718149998 144911561.70020255 360.1434018611908
181 2932.3311099999983 17040.904704449997 144979623.09733564 362.1142978668213
182 2932.3311099999983 17433.941253299996 133277946.79628691 364.09691286087036
183 2932.3311099999983 16466.880101699997 118510010.27126941 366.0423629283905
184 2932.3311099999983 18427.350363399997 146426907.98735297 368.0210118293762
185 2932.3311099999983 17533.0123182 136299171.52883336 369.9791238307953
186 2932.3311099999983 17780.9977773 137083171.38558018 371.94847083091736
187 2932.3311099999983 18549.736719549997 139120844.31458265 373.9299907684326
188 2932.3311099999983 19299.884394249995 139574557.66232252 375.9280128479004
189 2932.3311099999983 16697.1205241 133494892.49825493 377.86988973617554
190 2932.3311099999983 17285.8553331 137886722.73091307 379.82944679260254
191 2932.3311099999983 16581.903789549997 132640683.63536292 381.7611768245697
192 2932.3311099999983 16709.320866149996 128090588.90622784 383.69841480255127
193 2932.3311099999983 16844.97568175 127553243.02173187 385.64895391464233
194 2932.3311099999983 16974.675710999993 125981374.6111781 387.6022217273712
195 2932.3311099999983 16997.723253999997 132454814.94368194 389.552649974823
196 2932.3311099999983 18080.12975654999 142785082.94640994 391.528621673584
197 2932.3311099999983 17026.614600499994 140014225.74757814 393.46932578086853
198 2932.3311099999983 16237.660157899996 134524704.65929282 395.40783882141113
199 2932.3311099999983 16781.530291699994 139150213.9386287 397.3437077999115
200 2932.3311099999983 16450.122915949996 138196616.66193897 399.27477288246155
201 2932.3311099999983 16134.382691849996 141143543.56305593 401.19941091537476
202 2932.3311099999983 16263.642747599995 138307990.6399877 403.1309108734131
203 2932.3311099999983 16655.738597099997 119087990.10512653 405.0735580921173
204 2932.3311099999983 17549.185637749993 131835704.06724873 407.0325617790222
205 2932.3311099999983 18588.748018349997 143740129.0049703 409.02274990081787
206 2932.3311099999983 18402.429923499996 134538998.77602136 411.0066728591919
207 2932.3311099999983 19710.333435699995 142689056.229376 413.01816987991333
208 2932.3311099999983 17622.397235649998 137079519.3087835 414.97971987724304
209 2932.3311099999983 17733.160359899994 131802758.5940906 416.94874382019043
210 2932.3311099999983 17618.757775799997 141952169.89539677 418.90472388267517
211 2932.3311099999983 17870.626368699996 132951906.62959877 420.86610198020935
212 2932.3311099999983 17980.289015199996 137686423.1114214 422.84542083740234
213 2932.3311099999983 18389.458502449994 134299483.12602437 424.86216402053833
214 2932.3311099999983 17367.081437599994 137097848.2375391 426.8274927139282
215 2932.3311099999983 16764.124840799996 135171592.19534665 428.7739818096161
216 2932.3311099999983 16986.646600299995 131992159.42744686 430.7544677257538
217 2932.3311099999983 17765.033598849994 145896713.68524873 432.74304270744324
218 2932.3311099999983 15532.737338649993 130422746.85708576 434.7140669822693
219 2932.3311099999983 16830.910863849993 134081872.45758386 436.6823959350586
220 2932.3311099999983 17164.38621455 140594450.47137478 438.6369857788086
221 2932.3311099999983 16437.384476699997 133976801.32244484 440.5719029903412
222 2932.3311099999983 15588.480271549995 139634253.09329894 442.4812979698181
223 2932.3311099999983 16235.580868599995 140769173.59047437 444.41124296188354
224 2932.3311099999983 15957.060429149997 132696489.26407643 446.32541584968567
225 2932.3311099999983 17005.114685499993 141944140.53640106 448.2705819606781
226 2932.3311099999983 18255.157991799995 147530653.95102906 450.2376048564911
227 2932.3311099999983 17343.627365099997 151620142.08946252 452.1915068626404
228 2932.3311099999983 18038.165219299994 148838987.40656692 454.16141271591187
229 2932.3311099999983 18036.820047799993 143074225.0085084 456.142835855484
230 2932.3311099999983 18173.753923349996 142813258.40362212 458.12160897254944
231 2932.3311099999983 18492.376401149995 141621914.82086822 460.1029908657074
232 2932.3311099999983 18365.762136999994 138626547.3584309 462.0785059928894
233 2932.3311099999983 17170.224944899994 126932618.37839794 464.02998185157776
234 2932.3311099999983 16261.962217749995 126795230.0438471 465.9687008857727
235 2932.3311099999983 17447.191939049993 143588118.41766322 467.9436728954315
236 2932.3311099999983 17385.439362099994 131813022.60937999 469.91978788375854
237 2932.3311099999983 16447.0030867 129253498.56889005 471.8654148578644
238 2932.3311099999983 16095.791001749998 116731309.34510735 473.80093789100647
239 2932.3311099999983 16350.034729249994 130374541.99896629 475.74004101753235
240 2932.3311099999983 16819.959221699995 146121979.4830118 477.68036580085754
241 2932.3311099999983 16577.534369749996 139773691.75463378 479.61191296577454
242 2932.3311099999983 17003.690363199996 132992339.70593311 481.55228185653687
243 2932.3311099999983 19060.500520699996 144511357.93266013 483.5391888618469
244 2932.3311099999983 18063.685991799997 141803329.92604697 485.50530672073364
245 2932.3311099999983 16774.836749749993 139143758.95011616 487.44806575775146
246 2932.3311099999983 17924.012795499995 139709205.1271431 489.4169988632202
247 2932.3311099999983 17912.281847249997 141320133.63698342 491.3824577331543
248 2932.3311099999983 18022.445639199992 138823527.6656437 493.3541467189789
249 2932.3311099999983 18113.360798399994 132384320.72369169 495.318776845932
2932.3311099999983 497.2590317726135
