MQ1
250 4091.00946
1
0 9223372036854775807 77907.07321143331 21309879.614675175 5.473254203796387
1 27590.295100000036 74156.75939389999 43922585.99455073 14.925984859466553
2 11620.303949999998 63063.889736799996 284332231.07390237 22.93971014022827
3 5400.585069999998 51806.58687366667 515831606.02164674 30.005704164505005
4 4685.070559999999 42529.3108666 671130721.4804232 36.59466218948364
5 4685.070559999999 41128.35167436667 673466313.4625518 43.14945197105408
6 4559.305610000001 39011.4357172 715837968.9712204 49.657005071640015
7 4479.852619999996 40175.09265793333 693506388.3058913 56.178658962249756
8 4479.852619999996 39687.3067908 686001820.7590839 62.69141221046448
9 4479.852619999996 37159.766047066674 718749809.6032444 69.11458492279053
10 4408.721169999997 37761.20714503334 649254311.2004585 75.56425595283508
11 4196.6804699999975 37826.20837693333 648863233.6639638 82.02898502349854
12 4196.6804699999975 37880.84474593333 628150246.5529193 88.50231313705444
13 4091.009459999998 36683.0789377 634912632.89461 94.93344187736511
14 4091.009459999998 36114.42303316666 615204307.0536426 101.33328294754028
15 4091.009459999998 35441.8369372 643335076.752364 107.82903218269348
16 4091.009459999998 35175.5153785 626978733.4030148 114.3095440864563
17 4091.009459999998 33466.75389576667 605629654.9176068 120.6487169265747
18 4091.009459999998 32734.740346500006 622342122.8172789 126.9159688949585
19 4091.009459999998 32821.7377456 639480641.6372851 133.20882606506348
20 4091.009459999998 34399.9929353 647209280.7900449 139.61831998825073
21 4091.009459999998 32709.37394823334 673377803.4785553 145.94812417030334
22 4091.009459999998 32919.42060306667 615831431.882486 152.24584913253784
23 4091.009459999998 33550.5961056 707232731.8721411 158.56898021697998
24 4091.009459999998 35028.43635033333 679990079.1760945 164.9733202457428
25 4091.009459999998 34074.32417986667 689959072.0134746 171.30782794952393
26 4091.009459999998 33737.6310176 629860097.5166752 177.6434350013733
27 4091.009459999998 33652.96509743333 603454853.9712348 184.00492000579834
28 4091.009459999998 33826.61300846666 577113152.9869854 190.36741399765015
29 4091.009459999998 33040.785349166676 577917248.7442851 196.70102906227112
30 4091.009459999998 33745.591512800005 638246456.1733025 203.08199000358582
31 4091.009459999998 36131.0217917 683328374.1392131 209.50248503684998
32 4091.009459999998 36468.041500533334 660017159.0435725 215.92563199996948
33 4091.009459999998 35757.024877133335 657592640.8545747 222.36538910865784
34 4091.009459999998 34440.47458046666 700430186.3200825 228.73094391822815
35 4091.009459999998 33698.764432766664 688966962.2414536 235.07943320274353
36 4091.009459999998 32311.26718306667 612801777.7608134 241.3635618686676
37 4091.009459999998 32899.4465969 607904769.792065 247.68182015419006
38 4091.009459999998 33043.28445013333 585333085.3077818 254.04725217819214
39 4091.009459999998 32648.649964400003 619111039.0342582 260.3682200908661
40 4091.009459999998 34983.718383800006 635112188.5778041 266.74436116218567
41 4091.009459999998 34374.0652054 640857056.0162427 273.11426186561584
42 4091.009459999998 37028.95949873333 677709565.4045397 279.6343479156494
43 4091.009459999998 37462.770817000004 691444499.5180109 286.11274099349976
44 4091.009459999998 37054.58361056667 681220223.3793511 292.60911417007446
45 4091.009459999998 32855.92459853333 664334473.6848232 298.96386098861694
46 4091.009459999998 37414.54198183334 639902650.1276404 305.46561908721924
47 4091.009459999998 37027.77289506667 643149702.0190816 311.9244661331177
48 4091.009459999998 34854.1885856 646995325.3104404 318.2655260562897
49 4091.009459999998 34934.61545906666 622823939.0475427 324.6466701030731
50 4091.009459999998 34316.966453433335 631785265.1092159 330.98488306999207
51 4091.009459999998 34757.24050903333 603727321.9523541 337.3650448322296
52 4091.009459999998 34565.015835533326 615306039.2945775 343.73147201538086
53 4091.009459999998 36630.39000696666 648445366.6339192 350.17281103134155
54 4091.009459999998 37485.8805047 637651945.781285 356.63372802734375
55 4091.009459999998 37248.3267965 651519703.5931338 363.1346900463104
56 4091.009459999998 35595.15753243333 666563557.7487887 369.5642249584198
57 4091.009459999998 34406.52972136666 640136568.7842 375.92442512512207
58 4091.009459999998 36011.47041416666 735069160.1740139 382.37200808525085
59 4091.009459999998 35272.83029756667 691788955.0246322 388.74197006225586
60 4091.009459999998 33310.59610013333 698067660.6764859 395.1948230266571
61 4091.009459999998 35649.22483766666 648076395.6007174 401.5919840335846
62 4091.009459999998 35347.7630451 661594219.7971442 407.9810411930084
63 4091.009459999998 36461.46733926667 692561785.3170364 414.4346580505371
64 4091.009459999998 37800.49336816666 678054268.0704325 420.98264598846436
65 4091.009459999998 36520.551553200006 653809300.6607372 427.4686470031738
66 4091.009459999998 34927.46380673333 635431008.332659 433.8516352176666
67 4091.009459999998 35244.17260233333 636747681.0576005 440.2754240036011
68 4091.009459999998 36561.9957886 639646764.7275082 446.77390718460083
69 4091.009459999998 33168.67505796666 600010487.5170984 453.1256470680237
70 4091.009459999998 34549.8008654 643887341.3699557 459.57378005981445
71 4091.009459999998 33685.59928433333 667546784.1017269 466.01216411590576
72 4091.009459999998 34560.49675926666 645258979.8600018 472.4525170326233
73 4091.009459999998 33450.361255799995 582484913.2775145 478.89402413368225
74 4091.009459999998 33780.84349183334 617506303.1767097 485.324942111969
75 4091.009459999998 30814.634876733337 593027784.2340429 491.60509991645813
76 4091.009459999998 30209.524505866666 575461054.7885606 497.9405312538147
77 4091.009459999998 33964.51524956666 693616900.3207796 504.3293659687042
78 4091.009459999998 34808.155962866666 656950503.7861602 510.7473609447479
79 4091.009459999998 34780.6657654 640506418.596292 517.155993938446
80 4091.009459999998 33671.59044973334 635206642.1476564 523.4940450191498
81 4091.009459999998 33251.3478933 669949888.9553796 529.8572881221771
82 4091.009459999998 36089.011829899995 723012087.7372477 536.3687629699707
83 4091.009459999998 34175.91516016667 634622484.2581506 542.7119369506836
84 4091.009459999998 35353.6800063 670136463.3604442 549.1308782100677
85 4091.009459999998 35342.800097633335 675873076.6514709 555.6070420742035
86 4091.009459999998 35855.93758883334 669360027.8226799 562.0937950611115
87 4091.009459999998 34766.72346746667 674125721.1415857 568.5716872215271
88 4091.009459999998 35850.70648896666 692239924.7747296 575.0892992019653
89 4091.009459999998 35182.0184619 682165281.8156939 581.5187540054321
90 4091.009459999998 34391.70428283333 674974158.459872 587.8893311023712
91 4091.009459999998 34558.601281033334 665180928.2769413 594.249655008316
92 4091.009459999998 34252.08244526667 638250876.3720167 600.6226229667664
93 4091.009459999998 33407.4347577 687194839.7626686 606.9766690731049
94 4091.009459999998 35963.57644023334 676035392.7514069 613.4066159725189
95 4091.009459999998 35230.52322743333 703375575.194518 619.7812609672546
96 4091.009459999998 37439.77400963334 654874264.8941576 626.2597999572754
97 4091.009459999998 36428.11736196666 668867578.4392648 632.68989610672
98 4091.009459999998 36908.93313776666 678143366.0411149 639.1640858650208
99 4091.009459999998 35165.832837300004 716219444.9897891 645.5536239147186
100 4091.009459999998 36367.955798233335 719599304.721492 652.0240261554718
101 4091.009459999998 36147.525507866674 695006784.6368695 658.4274020195007
102 4091.009459999998 37243.2604393 694466522.1877896 664.91264295578
103 4091.009459999998 36981.6208779 737589809.8766409 671.3757510185242
104 4091.009459999998 37398.27467193333 753744560.7861719 677.9653658866882
105 4091.009459999998 36929.45747136666 706196863.4018112 684.4100651741028
106 4091.009459999998 35501.891829566666 694374730.919964 690.8318529129028
107 4091.009459999998 34905.43844693333 630719595.3782605 697.2529771327972
108 4091.009459999998 36691.55924816666 661055575.2187626 703.7278399467468
109 4091.009459999998 34394.52214996667 626757693.8428577 710.1303012371063
110 4091.009459999998 36107.335537533334 638219074.0658128 716.5936071872711
111 4091.009459999998 37630.590901566655 703447508.0455617 723.0845980644226
112 4091.009459999998 37944.35155859999 704603793.3007544 729.6026599407196
113 4091.009459999998 36509.5525596 688553537.1285433 736.0528271198273
114 4091.009459999998 35795.2732924 678045030.4531167 742.4834978580475
115 4091.009459999998 37321.90879716667 653929013.3924309 748.9606430530548
116 4091.009459999998 37352.07149053334 669259532.1526823 755.4263160228729
117 4091.009459999998 36118.99238693333 669833568.0739956 761.8838460445404
118 4091.009459999998 36570.14224146667 653518899.8685883 768.3469412326813
119 4091.009459999998 35423.84103423334 622599682.4656559 774.7478890419006
120 4091.009459999998 33837.17666696666 602146608.3601886 781.0898962020874
121 4091.009459999998 33959.42111696667 668695252.9590122 787.4309549331665
122 4091.009459999998 33281.3737338 589639181.4641147 793.7443881034851
123 4091.009459999998 33913.019086633336 589851614.4207883 800.1017551422119
124 4091.009459999998 33033.39560876666 608885268.8954622 806.4124231338501
125 4091.009459999998 32293.339562666664 614556774.8388577 812.7464900016785
126 4091.009459999998 32605.189749733334 621824772.6381506 819.0265069007874
127 4091.009459999998 34638.27238636666 664285549.435532 825.3954269886017
128 4091.009459999998 37352.948860433324 670104543.1025183 831.8889970779419
129 4091.009459999998 36115.47825843333 731987124.6876646 838.3504259586334
130 4091.009459999998 37951.677729999996 733505268.1580188 844.8614280223846
131 4091.009459999998 37109.85639356667 727327260.0904806 851.359041929245
132 4091.009459999998 34079.442695599995 699285350.9401268 857.7743179798126
133 4091.009459999998 35665.905097866664 662343538.7191032 864.2202880382538
134 4091.009459999998 35832.7052557 709374491.8749422 870.6919779777527
135 4091.009459999998 35963.84349866666 687370349.642065 877.1486160755157
136 4091.009459999998 34895.96859916667 694059580.90534 883.5820610523224
137 4091.009459999998 35879.236608466665 699761190.5457053 890.0332291126251
138 4091.009459999998 33907.6070818 641231308.918718 896.3883390426636
139 4091.009459999998 33682.0261791 614852692.8847766 902.754940032959
140 4091.009459999998 34660.5615448 637764957.7220327 909.1824870109558
141 4091.009459999998 34584.33596776667 668466860.443485 915.6699612140656
142 4091.009459999998 34440.794551466664 654505764.1238922 922.0885820388794
143 4091.009459999998 37619.572083466664 682907225.2064316 928.6976010799408
144 4091.009459999998 37385.56428693333 726930909.2244152 935.2731230258942
145 4091.009459999998 36993.75516093333 733889533.5051063 941.7390310764313
146 4091.009459999998 36535.026713533334 680547168.6191406 948.1769649982452
147 4091.009459999998 34670.824220266666 668146078.7465228 954.5477538108826
148 4091.009459999998 34254.3439179 677809575.0654621 960.998409986496
149 4091.009459999998 34082.88682023333 681492013.1980289 967.368350982666
150 4091.009459999998 33847.89325513333 663884921.2756464 973.8059730529785
151 4091.009459999998 35683.75093913333 678997552.9000053 980.2847578525543
152 4091.009459999998 35570.15871723333 626627696.6032677 986.7598979473114
153 4091.009459999998 35750.41665846666 610485002.4773978 993.2567541599274
154 4091.009459999998 35625.11730416667 570697254.7464768 999.7526080608368
155 4091.009459999998 35605.62412506667 618110146.0950838 1006.1734702587128
156 4091.009459999998 36272.429946000004 701231039.5327497 1012.6717040538788
157 4091.009459999998 35400.34695783333 703591329.2776558 1019.1555070877075
158 4091.009459999998 35241.03315896666 676451108.4498773 1025.579066991806
159 4091.009459999998 35440.55426816666 672408615.7816104 1032.0795149803162
160 4091.009459999998 35563.057141499994 683198546.0548309 1038.4717769622803
161 4091.009459999998 35128.560552933326 646674124.1036457 1045.0593140125275
162 4091.009459999998 34981.85445033333 649107059.0342759 1051.7297599315643
163 4091.009459999998 37440.98210083333 662879631.5253675 1058.2385940551758
164 4091.009459999998 35804.631852 669090288.8192059 1064.64612698555
165 4091.009459999998 35861.78597453333 652811832.1516277 1071.0682220458984
166 4091.009459999998 34711.2866686 662482013.7562345 1077.4120118618011
167 4091.009459999998 34575.1833008 597723955.3245084 1083.8661370277405
168 4091.009459999998 36666.68242286667 663641481.7156041 1090.4260699748993
169 4091.009459999998 36022.13378263333 642595918.5271357 1096.835844039917
170 4091.009459999998 37173.66004633332 660682519.5489151 1103.3047368526459
171 4091.009459999998 36546.03558516666 624440010.4633495 1109.75661611557
172 4091.009459999998 36707.70768596666 645073143.087304 1116.2216930389404
173 4091.009459999998 36326.33527456666 611839698.5138291 1122.6405742168427
174 4091.009459999998 36877.276876133335 623483089.7776232 1129.1073529720306
175 4091.009459999998 34904.82616076667 679590626.0941663 1135.467295885086
176 4091.009459999998 35473.61760256666 657926945.2093358 1141.8336200714111
177 4091.009459999998 33468.59169073333 644497505.1030121 1148.155767917633
178 4091.009459999998 34675.8010667 649335009.7636847 1154.530174255371
179 4091.009459999998 33642.2020746 664406415.8827921 1160.846321105957
180 4091.009459999998 38403.96842056667 694447049.9767288 1167.322732925415
181 4091.009459999998 37814.79721003333 664926068.6029146 1173.7973260879517
182 4091.009459999998 35762.830660233325 607013779.1396589 1180.19682097435
183 4091.009459999998 35752.4576445 590303664.5493866 1186.6244730949402
184 4091.009459999998 34297.21404879999 686289390.5660864 1192.9601421356201
185 4091.009459999998 33291.10405853333 652335997.5441902 1199.2765679359436
186 4091.009459999998 33997.35728163333 643812553.5187728 1205.6031668186188
187 4091.009459999998 36433.658270533335 611966055.8293607 1212.0190172195435
188 4091.009459999998 34825.77549473333 635562242.9929868 1218.38041305542
189 4091.009459999998 34850.48522829999 587582794.0692518 1224.7322220802307
190 4091.009459999998 35464.8819494 628530787.9719933 1231.1184921264648
191 4091.009459999998 36666.97326596666 647425387.5510187 1237.5397050380707
192 4091.009459999998 34681.722340433334 677103245.638491 1243.8939640522003
193 4091.009459999998 35383.49988453334 666869865.991123 1250.2763738632202
194 4091.009459999998 36383.81195036667 656047180.9376876 1256.701490163803
195 4091.009459999998 36935.75938356666 719350635.0334613 1263.1442458629608
196 4091.009459999998 34863.12589806666 708063086.1144843 1269.5234680175781
197 4091.009459999998 37572.704272033334 705257722.4981846 1275.9904041290283
198 4091.009459999998 34676.43084286666 683025922.989246 1282.3581681251526
199 4091.009459999998 33692.60848613333 692566785.4290236 1288.6973731517792
200 4091.009459999998 31739.02845983334 588373311.6326721 1294.9277460575104
201 4091.009459999998 35104.2160552 652808961.91821 1301.3084199428558
202 4091.009459999998 35026.517844999995 651874483.9045073 1307.6976108551025
203 4091.009459999998 36430.9827037 650637352.2576967 1314.1434750556946
204 4091.009459999998 37810.502818433335 695307381.6787703 1320.6408369541168
205 4091.009459999998 36624.37830113333 690499370.1405389 1327.0740671157837
206 4091.009459999998 35028.75185703333 725562281.4681094 1333.452780008316
207 4091.009459999998 35725.29447293333 673924817.1244456 1339.861270904541
208 4091.009459999998 37613.61312926666 652587085.3636171 1346.3211359977722
209 4091.009459999998 36003.436281300004 677993093.0031382 1352.739914894104
210 4091.009459999998 36625.579065 665984810.8115798 1359.1960110664368
211 4091.009459999998 36335.4240367 675370270.7676481 1365.63458609581
212 4091.009459999998 33186.0568553 678035263.7990181 1372.0137920379639
213 4091.009459999998 36145.8813458 648459603.8995396 1378.4053699970245
214 4091.009459999998 37137.17294726666 693970242.651651 1384.8239679336548
215 4091.009459999998 36502.71527756667 662462609.9188657 1391.2643320560455
216 4091.009459999998 36598.528412499996 620817089.6496853 1397.740210056305
217 4091.009459999998 35827.34663663333 633787439.1596127 1404.1596240997314
218 4091.009459999998 33499.46737223333 635642318.4444284 1410.5127079486847
219 4091.009459999998 33518.39134583333 621696032.7145275 1416.8453438282013
220 4091.009459999998 35058.66617276666 619548326.3645104 1423.1864831447601
221 4091.009459999998 34053.4732782 659981553.6023278 1429.5215380191803
222 4091.009459999998 35543.53735826667 649934383.8892776 1435.9307298660278
223 4091.009459999998 35636.807338 668431945.0952901 1442.322082042694
224 4091.009459999998 37321.20215506667 620282996.8668426 1448.760558128357
225 4091.009459999998 34861.091334966666 653649914.1371678 1455.1448550224304
226 4091.009459999998 35540.966000333334 671752822.5521181 1461.6211550235748
227 4091.009459999998 34955.041361866664 649633018.2174492 1468.0042390823364
228 4091.009459999998 34748.4378813 627282337.9491519 1474.3752300739288
229 4091.009459999998 35973.49914476667 649594982.2908549 1480.7682139873505
230 4091.009459999998 35701.03308916667 592023079.9933887 1487.1523880958557
231 4091.009459999998 35509.70657756667 641143138.3465985 1493.553092956543
232 4091.009459999998 35848.58305486666 663292727.8320485 1499.9649560451508
233 4091.009459999998 35258.07644676667 652526086.477458 1506.342535018921
234 4091.009459999998 35475.12375366667 697193803.9708815 1512.7431180477142
235 4091.009459999998 35677.39711086667 694404489.4123176 1519.1336731910706
236 4091.009459999998 34307.11264026666 656487250.2816353 1525.5049040317535
237 4091.009459999998 35323.70725843333 615328730.5236466 1531.902412891388
238 4091.009459999998 33888.365994566666 667458520.5281951 1538.2218000888824
239 4091.009459999998 33883.407663633334 688148204.2328542 1544.5723838806152
240 4091.009459999998 35783.54869620001 638681136.11682 1550.9501328468323
241 4091.009459999998 35940.59557323333 679353351.3387537 1557.3361361026764
242 4091.009459999998 35772.76814116666 691383606.0513726 1563.738175868988
243 4091.009459999998 35605.91640883334 715935993.4094384 1570.135792016983
244 4091.009459999998 34876.860477166665 677911734.0900496 1576.4942681789398
245 4091.009459999998 37327.572936866665 722519328.2621832 1582.955924987793
246 4091.009459999998 38320.71847853333 705093568.4657677 1589.4381749629974
247 4091.009459999998 35477.939937033334 705964727.3153336 1595.8208129405975
248 4091.009459999998 34241.10936039999 663830396.8254226 1602.1788039207458
249 4091.009459999998 33868.91144616666 650983296.5026672 1608.5093851089478
4091.009459999998 1614.8035039901733
2
0 9223372036854775807 78063.90427099996 21053111.823719684 5.420135974884033
1 28983.90835999999 75401.9095820333 28347875.196208034 14.912117004394531
2 11717.051659999988 64312.4944947 259878587.56947902 22.93825888633728
3 6106.27931 51650.141232233334 507125984.1741386 30.01257872581482
4 5293.634649999997 43558.7504928 642795915.5974572 36.664371967315674
5 4411.227099999999 41519.35259953333 657477637.2497262 43.2956280708313
6 4382.620069999999 40215.76813456667 649631829.0067111 50.031116008758545
7 4382.620069999999 37787.0039967 692126109.9804164 56.49933695793152
8 4365.162589999996 40510.50480143334 665505905.615296 63.04298710823059
9 4365.162589999996 39280.25529836666 681177661.3113295 69.5381498336792
10 4365.162589999996 35165.32086943334 652762649.7777922 75.85073590278625
11 4365.162589999996 34743.51123503334 587016712.20683 82.16330289840698
12 4365.162589999996 36148.9807903 654281565.1090972 88.53510785102844
13 4323.175449999999 34758.347562866664 636052889.2834156 94.93681001663208
14 4290.785759999999 33594.89574569999 665136070.8260897 101.22958278656006
15 4209.196509999997 34655.37814916667 658758771.9852335 107.53671884536743
16 4209.196509999997 34479.96628866667 636935898.8332877 113.85607504844666
17 4209.196509999997 35557.1889658 660802252.3387685 120.23715376853943
18 4209.196509999997 36663.1230355 639921902.5909904 126.70807600021362
19 4136.057669999996 36843.3563293 675749748.3481487 133.14098596572876
20 4136.057669999996 36379.3031522 659430097.4327133 139.55333995819092
21 4136.057669999996 32015.53430856667 643654573.6950067 145.7991077899933
22 4136.057669999996 34956.71695756666 650144391.6859694 152.1639199256897
23 4136.057669999996 35922.54541266667 717979922.6609695 158.5367259979248
24 4091.009459999998 38151.468071999996 684259051.7518955 164.98431086540222
25 4091.009459999998 36204.4267284 654070584.4215188 171.41552996635437
26 4091.009459999998 35411.3146215 668742708.0672784 177.78851294517517
27 4091.009459999998 34755.67103176667 650532917.0983654 184.13068389892578
28 4091.009459999998 35673.742629333334 656566472.5606258 190.54165506362915
29 4091.009459999998 34702.305393233335 658805689.1538234 196.89610075950623
30 4091.009459999998 36518.8051894 660880186.9806945 203.32688283920288
31 4091.009459999998 33716.58672956667 660802960.4231515 209.65291500091553
32 4091.009459999998 31726.08993233333 591511284.3106459 215.87530708312988
33 4091.009459999998 33423.695878766666 616475683.9996258 222.19674491882324
34 4091.009459999998 32972.46331103333 628188235.5753995 228.5097119808197
35 4091.009459999998 32644.44180473333 645548722.6211462 234.79024577140808
36 4091.009459999998 33299.898409099995 685429611.1943278 241.10757684707642
37 4091.009459999998 34730.44275056666 700895471.8177954 247.4658489227295
38 4091.009459999998 36433.27839013333 678269598.0068393 253.89063596725464
39 4091.009459999998 37082.988619133335 702543839.7923354 260.3364701271057
40 4091.009459999998 37609.3653644 704357571.4273472 266.7881600856781
41 4091.009459999998 36462.23158373333 660471525.526343 273.2313129901886
42 4091.009459999998 37692.95637553334 611198982.7352631 279.70369386672974
43 4091.009459999998 37055.893303533325 686236849.66545 286.1304268836975
44 4091.009459999998 37578.587283266665 741114364.2280194 292.58735489845276
45 4091.009459999998 33687.0872223 630517785.8864012 298.91240882873535
46 4091.009459999998 31671.066987433333 632702609.7869197 305.13959193229675
47 4091.009459999998 34162.925196733326 670990529.245859 311.4484260082245
48 4091.009459999998 34761.20983926666 657341243.6433655 317.81535482406616
49 4091.009459999998 34122.07446546667 646161771.3527083 324.1502537727356
50 4091.009459999998 36312.056860033335 665577709.140614 330.57163977622986
51 4091.009459999998 32832.598640933335 649323014.4411768 336.85530185699463
52 4091.009459999998 32804.557759933334 621658485.7564236 343.13731694221497
53 4091.009459999998 34128.68889079999 664263626.7474649 349.4393627643585
54 4091.009459999998 33033.281406433336 611596634.3953927 355.70714688301086
55 4091.009459999998 32581.19020563333 637079958.7893926 361.9829158782959
56 4091.009459999998 31966.180818333327 618083451.0542116 368.20925998687744
57 4091.009459999998 32912.2992209 645619740.1657182 374.473317861557
58 4091.009459999998 33407.71935 663973921.5036039 380.7609050273895
59 4091.009459999998 34362.84574696667 683415847.7643738 387.1009087562561
60 4091.009459999998 36105.88851503333 639733919.9361556 393.4980900287628
61 4091.009459999998 38242.11462916667 629904905.7885221 399.9917998313904
62 4091.009459999998 36492.46703873333 652740396.0635172 406.4118928909302
63 4091.009459999998 36710.51371019999 617388866.7300531 412.83532977104187
64 4091.009459999998 35630.3803208 663617773.786123 419.2067337036133
65 4091.009459999998 37109.13275236667 643641590.4880601 425.6363117694855
66 4091.009459999998 36537.9221972 644320575.2435728 432.05702686309814
67 4091.009459999998 35341.26921366667 676450991.266295 438.4273319244385
68 4091.009459999998 35690.59429156667 632467118.0899379 444.8121831417084
69 4091.009459999998 33763.11522236667 620651369.9054036 451.16003370285034
70 4091.009459999998 34607.4126674 631630463.371263 457.5062017440796
71 4091.009459999998 33277.66587396667 691412360.898797 463.80723094940186
72 4091.009459999998 31768.435130333328 657154128.4646661 470.0506088733673
73 4091.009459999998 37910.050484566666 680877574.90681 476.521488904953
74 4091.009459999998 37315.15017279999 629803335.2680786 482.95550179481506
75 4091.009459999998 37124.3914072 648290778.8004935 489.36823773384094
76 4091.009459999998 37200.43161113333 650112284.2790295 495.82496905326843
77 4091.009459999998 37343.048587333324 679344699.0548301 502.2866938114166
78 4091.009459999998 37036.55489679999 663127947.2301615 508.7226779460907
79 4091.009459999998 35406.882106933335 665327532.390777 515.0841798782349
80 4091.009459999998 35157.11457586666 682481110.3866135 521.4239120483398
81 4091.009459999998 36073.35269559999 667180439.2419256 527.8497838973999
82 4091.009459999998 35489.33450136667 634212758.2342046 534.2326920032501
83 4091.009459999998 35482.790688199995 660721795.9926544 540.633496761322
84 4091.009459999998 34236.2561848 662431730.5784829 546.9663927555084
85 4091.009459999998 37052.525875566665 671053907.7968663 553.4067647457123
86 4091.009459999998 35544.28321059999 688269750.9253469 559.7903039455414
87 4091.009459999998 34360.941391266664 718885014.3116176 566.1331028938293
88 4091.009459999998 33354.46222783333 706535496.9847616 572.4502379894257
89 4091.009459999998 33575.83569563333 698784344.1786871 578.7725787162781
90 4091.009459999998 33541.438552733336 649772300.2006395 585.1241528987885
91 4091.009459999998 30736.579132299994 653282254.8413291 591.3441998958588
92 4091.009459999998 33231.099948233335 645280438.7236221 597.6821320056915
93 4091.009459999998 34701.365828233334 674772225.4022273 604.0267658233643
94 4091.009459999998 33766.48221083333 632236699.2520418 610.3414568901062
95 4091.009459999998 35061.12956056666 647771988.1009859 616.7371699810028
96 4091.009459999998 33750.77446356667 629392710.3044627 623.0457518100739
97 4091.009459999998 35044.70726373333 644006730.7912986 629.4246180057526
98 4091.009459999998 34815.96548459999 677131438.4476593 635.8910098075867
99 4091.009459999998 35605.332415699995 668822302.2265481 642.2832398414612
100 4091.009459999998 37399.71992406667 673793995.4677131 648.7576189041138
101 4091.009459999998 35177.3620287 638639044.9306443 655.1387858390808
102 4091.009459999998 36850.01752019999 693793805.2929074 661.5923988819122
103 4091.009459999998 37296.482319266666 665888647.8125799 668.0618000030518
104 4091.009459999998 37558.70885456666 678921305.3605766 674.5333247184753
105 4091.009459999998 35395.70117093333 613050766.4324287 680.9206910133362
106 4091.009459999998 34928.199581266665 617464527.4258767 687.3073499202728
107 4091.009459999998 34141.115447366676 585817896.0201845 693.6387047767639
108 4091.009459999998 34805.94810056667 622804929.3303831 699.9878718852997
109 4091.009459999998 33395.816504066664 604114345.7246957 706.3030879497528
110 4091.009459999998 33649.94939513333 618712839.6460769 712.6229929924011
111 4091.009459999998 33577.95540109999 648773910.6799406 718.9371719360352
112 4091.009459999998 32416.3172371 603781682.184405 725.2003347873688
113 4091.009459999998 31423.31386286667 566833524.128598 731.4550757408142
114 4091.009459999998 33098.0252943 628925008.2055258 737.7710928916931
115 4091.009459999998 33969.1745791 631978682.4608197 744.1252160072327
116 4091.009459999998 34788.102124100005 627488764.8297591 750.4997267723083
117 4091.009459999998 35463.8883443 682751688.0911243 756.9069678783417
118 4091.009459999998 35521.79843713333 673789744.343961 763.3054311275482
119 4091.009459999998 35667.64622519999 636296474.8553879 769.6812238693237
120 4091.009459999998 36291.33283863333 656117034.6223474 776.0856459140778
121 4091.009459999998 38018.28946616667 673180549.0138886 782.5507299900055
122 4091.009459999998 36519.574061366664 687137432.8310598 788.9978728294373
123 4091.009459999998 37244.82508153333 647877416.9307652 795.4640028476715
124 4091.009459999998 35843.94851833334 652897273.2541709 801.8657627105713
125 4091.009459999998 35718.35601243333 644922743.3042743 808.2733020782471
126 4091.009459999998 37964.02491926667 725794817.2240086 814.7545080184937
127 4091.009459999998 36423.428485833334 642661120.6032627 821.1884958744049
128 4091.009459999998 33897.862200699994 600248059.6870819 827.5325818061829
129 4091.009459999998 36078.19143286667 659838395.8895108 833.9713139533997
130 4091.009459999998 35166.84205843333 651279669.3749983 840.3678007125854
131 4091.009459999998 37373.13263763333 666537408.7185537 846.8524639606476
132 4091.009459999998 32414.426049599995 595208715.7177019 853.142725944519
133 4091.009459999998 33012.936464766666 662250921.113965 859.4700548648834
134 4091.009459999998 33497.152844599994 638927654.0355666 865.7801768779755
135 4091.009459999998 34755.5098909 664713529.7536392 872.141135931015
136 4091.009459999998 37262.39147829999 681537221.5829508 878.6009738445282
137 4091.009459999998 38748.2694029 621864195.1748363 885.1996219158173
138 4091.009459999998 38722.27027599999 649197215.8865145 891.7027490139008
139 4091.009459999998 37131.470196266666 650640798.6944885 898.157616853714
140 4091.009459999998 36609.69759406667 645949977.2650391 904.6094439029694
141 4091.009459999998 36934.46999833333 654821674.2711626 911.0557389259338
142 4091.009459999998 36283.53006733333 638011102.368767 917.4913239479065
143 4091.009459999998 35067.26631086666 708288032.0350196 923.8588271141052
144 4091.009459999998 35681.94715916666 651114574.9344026 930.2698168754578
145 4091.009459999998 36859.03242446666 693372172.6160357 936.697163105011
146 4091.009459999998 35831.1285945 663243893.2186683 943.0843918323517
147 4091.009459999998 36177.35424783334 675853677.6803699 949.4930250644684
148 4091.009459999998 33677.85354286667 650747722.4203129 955.8293168544769
149 4091.009459999998 35080.15968383334 643001454.7886394 962.2247579097748
150 4091.009459999998 35136.686984700005 652972650.1575149 968.6132388114929
151 4091.009459999998 35348.684546866665 682675793.9562346 975.003458738327
152 4091.009459999998 34485.676464966666 649119188.206667 981.3495481014252
153 4091.009459999998 34403.284644700005 615552098.7855874 987.712388753891
154 4091.009459999998 35938.796929833334 638155923.3520976 994.1498990058899
155 4091.009459999998 34863.78750243333 636793662.9999686 1000.5075778961182
156 4091.009459999998 33285.1481903 628057204.4670007 1006.8229687213898
157 4091.009459999998 36092.15794586666 708983356.4219011 1013.2406299114227
158 4091.009459999998 36036.6146215 728192239.1966538 1019.6601219177246
159 4091.009459999998 35217.645923766664 701733285.3795398 1026.0319497585297
160 4091.009459999998 37106.64703663333 727966820.802162 1032.491504907608
161 4091.009459999998 36736.72076409999 687186181.4974161 1038.9365119934082
162 4091.009459999998 37214.94361896667 648507766.6514302 1045.4003689289093
163 4091.009459999998 36999.700695299995 634580008.4458336 1051.8457627296448
164 4091.009459999998 36173.37418093334 649588184.6479156 1058.2500088214874
165 4091.009459999998 34938.6175316 674526190.6402657 1064.63778591156
166 4091.009459999998 33134.78201936666 618496068.284919 1070.943253993988
167 4091.009459999998 34178.1389822 684760365.8917295 1077.27272605896
168 4091.009459999998 36599.3634111 685890166.7147614 1083.6968078613281
169 4091.009459999998 36829.87684576666 700877504.0039701 1090.1676506996155
170 4091.009459999998 36101.794163099985 692298517.0477368 1096.5845398902893
171 4091.009459999998 35631.181787833324 699589779.5786119 1102.9875857830048
172 4091.009459999998 38272.30589463333 684310607.9878529 1109.4830899238586
173 4091.009459999998 36528.320546266674 677469143.5689303 1115.9224798679352
174 4091.009459999998 34631.61618246667 681434632.8655638 1122.2757368087769
175 4091.009459999998 36812.46429446666 646735287.9817826 1128.7284560203552
176 4091.009459999998 36022.44668649999 678885171.6537776 1135.1328089237213
177 4091.009459999998 34614.47159646666 655465858.6736994 1141.4866528511047
178 4091.009459999998 34093.701139666664 671352624.6661887 1147.8325078487396
179 4091.009459999998 35254.4214304 676479885.0665286 1154.2145040035248
180 4091.009459999998 34558.049115400005 696983331.492763 1160.5625727176666
181 4091.009459999998 34518.95268573333 701000080.557265 1166.9104309082031
182 4091.009459999998 34191.84154763333 686091599.647032 1173.2524707317352
183 4091.009459999998 34358.75051396667 709677934.2632519 1179.5944678783417
184 4091.009459999998 33486.94808503333 661777542.1293803 1185.8969600200653
185 4091.009459999998 35894.27437373334 689336312.5069098 1192.299439907074
186 4091.009459999998 34811.07368376666 659489635.3649969 1198.6780338287354
187 4091.009459999998 35412.425879966664 657730098.4698943 1205.0631160736084
188 4091.009459999998 34878.464632833326 659288466.7914593 1211.4161627292633
189 4091.009459999998 34714.75421683333 645757481.4035527 1217.766314983368
190 4091.009459999998 34447.7082859 638194370.5524007 1224.1374399662018
191 4091.009459999998 34597.76461386667 606038838.0660691 1230.5221118927002
192 4091.009459999998 34344.06360003333 615249314.3277643 1236.8712677955627
193 4091.009459999998 34108.99855236666 623884436.1035204 1243.2118389606476
194 4091.009459999998 35014.4866971 655348246.175577 1249.603296995163
195 4091.009459999998 35014.066076133335 652478654.9927405 1255.9945149421692
196 4091.009459999998 35257.26460773334 627694032.5824988 1262.3880157470703
197 4091.009459999998 35216.13715709999 678319291.0917861 1268.7412729263306
198 4091.009459999998 36862.51729329999 706083931.4369533 1275.1760919094086
199 4091.009459999998 35725.67640533333 678765259.5024921 1281.5629308223724
200 4091.009459999998 38535.8074878 681862742.1696352 1288.0722618103027
201 4091.009459999998 35093.79090246666 700839188.5511131 1294.466880083084
202 4091.009459999998 36802.450839 689180624.7926258 1300.933117866516
203 4091.009459999998 37319.071845633334 643546067.3946856 1307.3807709217072
204 4091.009459999998 36975.910572999994 659124344.9604567 1313.842516899109
205 4091.009459999998 35635.28687263333 612495364.7650187 1320.23521900177
206 4091.009459999998 36061.56305229999 644179983.2598774 1326.639436006546
207 4091.009459999998 32721.946265199993 644900634.9176078 1332.9349818229675
208 4091.009459999998 32517.3436445 650417199.679313 1339.2342789173126
209 4091.009459999998 34033.115977299996 682925289.2777928 1345.5641920566559
210 4091.009459999998 34422.81966846666 637844870.4061873 1351.9194829463959
211 4091.009459999998 33881.640117933326 655877347.4531823 1358.2824430465698
212 4091.009459999998 34028.125688199994 647025830.6876516 1364.6267879009247
213 4091.009459999998 33390.65031713333 661586356.0928953 1370.923367023468
214 4091.009459999998 33961.449882266665 727001114.4248827 1377.2697339057922
215 4091.009459999998 35779.50231593333 708670899.7099121 1383.6668758392334
216 4091.009459999998 34571.5483823 642189087.4788895 1390.0098130702972
217 4091.009459999998 35728.41894676666 619003844.4905045 1396.4025197029114
218 4091.009459999998 36087.456303666666 661320225.4432884 1402.8063099384308
219 4091.009459999998 36031.1562154 685598545.8482947 1409.219920873642
220 4091.009459999998 37865.09107379999 690985657.8744409 1415.701456785202
221 4091.009459999998 38758.75332583333 655433779.3791227 1422.1925449371338
222 4091.009459999998 35702.86095323333 691525339.8940251 1428.5748798847198
223 4091.009459999998 35575.858489833336 638462943.313065 1434.96590590477
224 4091.009459999998 35502.42560046667 686578846.5467987 1441.3487057685852
225 4091.009459999998 36320.8793767 687913623.3979747 1447.775379896164
226 4091.009459999998 35178.605566666665 620613494.7723792 1454.1707079410553
227 4091.009459999998 34191.532006299996 636209475.289067 1460.504618883133
228 4091.009459999998 36916.95190869999 655057426.8319386 1466.9517369270325
229 4091.009459999998 35415.47035956666 636608948.0046 1473.3456909656525
230 4091.009459999998 35642.077429799996 683693884.1961186 1479.7405860424042
231 4091.009459999998 37180.88985156666 663154435.8260616 1486.2073168754578
232 4091.009459999998 34729.05054706667 623039851.2339805 1492.5837008953094
233 4091.009459999998 34809.4019774 625348590.0650791 1498.9685759544373
234 4091.009459999998 35526.15241243333 609936810.32824 1505.3723657131195
235 4091.009459999998 34462.74788243334 606656779.3787917 1511.706391096115
236 4091.009459999998 35316.4698307 610698155.8330332 1518.0928568840027
237 4091.009459999998 34064.56842313333 636246130.790493 1524.4314229488373
238 4091.009459999998 35628.20799423333 654910627.541603 1530.8141298294067
239 4091.009459999998 36099.73570899999 635891183.3192179 1537.2342388629913
240 4091.009459999998 35654.393431666664 613299838.8533026 1543.6469287872314
241 4091.009459999998 35396.5818166 643922143.6149517 1550.0340909957886
242 4091.009459999998 36503.8149801 666824515.1216935 1556.4722819328308
243 4091.009459999998 35285.25374283334 635715699.8911533 1562.8439888954163
244 4091.009459999998 35439.90054153333 682609347.4729205 1569.2372109889984
245 4091.009459999998 34130.07077523333 608968416.6999534 1575.589314699173
246 4091.009459999998 35562.954525266665 656941786.7218792 1581.9774549007416
247 4091.009459999998 36078.9865325 634934461.5068558 1588.3818109035492
248 4091.009459999998 37212.51390316666 644010696.2313457 1594.8263068199158
249 4091.009459999998 36580.01694956666 625387429.1161778 1601.2511429786682
4091.009459999998 1607.6674318313599
3
0 9223372036854775807 77681.90401599999 20933287.05735868 5.367164134979248
1 27264.69364 74340.68817659997 39181600.268969424 14.637797117233276
2 10115.429399999994 64168.008299499976 272075596.1056605 22.54104495048523
3 7162.2077100000015 51467.53675026665 515557952.96810585 29.595832109451294
4 6521.494629999998 45236.80631276667 633173754.7403243 36.34277820587158
5 5183.160010000002 40952.12721393333 595039862.3419744 42.866382122039795
6 5183.160010000002 37658.36773883333 601310485.5713785 49.297112226486206
7 4340.430499999999 38159.13317403333 645373004.377184 55.705533266067505
8 4340.430499999999 37366.6166059 640574432.8681294 62.06862998008728
9 4257.495259999999 38098.87323136667 691985130.6689036 68.49912023544312
10 4257.495259999999 36240.991302266666 711806939.257791 74.89593815803528
11 4257.495259999999 34109.03481796666 639603356.9121692 81.22597813606262
12 4257.495259999999 34878.79472986666 678408328.3883256 87.55967926979065
13 4257.495259999999 34286.499794899995 638580846.625014 93.86375117301941
14 4257.495259999999 35402.02906196666 640253183.4489784 100.22341918945312
15 4257.495259999999 34539.59434656666 619813561.6214764 106.52349019050598
16 4257.495259999999 35034.414555033334 660130292.0873137 112.863272190094
17 4201.653289999998 35907.50647486666 695442864.3480225 119.23185205459595
18 4201.653289999998 35260.129607899995 673360715.5945464 125.56577515602112
19 4201.653289999998 36987.0400321 718491343.1748312 131.9760980606079
20 4201.653289999998 36391.46083233334 680847460.6949662 138.34165501594543
21 4143.761449999996 36882.07719906667 638124152.2613895 144.73216724395752
22 4143.761449999996 35736.908535266666 619107368.954155 151.09263825416565
23 4143.761449999996 32919.30544689999 622006901.7547524 157.35541033744812
24 4143.761449999996 32498.348883266666 623502224.5453558 163.57535529136658
25 4143.761449999996 36962.32291916667 621515994.2984892 169.98012733459473
26 4091.009459999998 34396.39785973333 690240532.6968075 176.27050232887268
27 4091.009459999998 34027.71144726667 670818953.8564045 182.56656622886658
28 4091.009459999998 33676.50546233333 637821153.5033714 188.86160111427307
29 4091.009459999998 33276.84529183333 655747460.7391144 195.1684432029724
30 4091.009459999998 34594.31176049999 666597533.1857146 201.50670838356018
31 4091.009459999998 34929.9541881 672696521.9640707 207.85530638694763
32 4091.009459999998 32795.64395436667 658342029.2317591 214.15282201766968
33 4091.009459999998 32431.6645339 662783361.6610153 220.41873621940613
34 4091.009459999998 32572.087304599994 617004258.3136871 226.68664121627808
35 4091.009459999998 33316.31033663333 655261959.4818478 232.97559428215027
36 4091.009459999998 31974.229686433333 604459044.0508988 239.2149293422699
37 4091.009459999998 33049.108324999994 601784434.2224815 245.51149916648865
38 4091.009459999998 33725.06754633333 602230464.1577314 251.81427216529846
39 4091.009459999998 34809.803149666666 590125117.9541095 258.159597158432
40 4091.009459999998 33593.77557993333 640786799.075342 264.47193717956543
41 4091.009459999998 35193.11395223333 632791203.6655054 270.8416540622711
42 4091.009459999998 38231.653782400004 664401939.0626999 277.31497025489807
43 4091.009459999998 36564.02466326667 671778141.9658645 283.7331199645996
44 4091.009459999998 39016.8319326 676398652.4671056 290.25415325164795
45 4091.009459999998 35074.56284066667 711669922.1899251 296.613299369812
46 4091.009459999998 34650.08280783333 721089971.2189138 302.94056820869446
47 4091.009459999998 34413.20137356666 644494071.7629043 309.2760262489319
48 4091.009459999998 35026.66389976667 684754319.4887402 315.62675523757935
49 4091.009459999998 32436.822636866662 635663695.8743634 321.873761177063
50 4091.009459999998 31803.28475866667 613814512.0113189 328.11701226234436
51 4091.009459999998 33853.7334149 670245696.2416734 334.4478051662445
52 4091.009459999998 36598.79318090001 695043497.8517214 340.8846261501312
53 4091.009459999998 35626.15901833333 688417337.4715289 347.3055820465088
54 4091.009459999998 35488.11091516666 691696589.8655038 353.6868553161621
55 4091.009459999998 35560.23017253333 678501761.8320912 360.06342911720276
56 4091.009459999998 35749.27453426666 643612034.4040124 366.4357821941376
57 4091.009459999998 34688.04175783333 664837725.2589375 372.78593039512634
58 4091.009459999998 34247.11973773333 662554060.4587187 379.139436006546
59 4091.009459999998 35036.67742286667 627162515.0807157 385.50383734703064
60 4091.009459999998 35145.71324883333 631486108.3400165 391.88734316825867
61 4091.009459999998 35251.91409423333 650087384.206438 398.2851722240448
62 4091.009459999998 34026.38372143333 644619939.6114643 404.6129791736603
63 4091.009459999998 34430.3506045 629659994.3362743 410.9535381793976
64 4091.009459999998 33279.6979848 624501713.7576462 417.25887417793274
65 4091.009459999998 32413.812885533334 579688114.9973596 423.5331962108612
66 4091.009459999998 34283.161916 587938172.3993973 429.8481693267822
67 4091.009459999998 32887.013166 617975037.1656475 436.12729024887085
68 4091.009459999998 34689.71477206667 643825447.891518 442.49240708351135
69 4091.009459999998 35872.1119307 672448101.7537396 448.87130427360535
70 4091.009459999998 34170.225542033324 623094353.7078454 455.22229623794556
71 4091.009459999998 34686.280227166666 643448569.4626209 461.57516741752625
72 4091.009459999998 35291.853029499995 657455210.2325557 467.9420852661133
73 4091.009459999998 35171.31820096666 652956809.0670116 474.30412125587463
74 4091.009459999998 35317.9825554 654867938.8675565 480.69439005851746
75 4091.009459999998 37094.69088806667 659521537.9469472 487.13625025749207
76 4091.009459999998 37672.52397856666 651174245.3678738 493.5972390174866
77 4091.009459999998 35467.8322826 683619081.646337 500.0225200653076
78 4091.009459999998 34645.63355023333 635924843.3854623 506.36985325813293
79 4091.009459999998 35990.542341 617267477.1533206 512.7913191318512
80 4091.009459999998 36690.612054433324 596078215.4878306 519.244948387146
81 4091.009459999998 37571.22990120001 639914644.2783452 525.7041273117065
82 4091.009459999998 36546.856277599996 659791058.3960853 532.1113221645355
83 4091.009459999998 36941.73006709999 659505491.3036015 538.5651640892029
84 4091.009459999998 35858.73222603334 693944638.641259 544.9773943424225
85 4091.009459999998 32110.34264463333 634506371.6817178 551.2300522327423
86 4091.009459999998 37138.371971466666 719587389.0620782 557.6626350879669
87 4091.009459999998 35556.35945916667 701776636.3539578 564.0422742366791
88 4091.009459999998 37489.32867656667 653323734.2542118 570.495391368866
89 4091.009459999998 35708.48023766666 641023624.883974 576.9014682769775
90 4091.009459999998 35910.647615266666 666436923.3807889 583.327959060669
91 4091.009459999998 34492.11311083333 659419490.0430884 589.6737411022186
92 4091.009459999998 34265.165867033335 646849664.5958586 596.0632183551788
93 4091.009459999998 34657.8111649 658197028.3589855 602.4011032581329
94 4091.009459999998 33939.805860533335 641709025.1534104 608.7126212120056
95 4091.009459999998 33742.008012666665 648531695.9015414 615.0611271858215
96 4091.009459999998 37070.446512999995 691302259.1800815 621.4873032569885
97 4091.009459999998 35794.9880519 668553078.709675 627.8779692649841
98 4091.009459999998 35350.3033925 642500691.7894621 634.2607481479645
99 4091.009459999998 33506.287898033326 644390920.9750168 640.593756198883
100 4091.009459999998 33508.21504333334 661775270.0578898 646.9052903652191
101 4091.009459999998 34489.4042628 647752056.8837425 653.282888174057
102 4091.009459999998 34799.380594199996 671663782.6109763 659.6485450267792
103 4091.009459999998 34316.149878066666 584821358.9891769 666.0089092254639
104 4091.009459999998 35705.86160476666 602490834.3507932 672.4102022647858
105 4091.009459999998 35591.00281733333 647769186.1771551 678.8107693195343
106 4091.009459999998 36090.830254366665 651051613.2580819 685.2098712921143
107 4091.009459999998 34308.00131773333 630287628.8663876 691.5555760860443
108 4091.009459999998 34393.14673096667 633276672.6100882 697.8992593288422
109 4091.009459999998 34535.0863953 646186051.1826115 704.2455673217773
110 4091.009459999998 32453.493012366667 646364486.4611102 710.5136640071869
111 4091.009459999998 34727.08341656666 658018711.1819465 716.8809940814972
112 4091.009459999998 33966.56731893333 612028302.334192 723.2075021266937
113 4091.009459999998 35412.66607746667 629655099.3076149 729.5603849887848
114 4091.009459999998 34084.872334633335 673891005.4473606 735.9106843471527
115 4091.009459999998 34431.240600599995 622621925.9636216 742.2799999713898
116 4091.009459999998 32705.6072877 613883305.3260185 748.5757203102112
117 4091.009459999998 34540.17872066667 610584432.331705 754.9445962905884
118 4091.009459999998 35424.680569066666 612821850.8766966 761.3510582447052
119 4091.009459999998 36736.383682733336 616340461.3134809 767.7975432872772
120 4091.009459999998 33874.066487766664 612191845.3403904 774.1965162754059
121 4091.009459999998 34856.001489333335 631507157.3644314 780.5777730941772
122 4091.009459999998 34074.023392233335 605724934.3443561 786.9145522117615
123 4091.009459999998 33933.27111856667 632802649.819104 793.2481002807617
124 4091.009459999998 33617.66795293333 618547826.378393 799.5543353557587
125 4091.009459999998 34269.0636187 601948952.1184423 805.9090790748596
126 4091.009459999998 35787.11165866666 682603510.528385 812.3014090061188
127 4091.009459999998 33860.96872123333 628924925.7010213 818.6410391330719
128 4091.009459999998 34590.49660313333 668763019.8920876 824.983766078949
129 4091.009459999998 35844.240336033334 660226865.0362952 831.3832952976227
130 4091.009459999998 38904.24686376667 596054583.4054291 837.9065861701965
131 4091.009459999998 36423.7148749 649924799.8665503 844.3268601894379
132 4091.009459999998 33231.37992976667 613693230.1873235 850.6530072689056
133 4091.009459999998 33856.03356853333 607687325.4645133 856.9854190349579
134 4091.009459999998 32691.6397882 620546150.2243323 863.2706301212311
135 4091.009459999998 32532.533654599996 610170187.7461262 869.5512502193451
136 4091.009459999998 34871.49761086667 630375629.1058488 875.9110383987427
137 4091.009459999998 36173.022232166666 682204846.589601 882.3219051361084
138 4091.009459999998 33380.882391600004 650237333.1064796 888.6416203975677
139 4091.009459999998 34278.190342 634456451.1755387 894.9960823059082
140 4091.009459999998 33193.77477226667 616354351.2026972 901.3125052452087
141 4091.009459999998 35268.95778776667 627806157.1614696 907.7066171169281
142 4091.009459999998 36699.7187572 677905474.8279566 914.166579246521
143 4091.009459999998 37829.800039166665 662389890.0769911 920.6670162677765
144 4091.009459999998 35903.57314133333 628229222.2329792 927.0514481067657
145 4091.009459999998 34606.95372023333 700601195.9775616 933.4065611362457
146 4091.009459999998 35145.23549443333 681395622.8801135 939.776926279068
147 4091.009459999998 36670.12246956666 658196906.8462265 946.2015070915222
148 4091.009459999998 35422.68072033333 652131778.2858082 952.5754342079163
149 4091.009459999998 36838.66089826667 672259382.3356125 958.9869513511658
150 4091.009459999998 35387.7595745 652013972.5251772 965.3446300029755
151 4091.009459999998 35980.24481219999 681446498.3654394 971.7299251556396
152 4091.009459999998 38238.850112633336 651837968.0930041 978.2294731140137
153 4091.009459999998 34216.30997143333 616300529.6767694 984.5790421962738
154 4091.009459999998 32986.9397502 672707989.1980289 990.8615663051605
155 4091.009459999998 34344.1320867 670469766.2755096 997.1844792366028
156 4091.009459999998 33719.7907478 633606705.8549087 1003.5021543502808
157 4091.009459999998 32618.01943416667 619393732.6408303 1009.7967600822449
158 4091.009459999998 32014.92614126666 589753554.9021897 1016.0649092197418
159 4091.009459999998 33218.22990633333 672218525.1437888 1022.3893864154816
160 4091.009459999998 31843.316666833336 616622358.0169396 1028.6370780467987
161 4091.009459999998 35093.92219386667 642890312.8523566 1035.0076801776886
162 4091.009459999998 36735.6321147 729237060.3031647 1041.4248502254486
163 4091.009459999998 34504.577831799994 661102838.1946584 1047.7818150520325
164 4091.009459999998 33737.63740249999 695351369.5022408 1054.0961983203888
165 4091.009459999998 32270.685206366667 660697827.8176837 1060.3738050460815
166 4091.009459999998 32142.08041656666 646713187.8229425 1066.6400430202484
167 4091.009459999998 32634.603511333327 642007820.4631995 1072.9125323295593
168 4091.009459999998 33679.63677056666 567736491.4351678 1079.2271251678467
169 4091.009459999998 35169.996043633335 639493492.0795978 1085.6152172088623
170 4091.009459999998 35547.611443066664 661111982.246354 1091.996323108673
171 4091.009459999998 35808.65462783333 671488392.601839 1098.3937010765076
172 4091.009459999998 35300.17836733334 679589559.2154084 1104.7503061294556
173 4091.009459999998 36315.1034992 678502273.346582 1111.1664481163025
174 4091.009459999998 36021.71370380001 677396146.8100598 1117.5735032558441
175 4091.009459999998 37457.78287626666 649417039.9319264 1124.0251309871674
176 4091.009459999998 39084.529373933336 669710902.5683169 1130.5502650737762
177 4091.009459999998 35869.196098999986 649350448.2181946 1136.9446511268616
178 4091.009459999998 36753.222247833335 677835308.5891382 1143.356837272644
179 4091.009459999998 36347.46942653333 648898500.6173799 1149.7604432106018
180 4091.009459999998 37623.0851242 594165186.9454714 1156.2480092048645
181 4091.009459999998 34730.20650676666 634296561.7076659 1162.5984451770782
182 4091.009459999998 35722.992339699995 662668620.3572406 1168.9873311519623
183 4091.009459999998 34483.48872783333 693591845.7974246 1175.349948167801
184 4091.009459999998 32983.68629283333 644744800.0985 1181.6222252845764
185 4091.009459999998 34862.53704333333 706618946.8463794 1187.9816031455994
186 4091.009459999998 33399.1385284 637341556.6636759 1194.2729132175446
187 4091.009459999998 33837.4424989 657871294.7079499 1200.6237432956696
188 4091.009459999998 33971.192885699995 612727506.9016156 1206.9811141490936
189 4091.009459999998 34227.77715993333 661694407.4806707 1213.3147411346436
190 4091.009459999998 33996.435383733326 647932406.4617186 1219.663500070572
191 4091.009459999998 35668.27618639999 684975456.0965981 1226.0700271129608
192 4091.009459999998 34025.36970416666 610746720.4706001 1232.3833100795746
193 4091.009459999998 36511.7698987 658691761.4032662 1238.8285491466522
194 4091.009459999998 34474.61015983333 599202741.957577 1245.193703174591
195 4091.009459999998 35740.60725346667 646059667.8043462 1251.5911784172058
196 4091.009459999998 35672.615977400004 653063778.1310091 1257.9861311912537
197 4091.009459999998 37405.578618333326 668456581.7658643 1264.4587051868439
198 4091.009459999998 37317.72080973333 634836172.751318 1270.8936522006989
199 4091.009459999998 37374.5972989 668499265.9579425 1277.3535730838776
200 4091.009459999998 35129.298905033334 677170034.4422389 1283.735690355301
201 4091.009459999998 36138.52535336666 681130969.0565709 1290.1614892482758
202 4091.009459999998 35530.11532483333 691012791.7123348 1296.5615491867065
203 4091.009459999998 35461.263424100005 698586620.057183 1302.9617750644684
204 4091.009459999998 34054.33136066666 634653271.0400923 1309.3003063201904
205 4091.009459999998 33773.07495343332 618779555.9020456 1315.6503942012787
206 4091.009459999998 33520.491486599996 626420333.525914 1321.972450017929
207 4091.009459999998 33377.41940383332 649939526.2944846 1328.3012931346893
208 4091.009459999998 33832.169470433335 679854589.2163849 1334.6708302497864
209 4091.009459999998 35399.92847616667 684444490.628172 1341.0877432823181
210 4091.009459999998 34028.128450899996 681005777.5838132 1347.3953170776367
211 4091.009459999998 35707.0199024 620638356.5400448 1353.7987360954285
212 4091.009459999998 36096.692422266664 636322288.7837701 1360.1887910366058
213 4091.009459999998 34452.38052496667 606341853.4944558 1366.529090166092
214 4091.009459999998 35548.1993092 618898215.4080122 1372.9605450630188
215 4091.009459999998 35268.8121156 611496466.1149298 1379.3429131507874
216 4091.009459999998 34313.45420956668 609299858.6911781 1385.710764169693
217 4091.009459999998 33381.525672899996 668615589.4419965 1392.0367181301117
218 4091.009459999998 33324.088535166666 635405820.8697001 1398.3490872383118
219 4091.009459999998 32854.171949200005 576836254.5601162 1404.6282303333282
220 4091.009459999998 33809.45960016667 582881988.5869586 1411.0127620697021
221 4091.009459999998 36244.182385266664 622317727.3816861 1417.4326860904694
222 4091.009459999998 35066.62826413333 591644177.357507 1423.8168921470642
223 4091.009459999998 34755.18873573334 598036857.4678483 1430.1527433395386
224 4091.009459999998 36561.25256393333 628252369.7653866 1436.593325138092
225 4091.009459999998 35527.9559234 580962908.6689473 1442.9820652008057
226 4091.009459999998 35028.650410199996 635219923.0183007 1449.3346872329712
227 4091.009459999998 34336.692813066664 628427242.3351259 1455.6780753135681
228 4091.009459999998 34576.99147263333 682100189.3516421 1462.0144522190094
229 4091.009459999998 33118.78722010001 667575996.6338322 1468.324686050415
230 4091.009459999998 32884.623376266674 675657331.2128522 1474.614001274109
231 4091.009459999998 31540.38880083333 616992776.3280344 1480.8500699996948
232 4091.009459999998 32552.820000199998 671621960.9943383 1487.1799900531769
233 4091.009459999998 33325.989075666665 650504076.6417291 1493.5033452510834
234 4091.009459999998 33421.69311963333 633714269.1996586 1499.8466653823853
235 4091.009459999998 33139.3657946 623591534.4062729 1506.2214651107788
236 4091.009459999998 34460.92097166667 628362713.1776993 1512.554847240448
237 4091.009459999998 33169.195430399996 582831664.7885728 1518.8469412326813
238 4091.009459999998 34632.541009333334 600433563.7882935 1525.2181103229523
239 4091.009459999998 35557.407022199994 651403861.7775259 1531.6318662166595
240 4091.009459999998 36436.0301321 691377465.8770895 1538.0562841892242
241 4091.009459999998 37215.205196966665 623118213.4599756 1544.5008292198181
242 4091.009459999998 38189.61140446667 688581945.6385932 1551.0007333755493
243 4091.009459999998 39780.78041636666 678267738.5332618 1557.5324590206146
244 4091.009459999998 39240.470807499994 700054278.228424 1564.0415663719177
245 4091.009459999998 38160.0731052 697721328.913319 1570.5190272331238
246 4091.009459999998 35796.83193476666 644964679.3792613 1576.936312198639
247 4091.009459999998 35667.10426173333 660206278.8971287 1583.3300461769104
248 4091.009459999998 34751.4016566 665790693.5020705 1589.69922208786
249 4091.009459999998 35907.9192771 649334549.3038568 1596.09481215477
4091.009459999998 1602.544584274292
