MQ2
250 4028.32573
1
0 9223372036854775807 70744.23325439997 18589208.47673129 5.437788963317871
1 23380.49020000001 67821.35907129999 32002843.096738085 14.78087592124939
2 10616.515529999991 57879.75800229999 251823580.1119456 22.701596975326538
3 6501.0431400000025 48799.44918903332 437596301.9249759 29.843483924865723
4 5789.9832700000015 43688.523335366655 508933811.6362801 36.65418481826782
5 4863.409100000003 38896.14196403333 479268182.24852866 43.28822088241577
6 4373.959519999998 36351.538531566664 501239282.46701354 49.76981806755066
7 4196.195689999998 33967.82948663333 549156738.0680991 56.177223920822144
8 4181.008899999996 33790.339624500004 503842930.2973125 62.58822703361511
9 4179.73792 33266.459371033336 527651321.0580897 68.95917892456055
10 4101.42768 33433.14929743333 533850148.9110082 75.47152495384216
11 4101.42768 31930.34867966667 574222241.5347244 81.84095191955566
12 4088.446980000003 31755.084198033324 511656837.9974701 88.19391512870789
13 4088.446980000003 32109.453532833333 524903623.3473991 94.55284810066223
14 4028.325730000003 32780.6275931 533453893.1792582 100.91734600067139
15 4028.325730000003 31472.567038 521270062.2280875 107.24081993103027
16 4028.325730000003 31111.52154619999 529655517.71642995 113.5869710445404
17 4028.325730000003 31897.08782333333 573412667.8564713 119.94062900543213
18 4028.325730000003 31753.694106566665 511779039.82154274 126.26158404350281
19 4028.325730000003 30232.402692266667 528434870.22485954 132.56410098075867
20 4028.325730000003 29521.957715633333 527251400.3615808 138.82137393951416
21 4028.325730000003 28439.104346599994 457689400.7082386 145.0538649559021
22 4028.325730000003 32385.444829166667 515215258.815603 151.44304299354553
23 4028.325730000003 32383.159398033335 539042163.2020016 157.80885910987854
24 4028.325730000003 32157.581932466663 544576659.7733593 164.17834377288818
25 4028.325730000003 33137.69179046666 540464308.4682461 170.5734670162201
26 4028.325730000003 31863.073697666663 553449210.3231988 176.90698218345642
27 4028.325730000003 32993.154319299996 504967562.9864718 183.2827970981598
28 4028.325730000003 32959.5105618 508456146.29497296 189.68937706947327
29 4028.325730000003 31098.913298633335 471341441.6487673 196.05171608924866
30 4028.325730000003 30349.884539766666 472692691.0026425 202.34600400924683
31 4028.325730000003 30836.946927633337 519099276.4480308 208.71574187278748
32 4028.325730000003 30510.189560599996 530295955.5260207 215.0641188621521
33 4028.325730000003 31405.1303798 538892816.5390197 221.42214703559875
34 4028.325730000003 31804.363296733336 533542461.4405741 227.8185999393463
35 4028.325730000003 31389.200324499998 502058108.6796334 234.19592809677124
36 4028.325730000003 32660.346652866665 542356485.8559853 240.6010959148407
37 4028.325730000003 33322.55370536666 530826500.5744468 247.0954909324646
38 4028.325730000003 33127.2074959 582822372.7316811 253.59757900238037
39 4028.325730000003 33202.63842573333 573011034.0265014 260.0255479812622
40 4028.325730000003 34948.702342133336 558680008.2701081 266.50502705574036
41 4028.325730000003 34615.184164633334 507282017.24572295 273.05833101272583
42 4028.325730000003 31683.777208399995 573725164.7866012 279.4249200820923
43 4028.325730000003 33230.57202299999 575501545.4876947 285.90891695022583
44 4028.325730000003 32767.983166900005 538298873.465754 292.3322720527649
45 4028.325730000003 32607.970301133333 514641507.5998413 298.7459559440613
46 4028.325730000003 33827.68150876668 572172722.4516963 305.2241139411926
47 4028.325730000003 32204.402497800005 548046780.3630532 311.62515807151794
48 4028.325730000003 32092.37373013334 529359701.2303609 318.02467489242554
49 4028.325730000003 33049.37295583333 544303335.2880836 324.43248891830444
50 4028.325730000003 32377.094592133326 564800203.5264988 330.8460421562195
51 4028.325730000003 32182.518105199993 582428859.1322063 337.30099296569824
52 4028.325730000003 32985.440096466664 553508707.4257263 343.72002506256104
53 4028.325730000003 32559.290571599995 553963375.7128639 350.1486439704895
54 4028.325730000003 33034.15687659999 545220981.3813503 356.829922914505
55 4028.325730000003 34622.00184863333 566562694.3817596 363.3377389907837
56 4028.325730000003 31163.882250699997 540148073.9635806 369.68768095970154
57 4028.325730000003 32625.834124666664 521679310.41884255 376.10311007499695
58 4028.325730000003 32353.559586966665 552839932.1389575 382.5164210796356
59 4028.325730000003 31805.621680733333 566530193.6662506 388.934201002121
60 4028.325730000003 31165.83143086667 514434451.41907185 395.3113489151001
61 4028.325730000003 32633.264139833325 522294180.25952965 401.72761702537537
62 4028.325730000003 33158.905617766664 549672703.5520561 408.1663730144501
63 4028.325730000003 33474.008362333334 555426267.0754324 414.59849190711975
64 4028.325730000003 34467.77230833333 619534845.0155979 421.05625200271606
65 4028.325730000003 32148.386081666667 575074034.1790873 427.4500768184662
66 4028.325730000003 33782.21506546667 584079110.6975256 433.94671416282654
67 4028.325730000003 31881.89741076667 548724741.2782713 440.34804797172546
68 4028.325730000003 32515.22353053333 554456779.5257027 446.8320209980011
69 4028.325730000003 31703.85502253334 534272038.70871633 453.2176470756531
70 4028.325730000003 29319.249550766664 501137416.69125944 459.47228479385376
71 4028.325730000003 29396.128136133328 506897588.09416455 465.77359199523926
72 4028.325730000003 29989.525138933335 533782122.45705295 472.0709729194641
73 4028.325730000003 30592.583106966664 580550310.2255011 478.4159679412842
74 4028.325730000003 31223.688335400002 535317466.81122875 484.79684805870056
75 4028.325730000003 30583.234237733333 531284305.6849839 491.10150599479675
76 4028.325730000003 32160.166186766663 512580302.3777411 497.50903487205505
77 4028.325730000003 32591.909854600002 506835249.20902556 503.92259407043457
78 4028.325730000003 31191.06592106667 518909945.6042217 510.2771098613739
79 4028.325730000003 32001.366743766666 484636137.98813415 516.6537380218506
80 4028.325730000003 31590.900891100002 528979362.6222517 523.0088000297546
81 4028.325730000003 30031.9229117 553900486.4955107 529.3446528911591
82 4028.325730000003 29169.475551533338 511024365.1572466 535.6333220005035
83 4028.325730000003 30678.923834066663 537909573.1155385 541.9419589042664
84 4028.325730000003 30392.542247766665 551330963.6681651 548.2580678462982
85 4028.325730000003 31518.966345499997 531854969.7844234 554.6110088825226
86 4028.325730000003 31901.870714466666 566608283.8700564 561.0012769699097
87 4028.325730000003 31661.435256699995 549947626.4133838 567.3903028964996
88 4028.325730000003 32092.109482199998 572936467.1660992 573.773875951767
89 4028.325730000003 31754.65108043333 576729712.4779545 580.1518368721008
90 4028.325730000003 31186.441927466665 561615043.6435751 586.5504310131073
91 4028.325730000003 29647.35170593333 505745794.04495037 592.8352220058441
92 4028.325730000003 31705.3169314 532723663.14493084 599.2466821670532
93 4028.325730000003 30906.30101229999 547118858.7214706 605.5932910442352
94 4028.325730000003 32116.951960066668 542649129.135838 611.9768280982971
95 4028.325730000003 33395.585611999995 529531903.9200575 618.4458730220795
96 4028.325730000003 34040.225598799996 509547126.7774123 624.9295830726624
97 4028.325730000003 33620.8891537 529294960.51135355 631.3596458435059
98 4028.325730000003 30957.091564500002 556722736.7975512 637.7028019428253
99 4028.325730000003 30148.837450166666 501909100.1347495 644.030268907547
100 4028.325730000003 31123.40198206667 565764656.3476887 650.3700919151306
101 4028.325730000003 31556.906403033336 560169472.0913013 656.7529640197754
102 4028.325730000003 31540.06620203333 571861319.8619773 663.1238958835602
103 4028.325730000003 31949.92711706666 593668622.199593 669.502112865448
104 4028.325730000003 33445.426754600005 561595699.5578153 675.9423401355743
105 4028.325730000003 33126.61688336666 562862660.264386 682.3485469818115
106 4028.325730000003 32941.37731686667 553808972.7531867 688.7773990631104
107 4028.325730000003 34054.75434303333 538596176.5846148 695.2226359844208
108 4028.325730000003 33860.99765823333 564569681.074663 701.6697897911072
109 4028.325730000003 33994.796674933335 559969429.2342521 708.1352219581604
110 4028.325730000003 34952.02752053333 574905820.9090004 714.6470429897308
111 4028.325730000003 32676.868528399995 594414674.6750063 721.082967042923
112 4028.325730000003 33801.78504796667 559999907.5326202 727.5576140880585
113 4028.325730000003 33841.02282853333 548689141.9581388 733.9991710186005
114 4028.325730000003 33211.546738699995 557395504.3000116 740.4038240909576
115 4028.325730000003 33561.4592184 540416211.200932 746.8774981498718
116 4028.325730000003 31200.228842833327 514166763.37561196 753.2380540370941
117 4028.325730000003 29516.512399566665 508482666.64612216 759.5260961055756
118 4028.325730000003 30955.751720900003 532976958.2509849 765.8989858627319
119 4028.325730000003 33069.99540653333 576702444.2191044 772.3463521003723
120 4028.325730000003 33761.348859433325 580549947.6444463 778.8329091072083
121 4028.325730000003 34078.17408599999 560878555.665787 785.2816078662872
122 4028.325730000003 34358.40284646666 572478282.1662815 791.7510089874268
123 4028.325730000003 31101.748112666664 551851678.0687106 798.0917899608612
124 4028.325730000003 31052.729141766664 522659007.40725076 804.4403908252716
125 4028.325730000003 32179.8176776 559697419.482229 810.828516960144
126 4028.325730000003 32421.21520926667 578061924.3428322 817.2079510688782
127 4028.325730000003 33621.39218323333 546648521.6608737 823.6701219081879
128 4028.325730000003 31994.906000899995 553240406.3911314 830.0681457519531
129 4028.325730000003 31255.7480515 517552001.03112334 836.4186120033264
130 4028.325730000003 29271.546449266665 522058418.0260141 842.6967668533325
131 4028.325730000003 32147.438420099996 567285118.1133657 849.1013700962067
132 4028.325730000003 32032.954146533335 564284567.835644 855.494481086731
133 4028.325730000003 33277.3742856 545000006.8965707 861.9174430370331
134 4028.325730000003 32087.112352833326 514742260.31001484 868.3068578243256
135 4028.325730000003 31912.00070173333 548336053.0114746 874.6771388053894
136 4028.325730000003 35583.98201886666 553641528.448383 881.2322769165039
137 4028.325730000003 34534.33280816667 563813200.6713239 887.699923992157
138 4028.325730000003 33501.126188266666 601930364.9270092 894.1558377742767
139 4028.325730000003 35676.881238266666 579502473.9526709 900.658595085144
140 4028.325730000003 33595.62249916667 501781663.89881915 907.1157171726227
141 4028.325730000003 32073.867590266666 528774136.80411816 913.4893338680267
142 4028.325730000003 32799.71483419999 546852931.1648188 919.9076337814331
143 4028.325730000003 32414.3585398 560888078.3253746 926.3320298194885
144 4028.325730000003 31687.950086200002 539460763.0716354 932.6901969909668
145 4028.325730000003 32272.646727533327 520703727.3873579 939.163202047348
146 4028.325730000003 29576.12653406666 508017587.40896446 945.4659471511841
147 4028.325730000003 30881.97530603333 535589150.59242684 951.8148069381714
148 4028.325730000003 32209.555878433326 545899350.7442428 958.1989080905914
149 4028.325730000003 33174.83415599999 550957263.900567 964.6142919063568
150 4028.325730000003 34240.78183586667 567801793.4337327 971.0816359519958
151 4028.325730000003 35093.57307963333 573613741.0017211 977.5852899551392
152 4028.325730000003 33670.781133966666 595352703.5913035 984.0541479587555
153 4028.325730000003 33425.079246299996 563776680.964909 990.5751140117645
154 4028.325730000003 33196.20512706666 560079018.0777632 997.0065519809723
155 4028.325730000003 34128.763355099996 529983660.818573 1003.5424239635468
156 4028.325730000003 34625.649558699995 552184061.1818244 1010.0446689128876
157 4028.325730000003 34816.78849216666 538701380.1341461 1016.5473489761353
158 4028.325730000003 35042.859313166664 523277474.42950714 1023.0899791717529
159 4028.325730000003 34176.66204213333 540090158.2865535 1029.589980840683
160 4028.325730000003 34490.80105173333 531661891.6847812 1036.0680589675903
161 4028.325730000003 32997.051019700004 533599473.8263397 1042.4850988388062
162 4028.325730000003 33032.183230799994 545435069.8001561 1048.9296507835388
163 4028.325730000003 30128.468995199997 537478157.9271681 1055.249948978424
164 4028.325730000003 32209.294019333334 574153941.5231458 1061.6507098674774
165 4028.325730000003 32660.50392556666 561197218.1121136 1068.0651278495789
166 4028.325730000003 32267.28237146667 550718098.1816888 1074.4529330730438
167 4028.325730000003 31983.797841466665 535331232.6133842 1080.8494288921356
168 4028.325730000003 31599.720073233333 517656279.876334 1087.2387189865112
169 4028.325730000003 28865.752373333333 540699134.0762608 1093.4910929203033
170 4028.325730000003 29602.532326266668 520958693.6165383 1099.7801749706268
171 4028.325730000003 33574.324606033326 530228614.24978924 1106.2188079357147
172 4028.325730000003 31829.579108833335 492797899.4066929 1112.5962409973145
173 4028.325730000003 31945.781861866664 507800253.5451987 1118.9700977802277
174 4028.325730000003 32465.64778886666 522325168.8832087 1125.3829398155212
175 4028.325730000003 34914.19489093334 511309483.70887524 1131.894259929657
176 4028.325730000003 33004.73006286667 539609199.0293183 1138.3383989334106
177 4028.325730000003 33565.11378753334 541829795.0057362 1144.7793378829956
178 4028.325730000003 32792.527721833336 502012895.42020327 1151.1822907924652
179 4028.325730000003 33332.52710086666 575148955.7234544 1157.6085848808289
180 4028.325730000003 31477.09868053333 526882441.8766148 1163.9795429706573
181 4028.325730000003 33276.75745453333 539589252.6703473 1170.4005618095398
182 4028.325730000003 32201.211868966668 525435831.7987032 1176.7942440509796
183 4028.325730000003 33762.53298223334 522962455.2067927 1183.2492170333862
184 4028.325730000003 34212.11906313334 545424887.2810998 1189.6984598636627
185 4028.325730000003 33959.64143336667 547945541.0950769 1196.1809258460999
186 4028.325730000003 33878.7676726 563263375.4962872 1202.6550199985504
187 4028.325730000003 32216.027852666663 551609566.2960403 1209.0317029953003
188 4028.325730000003 30415.322396833337 562748224.628089 1215.3135039806366
189 4028.325730000003 30550.366923133333 517875835.0459376 1221.6437900066376
190 4028.325730000003 31353.086250266668 540529794.6402272 1228.0233869552612
191 4028.325730000003 30942.923013000003 543619058.3073015 1234.3548600673676
192 4028.325730000003 30479.084854833334 526109849.6313019 1240.6439888477325
193 4028.325730000003 31819.986070233328 517071645.6981853 1247.0043680667877
194 4028.325730000003 30863.721931933338 547447116.1250794 1253.3240430355072
195 4028.325730000003 32914.4155976 542244593.7343379 1259.7418749332428
196 4028.325730000003 34120.77096093334 553611911.0962104 1266.2205030918121
197 4028.325730000003 33075.372850399996 545668007.687101 1272.681368112564
198 4028.325730000003 32740.863128433328 540483721.6420726 1279.1059319972992
199 4028.325730000003 33286.936271766666 548024044.0864738 1285.5340421199799
200 4028.325730000003 34336.87313069999 562553519.1103057 1292.0188059806824
201 4028.325730000003 35626.23125793333 539970108.8744496 1298.5605721473694
202 4028.325730000003 34794.03007756667 545355606.8655695 1305.0606770515442
203 4028.325730000003 33009.708705666664 585213668.3578366 1311.4776010513306
204 4028.325730000003 33575.02071413333 604935515.4048257 1317.9388790130615
205 4028.325730000003 33338.3461998 541217500.0104781 1324.367506980896
206 4028.325730000003 32049.795178499997 583205750.8588654 1330.7229118347168
207 4028.325730000003 33147.79372393333 512395828.0460779 1337.1483099460602
208 4028.325730000003 33721.826416200005 506928180.0719915 1343.5941088199615
209 4028.325730000003 34835.12402556666 551875268.0092021 1350.0767657756805
210 4028.325730000003 33161.51846866667 559098695.4128286 1356.5214948654175
211 4028.325730000003 32148.871807100004 543115680.9591821 1362.8825180530548
212 4028.325730000003 32062.39842026667 539433336.7014184 1369.2611289024353
213 4028.325730000003 33054.90778639999 579974076.6962 1375.697607755661
214 4028.325730000003 33012.21537236666 559180223.9431956 1382.0848078727722
215 4028.325730000003 35087.85608943333 541456258.4075096 1388.5766928195953
216 4028.325730000003 32998.54504133334 524450755.2867905 1394.991576910019
217 4028.325730000003 31717.457433966665 546045758.4454932 1401.3646440505981
218 4028.325730000003 31472.457485400002 556020108.519862 1407.7380630970001
219 4028.325730000003 31210.374492133335 556809883.6474494 1414.08518075943
220 4028.325730000003 29577.205577700002 513678669.28511477 1420.419261932373
221 4028.325730000003 30423.85295523334 547352600.7698833 1426.7162568569183
222 4028.325730000003 29561.055130533336 499996421.8240554 1433.0214219093323
223 4028.325730000003 28265.9139957 485955982.0043172 1439.2724900245667
224 4028.325730000003 31917.079126233333 543709353.7097453 1445.6668908596039
225 4028.325730000003 31760.807435633335 539978404.4806749 1452.0251288414001
226 4028.325730000003 32353.114971066665 516987432.8005959 1458.4350159168243
227 4028.325730000003 33641.91052516667 528715299.88315165 1464.8557000160217
228 4028.325730000003 35200.073724933325 526205523.85769325 1471.380444765091
229 4028.325730000003 34823.45703523333 508811819.9503186 1477.8892631530762
230 4028.325730000003 36439.670954366666 540350666.4493636 1484.450118780136
231 4028.325730000003 34665.02449743333 551213327.704155 1490.9446618556976
232 4028.325730000003 32476.460463966665 558702134.9838505 1497.3454849720001
233 4028.325730000003 32686.454578566663 540855073.5073329 1503.7824349403381
234 4028.325730000003 32695.788313299996 548537099.1302258 1510.1878991127014
235 4028.325730000003 33285.82021966666 514414120.0290339 1516.6009500026703
236 4028.325730000003 31843.608400733334 499468816.3520744 1522.9821717739105
237 4028.325730000003 31598.459335333333 496467162.74858207 1529.3492829799652
238 4028.325730000003 33304.00373306667 555204611.3479003 1535.7583758831024
239 4028.325730000003 33313.96005683333 555961918.4239942 1542.1791961193085
240 4028.325730000003 32528.0963758 561406356.5938107 1548.59588098526
241 4028.325730000003 33404.740542199994 608066244.250317 1555.028333902359
242 4028.325730000003 30506.518921899995 574789907.0873055 1561.3498029708862
243 4028.325730000003 31012.665003099995 577978037.7442222 1567.6843008995056
244 4028.325730000003 30689.434838699995 580661025.5084115 1574.0268149375916
245 4028.325730000003 32954.941907099994 526566837.18796355 1580.4392590522766
246 4028.325730000003 29872.577117566663 528251246.9993253 1586.7250468730927
247 4028.325730000003 31876.9277467 561718668.5964532 1593.126089811325
248 4028.325730000003 32897.149454433325 539426133.0865009 1599.540885925293
249 4028.325730000003 31985.5802327 526572706.58286154 1605.949896812439
4028.325730000003 1612.3998289108276
2
0 9223372036854775807 71420.8549228333 18857341.3497196 5.3724610805511475
1 19585.066340000016 69020.46847689999 27539594.852383677 14.56890606880188
2 10385.03401000001 57967.490364166646 291042966.2345698 22.34220814704895
3 6844.934849999999 49603.18714816666 435763306.7414391 29.487239360809326
4 5486.465810000004 43176.13074026666 545766067.2593338 36.313329219818115
5 4954.471210000002 40805.719461199995 555453460.6983497 42.97341799736023
6 4404.758979999999 39226.639992699995 568244097.729296 49.552619218826294
7 4366.616979999998 36143.89234366667 592758508.1442678 56.06035614013672
8 4366.616979999998 32837.17635176666 547748640.088382 62.443711042404175
9 4110.787080000002 33309.28674316667 545015783.1266358 68.83360719680786
10 4028.325730000003 32383.850438799996 555545171.1530385 75.19878911972046
11 4028.325730000003 32250.497066233325 553170754.0721886 81.56953811645508
12 4028.325730000003 31736.31431009999 528348592.3682814 87.92407727241516
13 4028.325730000003 32795.53553929999 560829525.6432772 94.28657722473145
14 4028.325730000003 31402.404707699996 537298489.6714242 100.63263535499573
15 4028.325730000003 30952.19010186666 572117879.2065568 106.91369915008545
16 4028.325730000003 32592.463413566667 584358755.8919641 113.28658509254456
17 4028.325730000003 34221.8281746 536593046.6874122 119.75999903678894
18 4028.325730000003 32411.912784599997 553829911.5728467 126.16393804550171
19 4028.325730000003 31714.575313799996 596541275.3588023 132.49977707862854
20 4028.325730000003 34354.53390533333 564162828.3265957 138.94490027427673
21 4028.325730000003 32084.635249266663 546428678.1881517 145.29084420204163
22 4028.325730000003 33393.565260233336 569023742.294116 151.71022534370422
23 4028.325730000003 32170.55370446666 586130177.8476524 158.08647227287292
24 4028.325730000003 32542.52535443333 541965677.117217 164.4584891796112
25 4028.325730000003 33343.366427366665 530502558.3422941 170.91771721839905
26 4028.325730000003 31848.820894133332 511497352.2308705 177.27595233917236
27 4028.325730000003 32985.07619373333 522233835.7860866 183.6854121685028
28 4028.325730000003 34125.15744486666 514078719.84009725 190.1375560760498
29 4028.325730000003 33786.36980936666 548859611.1492965 196.54344034194946
30 4028.325730000003 32919.70045743333 558513032.0715609 202.93198919296265
31 4028.325730000003 31430.72861103333 511669053.5584003 209.24538922309875
32 4028.325730000003 30608.552521599995 543363932.2157019 215.54482102394104
33 4028.325730000003 31040.385587966666 555224677.1213607 221.8662211894989
34 4028.325730000003 32022.96968476666 553432063.1650456 228.2315022945404
35 4028.325730000003 29329.011689099993 504906290.5442794 234.50097107887268
36 4028.325730000003 30276.18888066666 499408546.62569684 240.81738924980164
37 4028.325730000003 33784.158080166664 546722622.9446809 247.2625172138214
38 4028.325730000003 30919.481443599998 538316108.7579157 253.61500716209412
39 4028.325730000003 31139.55095603333 552697909.9389676 259.97731018066406
40 4028.325730000003 32582.23254453333 553284327.4294083 266.3742322921753
41 4028.325730000003 30196.6052005 544125755.1209271 272.66538429260254
42 4028.325730000003 32035.45456996667 567863397.879397 279.051949262619
43 4028.325730000003 33305.00836413333 545357944.301173 285.4833791255951
44 4028.325730000003 35484.27550229999 568057192.4114963 291.9940023422241
45 4028.325730000003 35156.41917650001 533668293.1584238 298.4806561470032
46 4028.325730000003 36281.72393036666 551493087.1000285 305.04294419288635
47 4028.325730000003 35272.88391896666 554357353.3410996 311.5426912307739
48 4028.325730000003 34493.1130871 543440707.2750691 318.00515723228455
49 4028.325730000003 32945.13223033333 562874256.7513084 324.4034311771393
50 4028.325730000003 33892.5311564 537449024.1423252 330.83883810043335
51 4028.325730000003 34424.87173576667 533097543.4794834 337.3276779651642
52 4028.325730000003 32933.33577979999 567740367.4846482 343.74357318878174
53 4028.325730000003 32523.369321799997 540277775.5130637 350.1056740283966
54 4028.325730000003 31920.741862400002 527474886.5902222 356.46546816825867
55 4028.325730000003 33844.8690866 543595840.7396001 362.8871192932129
56 4028.325730000003 34168.53842716666 522722980.97690886 369.34981417655945
57 4028.325730000003 31816.290531199997 518496353.4023691 375.693332195282
58 4028.325730000003 33136.80917556666 561227762.6061239 382.1304762363434
59 4028.325730000003 33328.920307600005 556549066.7897183 388.5674681663513
60 4028.325730000003 32859.89813373333 575868418.3633907 394.9782609939575
61 4028.325730000003 32201.987006366664 535705192.55243886 401.35808515548706
62 4028.325730000003 28497.021104266667 496762015.7857001 407.6038751602173
63 4028.325730000003 28402.5940542 527359149.5087915 413.8519973754883
64 4028.325730000003 29434.898660266666 513636400.1313782 420.13403606414795
65 4028.325730000003 30937.6627597 510199491.35622823 426.4648711681366
66 4028.325730000003 31819.506257166664 567424441.7414848 432.8163871765137
67 4028.325730000003 32808.5794241 514895084.20984906 439.23866605758667
68 4028.325730000003 33491.873919033336 543731756.7131869 445.7216432094574
69 4028.325730000003 33029.06364496667 527450378.4769867 452.12187027931213
70 4028.325730000003 32861.88396379999 539547625.7974025 458.52901816368103
71 4028.325730000003 32463.79489306666 564380934.8625207 464.9185333251953
72 4028.325730000003 31925.752005833332 580314608.8125757 471.3066852092743
73 4028.325730000003 33287.5856326 572350753.5791614 477.75731325149536
74 4028.325730000003 31431.7614921 576079441.3722137 484.11621928215027
75 4028.325730000003 30542.069710333333 503678981.7610611 490.4655511379242
76 4028.325730000003 32584.396136733332 545015423.0749723 496.84939908981323
77 4028.325730000003 33910.59396323333 580918730.7498122 503.2972822189331
78 4028.325730000003 32962.167001300004 558977802.6589942 509.68190121650696
79 4028.325730000003 33879.54188056666 546855882.4697018 516.1360840797424
80 4028.325730000003 36077.42084096666 537133248.9525276 522.6809799671173
81 4028.325730000003 36453.65704213334 567549469.3156027 529.2159402370453
82 4028.325730000003 35079.9686465 552584083.2399629 535.6683971881866
83 4028.325730000003 35001.14892983333 528161015.34694296 542.1760082244873
84 4028.325730000003 33630.2486165 519204393.9708471 548.6091630458832
85 4028.325730000003 29935.523231333333 534665948.24125755 554.8860533237457
86 4028.325730000003 31295.93437303333 512912626.1790458 561.2423753738403
87 4028.325730000003 32081.266505600004 528945410.5422994 567.6068680286407
88 4028.325730000003 29821.391661433336 550332256.8591311 573.8965392112732
89 4028.325730000003 30515.154229133328 548019596.3221885 580.2269701957703
90 4028.325730000003 31783.289154566664 540515367.2227734 586.6107301712036
91 4028.325730000003 31613.9778489 530083653.95439595 592.9639492034912
92 4028.325730000003 32369.356420666667 523014162.7986485 599.3318972587585
93 4028.325730000003 33066.0135003 554672381.5141141 605.763818025589
94 4028.325730000003 31913.384222100005 544270050.8797265 612.1433742046356
95 4028.325730000003 33970.00600343333 518759313.9140855 618.6089642047882
96 4028.325730000003 32876.2123008 540915067.1114278 625.0250291824341
97 4028.325730000003 33043.719749766664 548149358.7013818 631.4242050647736
98 4028.325730000003 33869.245081466666 539572842.349574 637.8762969970703
99 4028.325730000003 32893.98091913333 529312917.6128724 644.2705821990967
100 4028.325730000003 33817.731433433335 591973011.8141825 650.7002491950989
101 4028.325730000003 31861.229318799997 561316814.1210641 657.1015632152557
102 4028.325730000003 32031.768536499992 543729855.6089357 663.4678783416748
103 4028.325730000003 30504.813534966663 536427393.38237363 669.7638881206512
104 4028.325730000003 30249.04952963333 524502521.0149929 676.1087670326233
105 4028.325730000003 31074.184177799994 558540670.6642994 682.456954240799
106 4028.325730000003 32200.59875833333 543726339.1804323 688.8350372314453
107 4028.325730000003 33399.51925693333 571025233.2039685 695.2589640617371
108 4028.325730000003 32475.781074333332 573465091.2957457 701.6890270709991
109 4028.325730000003 30936.490487466664 573378183.5668464 707.9859483242035
110 4028.325730000003 28782.15862436667 526172728.8677696 714.2090539932251
111 4028.325730000003 30604.523692033334 526888574.3842045 720.5331032276154
112 4028.325730000003 32151.29694116667 561296441.98304 726.9119381904602
113 4028.325730000003 33299.517365633335 488375381.7775836 733.3825783729553
114 4028.325730000003 33651.9218347 502178852.41432 739.8024971485138
115 4028.325730000003 33402.56829076666 486065399.43452585 746.2529489994049
116 4028.325730000003 33029.5531278 533011899.7334135 752.6525721549988
117 4028.325730000003 34284.913163766665 568006834.4490708 759.1155400276184
118 4028.325730000003 35397.59938193333 588674535.4135956 765.6476953029633
119 4028.325730000003 33320.85136223333 577394988.8015753 772.0876150131226
120 4028.325730000003 34129.30769636666 563945092.1664371 778.5577321052551
121 4028.325730000003 32332.0005151 580272288.9409976 784.9466621875763
122 4028.325730000003 31048.267935466665 611828221.9529436 791.2895753383636
123 4028.325730000003 30218.5461701 566339705.3281978 797.6184442043304
124 4028.325730000003 29379.582733899995 529370795.22660154 803.9088110923767
125 4028.325730000003 32806.04548923334 564189510.8441762 810.3158411979675
126 4028.325730000003 33460.032430366664 554563868.6928128 816.7574410438538
127 4028.325730000003 33396.423073566664 591374973.3940023 823.2016851902008
128 4028.325730000003 33931.0077191 605462316.7038159 829.6536881923676
129 4028.325730000003 30423.673647666667 571084668.9702903 835.9756710529327
130 4028.325730000003 32071.972570233334 554334263.0012717 842.3476612567902
131 4028.325730000003 29736.521990499994 546090708.0785922 848.619127035141
132 4028.325730000003 32047.11177733333 562484427.4399258 854.9850261211395
133 4028.325730000003 32133.88340203333 556958000.3588315 861.3570702075958
134 4028.325730000003 32258.31497046667 576816839.255766 867.741378068924
135 4028.325730000003 29485.3849867 516626332.69658273 874.0078673362732
136 4028.325730000003 29696.4857761 500772750.84612507 880.3050220012665
137 4028.325730000003 30128.582304266667 526626739.75617146 886.5985722541809
138 4028.325730000003 32119.99064696667 550599378.8593255 892.9812080860138
139 4028.325730000003 30766.078567133336 572577863.8474755 899.3233721256256
140 4028.325730000003 30291.862626033333 572706028.6303777 905.6289763450623
141 4028.325730000003 30137.696013833334 538552918.472337 911.9458682537079
142 4028.325730000003 31508.456395133337 525979034.7274963 918.3185021877289
143 4028.325730000003 32023.111359233328 534578017.9607286 924.6880781650543
144 4028.325730000003 33785.32159589999 530078468.6574864 931.1450130939484
145 4028.325730000003 31927.270217933332 524103653.7561207 937.5114481449127
146 4028.325730000003 30381.52676103333 540601121.0032784 943.8219442367554
147 4028.325730000003 31389.793129666672 593546210.7434186 950.1903891563416
148 4028.325730000003 32803.4061955 593312379.248969 956.5646421909332
149 4028.325730000003 32648.121981333334 590213259.92399 962.9895222187042
150 4028.325730000003 34072.11983319999 568980743.9186531 969.4594881534576
151 4028.325730000003 32259.4644583 576257392.3569922 975.8636872768402
152 4028.325730000003 32145.67208336667 551548173.9937476 982.2304770946503
153 4028.325730000003 32531.686429833328 546446844.9790136 988.6422553062439
154 4028.325730000003 34086.20966116666 585545893.6140969 995.1132922172546
155 4028.325730000003 32619.144956633325 548164910.21579 1001.4995682239532
156 4028.325730000003 33509.294460766665 603210369.9783391 1007.934121131897
157 4028.325730000003 34597.48677036666 579320321.108878 1014.4031302928925
158 4028.325730000003 33760.658751966665 549561970.6207553 1020.8387494087219
159 4028.325730000003 34064.07895106666 577385074.7018348 1027.2937190532684
160 4028.325730000003 33696.69156859999 588925321.8813736 1033.729961156845
161 4028.325730000003 32807.515814700004 567146668.2373368 1040.12606716156
162 4028.325730000003 33075.15203923333 554808801.5139331 1046.5512881278992
163 4028.325730000003 34375.70855076666 543102183.268969 1053.0182361602783
164 4028.325730000003 35950.006340299995 558981203.2611487 1059.5626680850983
165 4028.325730000003 31712.9588942 578198672.4986045 1065.9418120384216
166 4028.325730000003 32292.272134000003 567133799.0172136 1072.3483431339264
167 4028.325730000003 32383.986736400002 574098476.623813 1078.7439920902252
168 4028.325730000003 32236.695970033332 542501311.2967563 1085.1359641551971
169 4028.325730000003 33725.705149366666 552853854.2013936 1091.5972800254822
170 4028.325730000003 33735.42427993333 562876815.004823 1098.0690801143646
171 4028.325730000003 32703.941008233327 548175301.0466493 1104.471585035324
172 4028.325730000003 30620.68740603333 488231953.4233372 1110.7834072113037
173 4028.325730000003 31533.438759566663 518140642.35424244 1117.1680002212524
174 4028.325730000003 29895.905981333337 554077208.5989887 1123.444000005722
175 4028.325730000003 29802.295748166667 575286585.2664313 1129.7447102069855
176 4028.325730000003 30285.29415336667 537516258.2089577 1136.0462081432343
177 4028.325730000003 31408.716764266665 579538348.0455357 1142.3969631195068
178 4028.325730000003 31330.39211913333 536194530.34014386 1148.762609243393
179 4028.325730000003 30097.326644633325 543158993.1841964 1155.0575671195984
180 4028.325730000003 31701.8862405 565068508.3234808 1161.4260590076447
181 4028.325730000003 33673.03570483333 602135116.3718829 1167.8677551746368
182 4028.325730000003 32763.297508299995 534981926.87976277 1174.2822852134705
183 4028.325730000003 31006.767657466666 542541972.0430615 1180.6475400924683
184 4028.325730000003 32617.83848496666 550955996.6750319 1187.0909061431885
185 4028.325730000003 32826.790970233335 552768566.5500014 1193.6334471702576
186 4028.325730000003 33191.489064166664 529073488.62848085 1200.0715053081512
187 4028.325730000003 32933.751661199996 503003546.46469 1206.566910982132
188 4028.325730000003 32109.209221399997 524636864.0298043 1213.0103271007538
189 4028.325730000003 32189.681851033332 562898682.240819 1219.4048352241516
190 4028.325730000003 33145.02015313334 582836758.1705973 1225.8639101982117
191 4028.325730000003 31332.818364333336 540924262.8288181 1232.365014076233
192 4028.325730000003 30833.722087566668 550718319.5178913 1238.7431812286377
193 4028.325730000003 33004.206536800004 548119124.6581036 1245.25239610672
194 4028.325730000003 32059.3860585 528156324.6122349 1251.6633021831512
195 4028.325730000003 31516.290431833328 505367084.8380762 1258.0273962020874
196 4028.325730000003 30277.685798733335 525700974.8174204 1264.36194729805
197 4028.325730000003 31841.625567533338 547078287.255554 1270.7369441986084
198 4028.325730000003 32249.94367196666 593202410.1799731 1277.1201221942902
199 4028.325730000003 32798.2143576 542026673.9913256 1283.5429842472076
200 4028.325730000003 31702.809804466666 562862054.0416608 1289.9260773658752
201 4028.325730000003 32010.709600133338 504259736.64042795 1296.2959129810333
202 4028.325730000003 32630.2439151 545912462.444991 1302.7029693126678
203 4028.325730000003 31518.492873833336 518898747.2018043 1309.0636541843414
204 4028.325730000003 31425.923220933328 505109795.5348832 1315.4315283298492
205 4028.325730000003 32435.18062903333 521385093.46659565 1321.8456010818481
206 4028.325730000003 31285.54996963333 517305856.6083355 1328.188776254654
207 4028.325730000003 32870.393248266664 540806318.8647227 1334.6054363250732
208 4028.325730000003 30716.54961773333 548971485.4535179 1340.9359471797943
209 4028.325730000003 31224.834971999997 563819469.97101 1347.27618932724
210 4028.325730000003 31738.867304033327 545719299.7001706 1353.6578130722046
211 4028.325730000003 29934.421676533333 481133721.27898365 1359.9700610637665
212 4028.325730000003 31164.548055966665 533974500.8900132 1366.2983062267303
213 4028.325730000003 31611.230584599998 565833192.4442551 1372.6579141616821
214 4028.325730000003 31738.781452866668 563099991.9036914 1379.0261960029602
215 4028.325730000003 30132.900285399995 507964991.0379679 1385.328194141388
216 4028.325730000003 31725.548528633328 514675974.6465751 1391.7179131507874
217 4028.325730000003 32261.259234466663 564360844.7266679 1398.089313030243
218 4028.325730000003 33301.684478866664 533725507.9021167 1404.4996662139893
219 4028.325730000003 31453.36104713333 518025272.0057897 1410.8457672595978
220 4028.325730000003 29597.903337166663 546666715.2104607 1417.1282150745392
221 4028.325730000003 30275.988635899997 539642370.3430201 1423.4465072154999
222 4028.325730000003 31750.110384733336 585157571.9163196 1429.8055951595306
223 4028.325730000003 31628.177788366662 553231312.4797021 1436.143265247345
224 4028.325730000003 32639.797527200004 542378218.7522465 1442.5513172149658
225 4028.325730000003 32033.750855433333 575712743.8555697 1448.932477235794
226 4028.325730000003 33265.13103173333 590470077.6231477 1455.3516323566437
227 4028.325730000003 32799.14615766666 572309177.7316252 1461.7602722644806
228 4028.325730000003 32598.499013899993 587299500.7328867 1468.1836981773376
229 4028.325730000003 34296.32385236666 621896725.7536255 1474.6592903137207
230 4028.325730000003 33347.398347866656 622550623.8257078 1481.082708120346
231 4028.325730000003 33222.00688826667 526722292.95695007 1487.5202860832214
232 4028.325730000003 29956.598504166664 464906025.92152 1493.8158211708069
233 4028.325730000003 32488.407040799993 528186014.82209736 1500.2130162715912
234 4028.325730000003 30783.358046799996 576644296.0651772 1506.5527963638306
235 4028.325730000003 30346.06455526666 545386660.1052382 1512.8544561862946
236 4028.325730000003 29801.5831195 502637355.0250653 1519.15394115448
237 4028.325730000003 31552.538782400006 511425785.5190322 1525.5028491020203
238 4028.325730000003 29519.078146866665 528452975.9644753 1531.775324344635
239 4028.325730000003 29488.931614966667 495981616.45684695 1538.05961227417
240 4028.325730000003 32449.42606356667 511442854.19947803 1544.4711019992828
241 4028.325730000003 33911.5439702 556190344.845637 1550.9106659889221
242 4028.325730000003 31117.80163776667 498248052.4176308 1557.2536840438843
243 4028.325730000003 31093.621270733325 486004143.1661528 1563.6149032115936
244 4028.325730000003 31898.393397399996 475930353.0157068 1569.9791450500488
245 4028.325730000003 31209.13993256667 521588134.60666424 1576.3157861232758
246 4028.325730000003 30308.668692866664 486477447.179224 1582.6663863658905
247 4028.325730000003 32065.962684699993 520248370.4715082 1589.0265049934387
248 4028.325730000003 32444.8321363 538538000.8733218 1595.4474561214447
249 4028.325730000003 34201.6262372 564507692.5074409 1601.9085183143616
4028.325730000003 1608.4243850708008
3
0 9223372036854775807 70846.40053386665 18021514.0590696 5.361594915390015
1 26210.150370000007 68093.74869906664 23733598.365504082 14.758822917938232
2 11002.736659999995 57924.852800933324 229839506.74105474 22.673310041427612
3 6145.570519999998 49999.31225119998 390409194.6578188 29.835039138793945
4 4873.572310000001 43756.372429766656 509208097.30885816 36.59626817703247
5 4409.5532699999985 36813.69487746666 530365156.2270284 43.082338094711304
6 4409.5532699999985 34487.82335853332 560101840.3038787 49.4832980632782
7 4190.375739999999 33704.469755566664 558323173.907225 55.87880897521973
8 4190.375739999999 31511.950071566665 535941477.75310916 62.193272829055786
9 4190.375739999999 32954.43995736666 576368221.7084813 68.57335996627808
10 4143.815140000001 31566.597862033334 539314731.3796536 74.91121792793274
11 4143.815140000001 32509.56190023333 538456211.0861163 81.28146314620972
12 4101.76516 32794.45431966667 560702047.6709946 87.66185808181763
13 4081.706630000001 31799.411226099997 540477081.6198109 94.00599789619446
14 4081.706630000001 32796.980801 510644232.56743634 100.39261293411255
15 4081.706630000001 32866.58775213333 531316805.5320325 106.78014588356018
16 4081.706630000001 31596.326158166663 536425797.8249388 113.1076078414917
17 4081.706630000001 32487.537155533333 536600219.42011106 119.49467992782593
18 4081.706630000001 31544.331852000003 518154786.68233156 125.838219165802
19 4081.706630000001 31975.65597866667 524830757.49188876 132.21350693702698
20 4081.706630000001 34727.0281254 534584242.1455278 138.64591908454895
21 4081.706630000001 34078.755894 562133952.6268481 145.08543300628662
22 4081.706630000001 33451.651369633335 563686999.3247341 151.511549949646
23 4081.706630000001 33545.44852093333 541165416.6575208 157.91935014724731
24 4081.706630000001 32722.103336533328 564386854.8210043 164.27388405799866
25 4081.706630000001 32126.972168599994 554862363.3873625 170.62667512893677
26 4081.706630000001 32689.379981000002 540278060.3110905 177.01381993293762
27 4081.706630000001 31569.132708099998 535811742.49567586 183.35225987434387
28 4066.3949000000025 33176.4051441 560385557.3151649 189.76395201683044
29 4066.3949000000025 34916.28567626666 584614521.1161679 196.2690019607544
30 4066.3949000000025 36957.32005286667 549206381.4300159 202.8651831150055
31 4066.3949000000025 34328.88137643333 574159188.7267537 209.35448002815247
32 4066.3949000000025 33909.95882676667 553719558.674457 215.8019437789917
33 4066.3949000000025 32539.57837046667 574532192.4353927 222.19356083869934
34 4066.3949000000025 33017.29826303333 540898967.749788 228.61359906196594
35 4066.3949000000025 32930.53435926666 529607975.6616251 235.05285787582397
36 4028.325730000003 34489.299518199994 562937317.6524222 241.51847791671753
37 4028.325730000003 33559.8591368 539329473.9812795 247.94657707214355
38 4028.325730000003 34101.46525466667 562837363.1985202 254.39234113693237
39 4028.325730000003 33690.7167671 526137095.6380781 260.81506991386414
40 4028.325730000003 32994.63751563333 516860475.35838234 267.2321491241455
41 4028.325730000003 32272.7637537 526139561.18210906 273.6097319126129
42 4028.325730000003 30076.200584399998 525625688.8477665 279.8753559589386
43 4028.325730000003 31261.54398516666 525570329.7445591 286.20021891593933
44 4028.325730000003 32102.201849966663 549821083.2985594 292.55751609802246
45 4028.325730000003 30300.44274873333 534974768.0386053 298.8441240787506
46 4028.325730000003 30047.72019406667 539965328.0572284 305.14166617393494
47 4028.325730000003 30853.108730099997 521414035.1094471 311.4597690105438
48 4028.325730000003 30861.628980566667 508279019.5701476 317.77760004997253
49 4028.325730000003 30275.0302829 512411514.64196646 324.067608833313
50 4028.325730000003 30377.45121036666 551499669.4121633 330.37799882888794
51 4028.325730000003 30505.533372 564422317.3379704 336.6981132030487
52 4028.325730000003 32806.4008354 547583297.6512921 343.0818519592285
53 4028.325730000003 31236.482577633335 568580274.4077374 349.39627408981323
54 4028.325730000003 30664.618804233334 540092805.9943355 355.6824519634247
55 4028.325730000003 29927.022438466665 533779476.6408857 361.95673513412476
56 4028.325730000003 29210.006400833336 532605982.5659023 368.2090802192688
57 4028.325730000003 29785.353116233335 526344225.2278257 374.5199680328369
58 4028.325730000003 29167.92401583333 543077168.2033936 380.76763916015625
59 4028.325730000003 30144.758097366666 519770128.4348063 387.08544397354126
60 4028.325730000003 30818.904536500002 539417374.5756698 393.40142011642456
61 4028.325730000003 32194.109533633327 570064474.3794985 399.7625560760498
62 4028.325730000003 31954.514129599997 578829339.4263843 406.12182998657227
63 4028.325730000003 32139.464690899997 552949144.6681701 412.52504897117615
64 4028.325730000003 32005.398918566665 547293196.2702398 418.8936939239502
65 4028.325730000003 30630.641873999997 559616660.8916231 425.2344570159912
66 4028.325730000003 31036.230227933334 556640602.3377846 431.59057807922363
67 4028.325730000003 31128.110182566666 552023404.1819396 437.9259989261627
68 4028.325730000003 30723.203134433334 525999460.1213366 444.2197787761688
69 4028.325730000003 30561.759368500003 522433915.7710594 450.50732016563416
70 4028.325730000003 32068.083411566666 530221390.4707034 456.8869090080261
71 4028.325730000003 33266.129043033325 522495345.0924459 463.3221130371094
72 4028.325730000003 30916.940376333332 578977824.0109518 469.63672614097595
73 4028.325730000003 32524.330216099992 543013995.3649081 476.0439591407776
74 4028.325730000003 33254.83753046666 535261162.68339336 482.46446108818054
75 4028.325730000003 34152.47240993333 549714255.2745852 488.9042298793793
76 4028.325730000003 31537.896389666672 538596390.4769884 495.2528269290924
77 4028.325730000003 31545.267255299997 539042077.5375375 501.6024851799011
78 4028.325730000003 32982.39347353333 547989093.2178727 508.01217317581177
79 4028.325730000003 33081.066447666664 529668982.96042573 514.41277384758
80 4028.325730000003 31556.384852633335 504930669.7333362 520.7749998569489
81 4028.325730000003 32192.085634266667 516694344.4328296 527.1557619571686
82 4028.325730000003 32716.511442599996 545730529.6566881 533.5592138767242
83 4028.325730000003 34532.747621300005 590051322.0722913 540.0478239059448
84 4028.325730000003 35036.324086366665 634991876.0306429 546.5462989807129
85 4028.325730000003 34760.84602116667 578544688.5563806 553.0297749042511
86 4028.325730000003 35494.33332236667 588288999.7703339 559.5441229343414
87 4028.325730000003 33198.7676691 572482486.7917055 565.9563729763031
88 4028.325730000003 32360.555952799998 559127506.2544926 572.3364460468292
89 4028.325730000003 32313.821149766663 546494621.0448064 578.7293798923492
90 4028.325730000003 32450.453548 495162632.97643816 585.1090738773346
91 4028.325730000003 30759.630010466662 502756942.0167806 591.4587659835815
92 4028.325730000003 34031.2617059 557388210.327018 597.921993970871
93 4028.325730000003 33660.13348553333 560080798.1362568 604.3735110759735
94 4028.325730000003 34174.08708486666 549010923.3464622 610.8470239639282
95 4028.325730000003 34684.6009966 586348549.1615641 617.3694570064545
96 4028.325730000003 31174.59844973333 514383918.31670326 623.7149798870087
97 4028.325730000003 32934.845921299995 560831634.6248187 630.1287360191345
98 4028.325730000003 31897.45748916667 542743382.6400638 636.5370020866394
99 4028.325730000003 33474.084800933335 553441259.9124634 643.0337100028992
100 4028.325730000003 34619.49200436666 497152321.57463634 649.530396938324
101 4028.325730000003 34852.12201476666 529039026.2577846 656.0115511417389
102 4028.325730000003 31887.68010273333 501966323.7515981 662.3826630115509
103 4028.325730000003 32541.40709516667 520401387.24683297 668.7946729660034
104 4028.325730000003 32156.558011233334 578654635.6335596 675.1700549125671
105 4028.325730000003 33055.459097566665 527211086.61478096 681.5706720352173
106 4028.325730000003 31929.3299586 549258345.944349 687.9643018245697
107 4028.325730000003 33529.8775446 562689763.1778241 694.4106030464172
108 4028.325730000003 31544.399341 534976165.8173247 700.7805478572845
109 4028.325730000003 33336.507486966664 559362108.6329598 707.1990990638733
110 4028.325730000003 31320.091663566665 573644703.1836677 713.536651134491
111 4028.325730000003 30328.512377799998 554799700.333588 719.8274660110474
112 4028.325730000003 32350.936819466664 563598631.0527023 726.2178111076355
113 4028.325730000003 33453.35053413333 540978996.3657027 732.6450109481812
114 4028.325730000003 32186.507695599998 510569319.7977481 739.0335540771484
115 4028.325730000003 31872.9045468 536360582.4306423 745.4106168746948
116 4028.325730000003 32497.552265599996 542090357.2925907 751.7823569774628
117 4028.325730000003 31401.294176999996 497435525.0108742 758.1557500362396
118 4028.325730000003 31720.874588099996 531661091.6715622 764.51127409935
119 4028.325730000003 31352.6495535 523419586.5774587 770.8971841335297
120 4028.325730000003 33418.91229999999 556038794.1049377 777.3293211460114
121 4028.325730000003 32460.611013666665 557354574.1139311 783.6925158500671
122 4028.325730000003 30440.395702299997 526409958.7705267 790.0088500976562
123 4028.325730000003 31459.110438066666 541383121.4432001 796.3937270641327
124 4028.325730000003 30428.482234333344 549179801.2255491 802.7288510799408
125 4028.325730000003 33573.34100186666 556015732.6843647 809.1814439296722
126 4028.325730000003 33555.87650756667 567441252.542596 815.6233401298523
127 4028.325730000003 31560.133255433328 504503734.3620738 821.9696710109711
128 4028.325730000003 29911.273328799998 500228380.4720984 828.2454359531403
129 4028.325730000003 31275.051469200003 539966540.9212197 834.6182420253754
130 4028.325730000003 30127.357186866662 577442775.2455074 840.9250531196594
131 4028.325730000003 31844.09152453333 531329310.09460896 847.2736210823059
132 4028.325730000003 31578.182944266664 547751340.5498751 853.6279199123383
133 4028.325730000003 31142.255489666666 517951894.6628949 859.9765598773956
134 4028.325730000003 33720.31468986667 574254120.4903915 866.4062349796295
135 4028.325730000003 30849.611038599996 548197805.5585356 872.7269570827484
136 4028.325730000003 30178.071373533334 524665048.97803587 879.117429971695
137 4028.325730000003 32230.244611500006 529625738.9048455 885.4802141189575
138 4028.325730000003 32807.21472683333 557024817.8892925 891.8693158626556
139 4028.325730000003 33526.82394276666 567854684.2349921 898.3099389076233
140 4028.325730000003 34464.08171996667 556625423.5507574 904.8112668991089
141 4028.325730000003 33799.85973676666 550040364.252015 911.2602241039276
142 4028.325730000003 31528.2322533 545160187.5329815 917.6270730495453
143 4028.325730000003 31210.211554299996 541371941.3284932 923.9695019721985
144 4028.325730000003 31262.834707099995 564532049.1959056 930.3073689937592
145 4028.325730000003 31996.106330766666 555141492.8641227 936.6666991710663
146 4028.325730000003 30486.458499666664 553464135.6061509 942.9628310203552
147 4028.325730000003 31422.427830299996 537274531.384243 949.2839958667755
148 4028.325730000003 32419.752368666665 523513560.43475974 955.6818430423737
149 4028.325730000003 31928.682430066667 538354627.1082429 962.0695459842682
150 4028.325730000003 32099.564796766663 543575362.1262141 968.4461290836334
151 4028.325730000003 32009.07015443333 565911261.7455378 974.8254599571228
152 4028.325730000003 31223.878585466668 579435928.8612338 981.155993938446
153 4028.325730000003 32659.982991066667 588005060.4746646 987.5429818630219
154 4028.325730000003 30658.266996233328 538849555.5555537 993.8758878707886
155 4028.325730000003 32828.87407566667 537104349.709727 1000.2783439159393
156 4028.325730000003 31650.088509933328 558231177.6408737 1006.6495010852814
157 4028.325730000003 31852.996883099997 527674153.09617084 1013.0031099319458
158 4028.325730000003 33160.52632993333 524104774.79775554 1019.4255530834198
159 4028.325730000003 33212.622693633326 556241871.3739551 1025.8437809944153
160 4028.325730000003 34641.51545803333 557115536.3822433 1032.360435962677
161 4028.325730000003 34584.103015066656 573665673.3742123 1038.8557710647583
162 4028.325730000003 34761.71945423333 546823055.0147992 1045.369472026825
163 4028.325730000003 36150.64041906666 562339300.3820516 1051.8980088233948
164 4028.325730000003 35758.35354593333 576692795.4857029 1058.405377149582
165 4028.325730000003 34428.11986 608336949.2185645 1064.86745595932
166 4028.325730000003 33632.3199343 601951423.9457812 1071.3151140213013
167 4028.325730000003 33416.937350366665 604156433.1155713 1077.7124500274658
168 4028.325730000003 32583.65513386667 581011198.6484809 1084.1500680446625
169 4028.325730000003 32362.64612876666 544988125.186666 1090.562432050705
170 4028.325730000003 32959.22659193333 545091035.8891517 1097.024034023285
171 4028.325730000003 32125.302150433323 517545226.3545343 1103.473461151123
172 4028.325730000003 30560.597640899996 526355337.4450928 1109.842397928238
173 4028.325730000003 31493.920479733337 513806283.77588826 1116.20698595047
174 4028.325730000003 31366.624729133327 498943999.0236269 1122.559070110321
175 4028.325730000003 31112.67576356667 521171125.60936654 1128.8942940235138
176 4028.325730000003 30981.778848266662 523297970.7526042 1135.2485880851746
177 4028.325730000003 30233.896439666667 533347696.4891516 1141.572762966156
178 4028.325730000003 30449.313522499997 560166904.0652871 1147.9015610218048
179 4028.325730000003 30570.140411166674 565920594.2937843 1154.2278637886047
180 4028.325730000003 32911.2126539 566919939.3204815 1160.6407499313354
181 4028.325730000003 33477.778571966664 569997069.897957 1167.07656788826
182 4028.325730000003 34443.10054973333 533792249.4267094 1173.5523710250854
183 4028.325730000003 33046.848228166666 559959456.2314789 1179.9900748729706
184 4028.325730000003 32609.766450033338 545276731.2786926 1186.4034140110016
185 4028.325730000003 32012.480045766664 537771582.234764 1192.7909030914307
186 4028.325730000003 32106.068827833336 555774504.1871248 1199.155590057373
187 4028.325730000003 33017.68586706666 564731872.915408 1205.5675899982452
188 4028.325730000003 33545.895545 563795884.466802 1212.0009911060333
189 4028.325730000003 34693.90801313333 569538908.2671921 1218.4880299568176
190 4028.325730000003 33025.63162149999 564812208.2800359 1224.9040739536285
191 4028.325730000003 34159.884989633334 553872234.7238896 1231.3448390960693
192 4028.325730000003 34313.44749199999 560055795.2251495 1237.833724975586
193 4028.325730000003 35093.41055486666 595534019.4730256 1244.3139369487762
194 4028.325730000003 34651.490557933335 546897392.2202605 1250.791198015213
195 4028.325730000003 35080.17018253333 529773401.2043306 1257.299404144287
196 4028.325730000003 34482.39975883333 537876780.567175 1263.775043964386
197 4028.325730000003 34714.90787766666 550122046.549323 1270.2559928894043
198 4028.325730000003 35045.45526573333 565636742.961014 1276.7804880142212
199 4028.325730000003 33873.30982209999 571687757.1231941 1283.2263188362122
200 4028.325730000003 32380.42214986666 571230649.206202 1289.6058139801025
201 4028.325730000003 32603.323537633332 543013686.3244369 1295.9744820594788
202 4028.325730000003 33562.46710476666 560685528.4462122 1302.395977973938
203 4028.325730000003 32914.59818683333 531247200.1247108 1308.822730064392
204 4028.325730000003 32280.225744599997 553230406.2655948 1315.2183871269226
205 4028.325730000003 32575.939611066668 510393026.1364856 1321.642788887024
206 4028.325730000003 32175.446773800006 504595308.9774498 1328.0478460788727
207 4028.325730000003 33041.03635103334 516799898.0540295 1334.4525940418243
208 4028.325730000003 32220.3884582 497605409.01435345 1340.8538010120392
209 4028.325730000003 32264.134787199993 550553377.1648922 1347.2776048183441
210 4028.325730000003 34219.4357514 549347379.4900627 1353.7504851818085
211 4028.325730000003 32863.69653363333 516060638.65444654 1360.1816000938416
212 4028.325730000003 33548.532392199995 554657091.4410114 1366.6006560325623
213 4028.325730000003 33074.4542531 526029549.0915592 1373.0138680934906
214 4028.325730000003 33573.0741112 531439029.78598654 1379.4602010250092
215 4028.325730000003 33055.52280006667 520750537.5956844 1385.9009099006653
216 4028.325730000003 32791.807472033324 535585549.59523743 1392.3102090358734
217 4028.325730000003 31917.44179163333 523243382.4949295 1398.687893152237
218 4028.325730000003 31595.969512233336 535050659.86751026 1405.0489599704742
219 4028.325730000003 30749.89595183333 482835249.9486318 1411.3949980735779
220 4028.325730000003 31201.591704566665 516092334.929833 1417.7367188930511
221 4028.325730000003 33244.07527186667 527566873.5194413 1424.178081035614
222 4028.325730000003 33467.935648599996 547451272.2445651 1430.6168551445007
223 4028.325730000003 33356.99440913333 503934939.6517432 1437.0387890338898
224 4028.325730000003 32478.84554466666 503290435.7320371 1443.4364938735962
225 4028.325730000003 32776.35309493333 475451327.8261894 1449.8722598552704
226 4028.325730000003 31835.306382833336 492745547.5237324 1456.2743771076202
227 4028.325730000003 31334.575122433336 489077097.35376996 1462.8499910831451
228 4028.325730000003 31424.611138266668 505426638.92979795 1469.19948387146
229 4028.325730000003 33449.20215126666 555928473.0716099 1475.6484801769257
230 4028.325730000003 34358.18154413333 587705804.6473169 1482.100835800171
231 4028.325730000003 34421.34241956666 559346757.141162 1488.567195892334
232 4028.325730000003 31301.42040913333 548975465.2054366 1494.9325859546661
233 4028.325730000003 31470.707805399994 511765962.3492686 1501.2762010097504
234 4028.325730000003 31004.94852203333 511164157.4298513 1507.6349158287048
235 4028.325730000003 33109.558846466665 572293880.7209507 1514.0355279445648
236 4028.325730000003 32858.52517546667 559490051.398884 1520.4500229358673
237 4028.325730000003 33036.4479518 539555419.6061597 1526.8535950183868
238 4028.325730000003 32406.69202776667 543002137.4900156 1533.256253004074
239 4028.325730000003 32462.720431466667 524609753.7186632 1539.6463241577148
240 4028.325730000003 32037.544146066655 535201592.22107667 1546.0320370197296
241 4028.325730000003 30791.34382373333 530541268.6113487 1552.3386240005493
242 4028.325730000003 31461.815400899995 531303076.66719544 1558.708876132965
243 4028.325730000003 31126.84713926667 552999331.602391 1565.0707590579987
244 4028.325730000003 30215.49545833333 538929322.7830001 1571.4091839790344
245 4028.325730000003 31447.665164566668 559441646.6030558 1577.7606439590454
246 4028.325730000003 32392.208373 514109558.47723156 1584.1551351547241
247 4028.325730000003 33246.07312153333 529162219.91850483 1590.5857191085815
248 4028.325730000003 33814.7742212 532751450.17837167 1597.0581290721893
249 4028.325730000003 34719.99939030001 549287875.0385705 1603.526302099228
4028.325730000003 1609.9881789684296
