MQ3
250 4275.43167
1
0 9223372036854775807 85932.98062153344 24379960.580406997 5.4587438106536865
1 30148.85867999999 82907.25409653343 40714853.021740265 14.902336835861206
2 15335.267839999977 71397.53456360007 324739613.0583485 22.936694860458374
3 6894.115069999998 59700.52250540003 596700437.5450721 30.17468810081482
4 4768.342139999998 48292.0949849667 795958605.3739427 36.773913860321045
5 4553.713589999999 44562.37973943336 809123284.3526484 43.30545687675476
6 4553.713589999999 42105.02779976669 804541670.245464 49.80174398422241
7 4312.626639999999 38556.983873766694 779580108.8296192 56.11750888824463
8 4312.626639999999 38043.15646383336 820782151.2768697 62.39315390586853
9 4312.626639999999 37884.62852560003 823841996.5270579 68.67243075370789
10 4312.626639999999 36871.45052346669 795675072.0658385 74.9332959651947
11 4312.626639999999 37084.26452476669 845631716.6043156 81.19187474250793
12 4312.626639999999 38758.897113500025 871628448.5366145 87.51496887207031
13 4312.626639999999 38596.20430360003 856820174.9744946 93.83506274223328
14 4312.626639999999 38853.12863513336 842762484.1273397 100.15978503227234
15 4312.626639999999 39155.28726696669 835216425.0284785 106.48694396018982
16 4312.626639999999 40352.62617483336 831626474.4332719 112.87025094032288
17 4312.626639999999 40408.79763626669 822940197.876584 119.21956586837769
18 4312.626639999999 40164.008106033354 827635535.5061425 125.61416792869568
19 4275.43167 40051.76843070002 796142209.3994608 131.99851989746094
20 4275.43167 40000.23178653337 827967786.4837471 138.4050989151001
21 4275.43167 39607.82392440002 822971694.9798704 144.76494479179382
22 4275.43167 40053.769240166686 753377491.9971204 151.1722719669342
23 4275.43167 40327.96938576669 800044109.395405 157.55914187431335
24 4275.43167 40705.503682133356 836022664.4580809 163.98536086082458
25 4275.43167 38610.58271573336 828076251.0251088 170.33655285835266
26 4275.43167 37573.31652076669 767866523.9511575 176.654935836792
27 4275.43167 37256.11893103336 751868727.453017 183.02139282226562
28 4275.43167 38496.090672666694 786615303.664125 189.3922188282013
29 4275.43167 38405.402714633354 761051625.1914644 195.73173189163208
30 4275.43167 39068.86672276669 800993783.7125806 202.11111879348755
31 4275.43167 39092.95582683336 836456615.6003076 208.48124194145203
32 4275.43167 39415.46926600002 819654480.1757799 214.85486793518066
33 4275.43167 39004.436051000026 769633764.8750279 221.21958303451538
34 4275.43167 37509.97877256669 808349958.9427662 227.56759405136108
35 4275.43167 39382.653685700025 782822228.5326511 233.95691394805908
36 4275.43167 39988.485122833365 847418470.5263088 240.36133575439453
37 4275.43167 37041.56112303336 780331791.465411 246.67382192611694
38 4275.43167 35634.87246880002 813947416.3446972 252.94333600997925
39 4275.43167 37188.141967033356 803679091.9707993 259.2522339820862
40 4275.43167 37957.34512703335 799062103.0818654 265.59837913513184
41 4275.43167 38070.427545866696 802645051.3104266 271.9580397605896
42 4275.43167 39726.11483970003 831900342.3588244 278.37006187438965
43 4275.43167 38918.86778983336 786478869.1821725 284.7612888813019
44 4275.43167 38139.76199000002 780679180.6919943 291.0953059196472
45 4275.43167 39442.11247930003 780013157.0923425 297.4649910926819
46 4275.43167 37971.616212033354 795733799.8375813 303.79093384742737
47 4275.43167 37678.81854296669 765896384.3832477 310.16531586647034
48 4275.43167 36601.08005693336 777820632.5451025 316.44637799263
49 4275.43167 37631.41031750002 748821165.0714356 322.7857060432434
50 4275.43167 37941.438179700024 783335170.7987841 329.1298267841339
51 4275.43167 35869.614190366694 765946054.3802723 335.3981828689575
52 4275.43167 37293.539861700025 803480550.3688916 341.7039408683777
53 4275.43167 35625.28437090002 818165646.8722115 347.9859528541565
54 4275.43167 37229.44883243336 820663790.3362141 354.3029749393463
55 4275.43167 39029.786715566705 885282047.0819179 360.63986372947693
56 4275.43167 39061.187728800025 840388134.0827303 367.0222580432892
57 4275.43167 38539.79748040003 771232187.0006422 373.40743470191956
58 4275.43167 41366.17986416669 787397331.2941266 379.85942101478577
59 4275.43167 41517.22559560003 862942880.2262573 386.31271409988403
60 4275.43167 37515.40565090002 782900612.9095291 392.63872599601746
61 4275.43167 37135.78187493335 791525516.6176302 398.9540259838104
62 4275.43167 38093.30233916669 774697387.8270142 405.29549288749695
63 4275.43167 36626.29535353335 796277536.3822774 411.605046749115
64 4275.43167 37767.86076880003 826044253.5923485 417.9903156757355
65 4275.43167 39294.11095176669 879095323.1560383 424.35962891578674
66 4275.43167 36200.671986933354 835095509.4515741 430.63663601875305
67 4275.43167 37633.72784876669 866646117.1685084 436.97004866600037
68 4275.43167 39729.547071266694 822988084.0938237 443.34818482398987
69 4275.43167 40211.62032676669 766740419.8554665 449.7457699775696
70 4275.43167 38821.41315473335 742806451.3295045 456.0971779823303
71 4275.43167 37491.54749080002 741276377.5018994 462.4374489784241
72 4275.43167 37335.76863516668 699077442.1453292 468.78327083587646
73 4275.43167 38162.59902136669 726419703.5840466 475.13562393188477
74 4275.43167 38697.03743480003 805366459.2392795 481.4990448951721
75 4275.43167 40007.25727380002 803779646.6735268 487.9251947402954
76 4275.43167 39807.407782000024 793912262.0645986 494.319983959198
77 4275.43167 39328.7160518667 850536696.4051603 500.70241689682007
78 4275.43167 40588.88982993337 829144146.9986304 507.1119558811188
79 4275.43167 38317.81199150002 842127306.9398438 513.48082280159
80 4275.43167 37546.34388450002 786099394.1086234 519.79465675354
81 4275.43167 40581.964287333365 852431987.4626098 526.2301599979401
82 4275.43167 40537.45357530003 881782520.3909702 532.6779117584229
83 4275.43167 39645.22871740002 788355248.73113 539.1000709533691
84 4275.43167 38173.87696956669 810451731.8074574 545.4444859027863
85 4275.43167 38648.718075666686 723482695.7998041 551.8233790397644
86 4275.43167 37843.758540666684 776789847.7006646 558.2015397548676
87 4275.43167 38170.780744266696 795224367.8003463 564.613315820694
88 4275.43167 37703.897108833364 812741202.7387795 570.9857449531555
89 4275.43167 37729.859051766696 772115587.4825824 577.3548638820648
90 4275.43167 37539.65333293336 781057998.2054719 583.7087728977203
91 4275.43167 36342.77863270002 761871531.8872393 590.0032069683075
92 4275.43167 35509.341961933365 820502481.8632073 596.2976188659668
93 4275.43167 36309.16981120003 779835182.706277 602.5834419727325
94 4275.43167 37482.36841520003 773399406.4749851 608.9234130382538
95 4275.43167 38355.96715370003 788291705.1180409 615.2874069213867
96 4275.43167 37366.59161740002 771995908.2696043 621.6254649162292
97 4275.43167 39477.497155800025 775887623.9008411 628.0256578922272
98 4275.43167 39757.768375500025 769625586.4342664 634.4460427761078
99 4275.43167 42435.51600623336 807048796.8943104 640.9216408729553
100 4275.43167 42059.21755160003 778539364.3184409 647.3767528533936
101 4275.43167 39828.04236076669 733275197.1063958 653.8178458213806
102 4275.43167 37044.74336086669 857945812.7715814 660.1170787811279
103 4275.43167 37990.65516523336 811000692.3414177 666.4703779220581
104 4275.43167 36654.43609673336 830035287.5009695 672.7855088710785
105 4275.43167 38699.87322553336 790460358.8351104 679.1591398715973
106 4275.43167 39999.736153866696 794128433.2575943 685.5729019641876
107 4275.43167 40038.54976476669 822881739.0102913 691.9923946857452
108 4275.43167 40880.382289633366 842873028.3987515 698.4496779441833
109 4275.43167 42097.8480181667 771667146.0450706 704.9256088733673
110 4275.43167 40678.6994768667 791594128.8697149 711.3785479068756
111 4275.43167 37998.054895200024 774937692.2939893 717.7338137626648
112 4275.43167 39047.29224436669 792138816.392313 724.1268198490143
113 4275.43167 38040.33394496669 839139770.9278121 730.4649128913879
114 4275.43167 37819.04710473335 796267970.6888635 736.7985348701477
115 4275.43167 40269.67196206669 777666154.261239 743.1919708251953
116 4275.43167 42590.05221183337 797132352.405775 749.7041339874268
117 4275.43167 41536.288599666696 795385979.0347062 756.1493849754333
118 4275.43167 43479.8182108667 757491677.3827014 762.6689648628235
119 4275.43167 40641.82674933337 776001989.7668121 769.0956199169159
120 4275.43167 38972.74790353337 802580422.3319907 775.5008268356323
121 4275.43167 39408.58349000003 796422456.5581142 781.9059569835663
122 4275.43167 38409.46129543336 797966959.4712098 788.2682330608368
123 4275.43167 39312.50608023336 781331261.7532876 794.6679599285126
124 4275.43167 41026.21895950002 803372556.4111557 801.1285829544067
125 4275.43167 41747.44457270003 802751654.2637459 807.5856490135193
126 4275.43167 39720.020005933366 790933240.0368885 813.9902338981628
127 4275.43167 39638.12738226669 811782395.5121204 820.3641049861908
128 4275.43167 38860.18146373337 802753395.9208398 826.740700006485
129 4275.43167 40208.04509960003 778661466.2062687 833.1418597698212
130 4275.43167 38104.83650480002 814323945.6834953 839.4925699234009
131 4275.43167 38585.270243466686 787171181.9606329 845.836452960968
132 4275.43167 39784.9971566667 775932579.0290024 852.2477357387543
133 4275.43167 37961.048503800026 788963490.24135 858.5920648574829
134 4275.43167 38587.31381393336 777602196.0412198 864.9627449512482
135 4275.43167 39461.6679219667 796359259.844984 871.366546869278
136 4275.43167 40785.30864276669 808981909.548655 877.8153259754181
137 4275.43167 41498.13605403336 849690454.379721 884.270122051239
138 4275.43167 40776.50305580003 829503121.1087909 890.7040100097656
139 4275.43167 40712.37524060002 865149059.0232023 897.1565489768982
140 4275.43167 40832.834426400026 837876743.2624373 903.5917708873749
141 4275.43167 37650.21050153336 822510704.642594 909.9417600631714
142 4275.43167 39283.30768603336 837211721.5834557 916.3146598339081
143 4275.43167 38429.81862336669 847505458.6403866 922.6648409366608
144 4275.43167 38163.09372323335 815651333.3337853 929.034040927887
145 4275.43167 38838.64406950002 802189575.7584019 935.4069359302521
146 4275.43167 38888.67943573336 776669593.1754459 941.762937784195
147 4275.43167 38685.69263220003 754896207.1331335 948.1542208194733
148 4275.43167 38482.50628680002 818108632.5527635 954.521791934967
149 4275.43167 40091.7540140667 822668591.3703403 960.9368751049042
150 4275.43167 37709.359337233356 814764699.2197895 967.2787847518921
151 4275.43167 36202.42809606669 777568344.4093099 973.5489599704742
152 4275.43167 37871.12535940003 775087731.2329838 979.8915877342224
153 4275.43167 39607.3010803667 794949938.1476749 986.3153049945831
154 4275.43167 39681.04113680003 794972651.1571681 992.7180469036102
155 4275.43167 39845.22904123336 846934674.0264666 999.1320199966431
156 4275.43167 39690.43194926669 813010460.3987164 1005.5425980091095
157 4275.43167 38543.78868453336 788235880.4574064 1011.9210319519043
158 4275.43167 37438.97788673335 757558396.9731673 1018.2642829418182
159 4275.43167 38502.96727390002 786364777.4394112 1024.6113150119781
160 4275.43167 39820.31029366669 764255785.9107555 1031.0353150367737
161 4275.43167 40999.619939966695 781302003.3049561 1037.4929537773132
162 4275.43167 40206.64589633336 778977931.9907373 1043.9182569980621
163 4275.43167 40197.83615556669 845001473.5359977 1050.3268768787384
164 4275.43167 38390.394302300025 809694159.4056331 1056.6585087776184
165 4275.43167 39107.073967933364 815200079.5107692 1063.055499792099
166 4275.43167 40803.89984613337 830270078.8968564 1069.5001130104065
167 4275.43167 40301.572464000026 856048578.1798407 1075.989650964737
168 4275.43167 39720.74409953336 816167037.795168 1082.3970067501068
169 4275.43167 39143.854244300026 831785253.7468214 1088.7682518959045
170 4275.43167 40130.625108633365 834137903.1832238 1095.1731579303741
171 4275.43167 40173.831260800034 821840359.7420998 1101.5927240848541
172 4275.43167 40242.44046440003 831288857.2545028 1108.028716802597
173 4275.43167 40293.716801433366 857569989.7237725 1114.4802179336548
174 4275.43167 38932.98732290002 865031326.8243353 1120.872299671173
175 4275.43167 37808.56775126668 818200874.3697225 1127.1931538581848
176 4275.43167 40315.10903763336 871824756.5529643 1133.6074979305267
177 4275.43167 40928.43998553336 829542148.8829126 1140.0645587444305
178 4275.43167 40728.90408223336 854151023.3446798 1146.4909310340881
179 4275.43167 41226.99810153337 887036339.3181392 1152.932303905487
180 4275.43167 40011.15986513336 810225536.3108505 1159.3344037532806
181 4275.43167 37531.37010603336 810751418.98737 1165.6569900512695
182 4275.43167 37209.636562566695 773287728.9667236 1172.0183110237122
183 4275.43167 38910.62641926669 822300292.2519302 1178.4081099033356
184 4275.43167 40436.599401733365 814302987.7651289 1184.8414187431335
185 4275.43167 40592.20178326669 822444500.8326671 1191.2646238803864
186 4275.43167 41204.59455746669 859712617.4936141 1197.6960189342499
187 4275.43167 39859.115265366694 861662780.7437539 1204.1213128566742
188 4275.43167 39656.3923671667 865711892.9221251 1210.5274958610535
189 4275.43167 41552.1013253667 864965554.2285036 1216.9928557872772
190 4275.43167 41240.0736612667 854073241.6180062 1223.4312148094177
191 4275.43167 38607.54302853336 862781227.3247699 1229.7733299732208
192 4275.43167 38572.35169746669 834496573.8658553 1236.1477279663086
193 4275.43167 37276.74696166669 823692710.8575146 1242.4626576900482
194 4275.43167 37906.35652543336 911661954.3453699 1248.8069269657135
195 4275.43167 38503.92018370003 825419107.046792 1255.1749348640442
196 4275.43167 40326.88798440003 871029370.2305695 1261.6303207874298
197 4275.43167 39306.74818783336 818022153.4061161 1268.0379190444946
198 4275.43167 39726.13678543335 769034234.8317353 1274.4496388435364
199 4275.43167 38537.288360700026 819277238.0776762 1280.803927898407
200 4275.43167 38267.299696766684 791383978.1445976 1287.1666467189789
201 4275.43167 38469.86152566669 816131975.5148104 1293.5261797904968
202 4275.43167 38394.0122851667 783913190.5625691 1299.889023065567
203 4275.43167 38741.22233173336 836499075.3664787 1306.2516849040985
204 4275.43167 39827.33723920003 893663858.3103142 1312.6529748439789
205 4275.43167 39018.20243060003 859080690.820328 1319.0180480480194
206 4275.43167 39808.23676103336 877175849.0925357 1325.3967669010162
207 4275.43167 40473.6972425667 886520552.9330815 1331.8107199668884
208 4275.43167 40668.00067793337 850374968.413295 1338.2557039260864
209 4275.43167 38446.92824403337 836097725.4308281 1344.637750864029
210 4275.43167 39107.35093713336 859863076.7178944 1351.023319721222
211 4275.43167 40058.68464773336 789537796.3355393 1357.4506347179413
212 4275.43167 38125.346985933356 831010856.9766262 1363.8007879257202
213 4275.43167 37283.16010856669 766696712.5560639 1370.113343000412
214 4275.43167 38014.516115666695 778518661.2042913 1376.4483358860016
215 4275.43167 38345.80652413336 824762084.6073784 1382.808453798294
216 4275.43167 39686.43270780003 831561881.2331836 1389.214303970337
217 4275.43167 39941.59487090004 865191882.3327498 1395.625263929367
218 4275.43167 40587.9673530667 819687132.4742755 1402.063057899475
219 4275.43167 38856.66920896669 840071269.4214402 1408.427710056305
220 4275.43167 38630.75975550002 767647517.2893789 1414.7830789089203
221 4275.43167 39057.88141146669 749135104.6057417 1421.1681678295135
222 4275.43167 36024.51646440002 725881785.0410323 1427.4563410282135
223 4275.43167 37735.2485913667 744139106.6135206 1433.7784810066223
224 4275.43167 39381.6731153667 746664094.3117958 1440.195102930069
225 4275.43167 39166.02588993336 731344929.8657521 1446.5792949199677
226 4275.43167 37684.70774783336 810369829.756504 1452.9126937389374
227 4275.43167 38378.45760886669 774986473.3970237 1459.2692248821259
228 4275.43167 37286.64369186669 779664363.3258364 1465.6191687583923
229 4275.43167 38011.89042306669 815888095.827724 1471.9618787765503
230 4275.43167 38286.04564803336 769878662.6068522 1478.3177769184113
231 4275.43167 38956.497277433366 769550629.7755849 1484.7142217159271
232 4275.43167 36933.78466100003 805474905.3448495 1491.0345327854156
233 4275.43167 36761.43620446669 755978371.6479288 1497.3624420166016
234 4275.43167 36792.22194230002 781038040.8199551 1503.666319847107
235 4275.43167 36073.264566633356 760186879.7200332 1509.9664866924286
236 4275.43167 36736.45118603335 724818389.7407168 1516.2775478363037
237 4275.43167 39226.52792963336 776246415.5268501 1522.6794168949127
238 4275.43167 39207.019830700025 795990053.1477116 1529.062924861908
239 4275.43167 40215.92117423336 852265136.1467878 1535.5091049671173
240 4275.43167 40034.49303626669 804754851.3547736 1541.9440169334412
241 4275.43167 39330.60167060003 798516495.9349239 1548.3393228054047
242 4275.43167 39493.29343263336 830969922.508914 1554.7481489181519
243 4275.43167 40475.93817873336 852614190.8823385 1561.1731107234955
244 4275.43167 40926.82712630003 834080444.5569265 1567.622356891632
245 4275.43167 40525.11813353336 816428358.2488688 1574.0653789043427
246 4275.43167 40719.71653790003 809134820.3986865 1580.5550737380981
247 4275.43167 41126.92568966669 804035784.1739186 1586.984668970108
248 4275.43167 40647.28216876669 768558748.1392798 1593.408921957016
249 4275.43167 38271.04476050002 772506254.668607 1599.7948670387268
4275.43167 1606.1516768932343
2
0 9223372036854775807 86773.20152513344 27243738.549757954 5.382751941680908
1 29533.113699999943 82654.17298516678 53778110.78246386 14.687991619110107
2 11159.304190000006 69939.6969400334 402258926.66183007 22.50264072418213
3 5901.016039999999 58765.87727193338 647636287.1697704 29.599721908569336
4 5397.399650000002 51479.58996093338 824907794.3624269 36.30467891693115
5 5171.9354899999935 47086.90011993337 847604694.9019868 42.87001276016235
6 4989.569109999998 45425.92020230004 809232964.6241271 49.419575691223145
7 4638.849960000007 43068.51500860003 774881035.0996224 55.868183612823486
8 4638.849960000007 42912.18462283336 815774318.999089 62.328449010849
9 4538.00603 43577.648436066695 788954713.1111518 68.7907247543335
10 4497.461060000003 44239.78763943337 875721228.9226327 75.31492280960083
11 4342.290429999998 39318.295319066696 858404370.5221769 81.6651508808136
12 4342.290429999998 40043.700555033356 811974249.6942588 88.03028678894043
13 4342.290429999998 41031.17246330003 899188454.2289807 94.41928768157959
14 4342.290429999998 41927.11665870002 860272277.1037587 100.86133766174316
15 4342.290429999998 39601.63364650002 832740698.3611897 107.23092079162598
16 4342.290429999998 42051.846360266696 841207188.092042 113.68321371078491
17 4342.290429999998 40633.06020150003 790838262.8670007 120.09707379341125
18 4325.615600000003 38654.6312328667 818313482.8448306 126.4255039691925
19 4325.615600000003 39910.54921696669 815956951.8586789 132.8588616847992
20 4325.615600000003 40063.626143033354 833475482.6317692 139.2703447341919
21 4325.615600000003 38536.98270550003 798793592.1577312 145.63564777374268
22 4325.615600000003 38347.643133133366 841140338.647345 151.9940037727356
23 4325.615600000003 36168.58085193336 816660045.4257966 158.27049279212952
24 4325.615600000003 38602.98757223336 792653541.8433446 164.62935495376587
25 4325.615600000003 38068.42773443336 845341449.9304179 170.9461009502411
26 4325.615600000003 38574.56260400002 766710347.4157914 177.32154273986816
27 4325.615600000003 37476.85158810002 739442942.635208 183.66682171821594
28 4325.615600000003 37242.42211290002 754216374.9947693 189.96927881240845
29 4325.615600000003 35502.834005566685 718023343.9671508 196.214204788208
30 4325.615600000003 36901.31252826668 744237552.1091111 202.51514983177185
31 4325.615600000003 37193.64631606668 797161005.0760593 208.8317997455597
32 4325.615600000003 37211.59118996668 826144692.1694717 215.16534185409546
33 4325.615600000003 37996.58696186669 781117052.9372727 221.4936168193817
34 4325.615600000003 39295.95677330003 825084511.1528182 227.8781168460846
35 4325.615600000003 38006.23000526669 802339202.7874211 234.2511706352234
36 4325.615600000003 36916.10517310002 779715033.5132774 240.5675709247589
37 4325.615600000003 39224.64628023336 800945472.6313244 246.95646476745605
38 4284.506000000002 39515.39555740003 840316034.0767431 253.34645175933838
39 4284.506000000002 36936.11081896669 864024423.8120813 259.66653990745544
40 4284.506000000002 36481.46968020002 851265792.3869041 265.95972776412964
41 4284.506000000002 36509.75406303335 786512748.7810471 272.2598326206207
42 4284.506000000002 36964.20375580002 773823145.2483606 278.59052062034607
43 4284.506000000002 40514.085714400026 789544981.2085454 285.0105299949646
44 4284.506000000002 40108.55055510003 858509841.1314479 291.4325978755951
45 4284.506000000002 40454.16913540003 861371200.922057 297.860045671463
46 4284.506000000002 39236.52857806669 806307384.6617664 304.248655796051
47 4284.506000000002 39645.56899820003 792747020.6468192 310.66910099983215
48 4284.506000000002 37042.784088333356 751129533.05975 317.0091059207916
49 4284.506000000002 38091.14681320003 829917136.4836966 323.34486865997314
50 4284.506000000002 40101.41910513336 795182372.6606448 329.78052496910095
51 4284.506000000002 40975.536250066696 839377135.4447759 336.21695590019226
52 4284.506000000002 38498.109316933354 797237217.7174424 342.5635597705841
53 4284.506000000002 37825.18287946669 793467411.5582292 348.9072709083557
54 4284.506000000002 39238.43545463336 811265681.3593923 355.2786958217621
55 4284.506000000002 38933.51892236669 776752687.3528954 361.63426303863525
56 4284.506000000002 37799.28043763336 803198208.7109957 367.9627137184143
57 4284.506000000002 36759.72601006669 755904616.4644138 374.28421092033386
58 4284.506000000002 37902.107336566696 825491901.7023923 380.6541979312897
59 4284.506000000002 41047.16968800003 884746309.6859974 387.0855438709259
60 4284.506000000002 37829.58546323336 857296643.8835754 393.43935084342957
61 4284.506000000002 39908.737477300034 919762124.0861025 399.8540589809418
62 4284.506000000002 38696.03195546669 863300476.3662148 406.2315797805786
63 4284.506000000002 38188.87790626669 818763173.8254397 412.58395171165466
64 4284.506000000002 37457.57521493336 786737786.1481649 418.9089207649231
65 4284.506000000002 37665.17210513336 811521213.1834615 425.2562298774719
66 4284.506000000002 37279.897773233366 869444891.2703446 431.6154148578644
67 4284.506000000002 38459.60668223336 873287014.0921562 438.00482082366943
68 4284.506000000002 39043.361601166696 821173364.0629832 444.3614637851715
69 4284.506000000002 41116.45094736669 796022302.5911566 450.81654381752014
70 4284.506000000002 39633.433769166695 760940724.9744959 457.20012378692627
71 4284.506000000002 38208.49294640002 723234242.9198482 463.6303679943085
72 4284.506000000002 40265.65814310003 787630757.8976313 470.09131383895874
73 4284.506000000002 40462.042327266696 830647950.28512 476.5023527145386
74 4284.506000000002 39877.50045373336 866660489.5032928 482.9516637325287
75 4284.506000000002 39367.974233300025 831858834.4988501 489.3431758880615
76 4284.506000000002 41792.93180883335 889810800.861889 495.83178782463074
77 4275.43167 41281.82994483337 877217700.3674676 502.2520308494568
78 4275.43167 39017.3782873667 854326207.6618575 508.6466557979584
79 4275.43167 36814.76571170002 802629628.1884208 514.9797728061676
80 4275.43167 38192.62731103336 786179689.868811 521.3418486118317
81 4275.43167 38317.201717966695 790801705.6303604 527.741329908371
82 4275.43167 39508.57352123336 853079967.2107762 534.1383898258209
83 4275.43167 40101.16610623336 818885320.2225759 540.5334477424622
84 4275.43167 39894.06711143336 800156088.5713063 546.9554047584534
85 4275.43167 38666.23252973335 889763293.7830023 553.3140227794647
86 4275.43167 43507.88023100004 843286980.562676 559.8286418914795
87 4275.43167 40827.364654933364 867722540.4457208 566.2741277217865
88 4275.43167 39955.68514220002 845379501.1404555 572.6952638626099
89 4275.43167 42236.1158412667 884389441.8051548 579.1847407817841
90 4275.43167 39030.845999600024 842399240.8517722 585.5741727352142
91 4275.43167 41402.27560746669 841034672.7349288 592.005313873291
92 4275.43167 41573.13328120003 844635915.585327 598.4816026687622
93 4275.43167 43168.75880270003 848032995.1819514 604.9908847808838
94 4275.43167 41163.44507843336 827891133.6302788 611.4470357894897
95 4275.43167 40085.15708523335 822802267.5118062 617.9091928005219
96 4275.43167 40643.833630366695 815343157.3383417 624.356714963913
97 4275.43167 39733.13345493336 809939744.0358319 630.7712488174438
98 4275.43167 40837.938113633354 814606689.4500903 637.1943578720093
99 4275.43167 41949.250069166694 809555649.618077 643.6887328624725
100 4275.43167 39317.97243933336 791659052.0488454 650.0525307655334
101 4275.43167 40485.382469866694 794903388.3309858 656.473653793335
102 4275.43167 38744.823142233356 775857061.1108085 662.8687937259674
103 4275.43167 39864.245318033354 771359764.0327224 669.2918598651886
104 4275.43167 39977.96237560002 757375221.0998155 675.7129788398743
105 4275.43167 44296.77776230004 851936796.343296 682.2898218631744
106 4275.43167 39911.99525673336 881749230.6497799 688.7050077915192
107 4275.43167 40331.91469230002 841229125.8651009 695.144122838974
108 4275.43167 41008.08549686669 835763461.4813006 701.6064367294312
109 4275.43167 41355.21694163336 812425322.0402598 708.0681688785553
110 4275.43167 39663.523389500035 824855028.2962041 714.5049059391022
111 4275.43167 38731.59432130002 813516674.4859314 720.8362329006195
112 4275.43167 39807.079803366694 804477947.4023823 727.250670671463
113 4275.43167 38850.875995133356 902856943.4723747 733.6503479480743
114 4275.43167 38804.211039200025 842234722.9408816 740.0153946876526
115 4275.43167 35415.36473663336 797857532.1050106 746.243635892868
116 4275.43167 39505.87005613336 891371703.797661 752.6460008621216
117 4275.43167 39057.190436700024 808595181.2791722 759.0098497867584
118 4275.43167 40137.978748100024 837334133.3569026 765.4171657562256
119 4275.43167 38980.5601478667 897230662.2503492 771.8004698753357
120 4275.43167 38903.842036166694 875380890.5898454 778.1594407558441
121 4275.43167 39737.896946266694 803990859.3574054 784.587887763977
122 4275.43167 40181.2757335667 821799485.6407862 791.0105357170105
123 4275.43167 38658.04016963335 794226502.6040204 797.3709969520569
124 4275.43167 38806.95878320003 819200280.2674314 803.7560617923737
125 4275.43167 38709.57309410003 793008603.9136509 810.1290009021759
126 4275.43167 37563.11465423336 825072253.1603608 816.4591867923737
127 4275.43167 37027.590690533354 777251481.9205086 822.7749218940735
128 4275.43167 35600.93489960002 778603207.2537488 829.0803389549255
129 4275.43167 40151.152248766695 878735349.6359271 835.5080587863922
130 4275.43167 39011.7421595667 832248637.3166504 841.8816466331482
131 4275.43167 38150.74376870003 822515066.8923725 848.2181119918823
132 4275.43167 37205.28765950003 804070790.3009367 854.5532038211823
133 4275.43167 40870.33810823336 823368297.2775606 860.9751658439636
134 4275.43167 39799.74859373336 822398045.1653439 867.398512840271
135 4275.43167 42471.3322613667 831624109.7234299 873.9031579494476
136 4275.43167 43132.2116216667 851961282.7613219 880.4317517280579
137 4275.43167 40900.02192100002 777815822.6632469 886.8830399513245
138 4275.43167 36518.68280706669 752051001.4686353 893.1681427955627
139 4275.43167 38739.24832320003 779028118.8276161 899.5653827190399
140 4275.43167 40510.59995923337 801428048.4905822 906.0013649463654
141 4275.43167 38794.052885133366 852380523.778763 912.3700249195099
142 4275.43167 40872.7362391667 831062742.6302686 918.8276147842407
143 4275.43167 40415.98456493336 811096891.8769419 925.2650628089905
144 4275.43167 40113.252141866695 845299840.5459214 931.6884038448334
145 4275.43167 39522.47093983336 783743572.1856582 938.1132907867432
146 4275.43167 39554.58437053336 801355573.7594942 944.5180070400238
147 4275.43167 36178.58798296669 800618592.2024403 950.8200497627258
148 4275.43167 39934.70035476669 798342396.5344187 957.2459588050842
149 4275.43167 38823.26193060002 778431677.8401837 963.6213517189026
150 4275.43167 36893.14562063336 820338795.6044508 969.9301798343658
151 4275.43167 37376.146236533365 814205650.1302391 976.2557158470154
152 4275.43167 39999.76028820003 861966596.1547668 982.6794488430023
153 4275.43167 36988.469580800025 815058909.0875908 989.0119559764862
154 4275.43167 37872.27012473336 774836821.9020675 995.3519468307495
155 4275.43167 39324.49047283335 794035348.4026377 1001.763917684555
156 4275.43167 39232.44425190003 781152522.8496081 1008.1514058113098
157 4275.43167 40177.644023533365 857646990.3597298 1014.6078839302063
158 4275.43167 38354.370601100025 882723769.4219037 1020.9432578086853
159 4275.43167 39698.70162960002 819805938.3155485 1027.3280107975006
160 4275.43167 40752.635126266694 833754011.3435822 1033.77725481987
161 4275.43167 39494.56307043336 835323552.6682029 1040.2297537326813
162 4275.43167 39293.30322876669 810763298.8154439 1046.638249874115
163 4275.43167 38506.351548600025 878336885.3273526 1053.0192658901215
164 4275.43167 38547.74229226669 898791388.7593056 1059.3927478790283
165 4275.43167 38939.38607350003 835449626.6282604 1065.7975747585297
166 4275.43167 40516.88761470003 813792851.0213692 1072.2400896549225
167 4275.43167 40750.84414003336 848342791.8796376 1078.6742117404938
168 4275.43167 42051.29698896669 897757002.4464004 1085.189211845398
169 4275.43167 38207.12543746669 859844941.2291536 1091.5699307918549
170 4275.43167 40084.703604266695 854554260.4786392 1097.9860668182373
171 4275.43167 40826.33194743336 815197708.5311828 1104.4406929016113
172 4275.43167 40115.799873633354 795030466.9241062 1110.8508439064026
173 4275.43167 39877.67178710002 823655875.9117262 1117.2701768875122
174 4275.43167 41549.183154200015 781157511.667054 1123.7465069293976
175 4275.43167 40104.31590933336 808263494.6445794 1130.1852748394012
176 4275.43167 40426.10731410003 812380414.3314394 1136.622009754181
177 4275.43167 39680.82133773335 762639751.573543 1143.0246868133545
178 4275.43167 39197.449897433355 836432065.4992384 1149.4169096946716
179 4275.43167 39365.586150966694 866309863.5165995 1155.7811279296875
180 4275.43167 38127.27514793335 850927376.9917862 1162.128987789154
181 4275.43167 38105.70663300002 797053643.8712823 1168.4851446151733
182 4275.43167 40034.16625403336 839726090.4772638 1174.8834578990936
183 4275.43167 40445.341310233365 896875007.5063313 1181.2814128398895
184 4275.43167 41885.4283013667 872392295.6317605 1187.768961906433
185 4275.43167 40225.44219023336 871456047.7347481 1194.1941928863525
186 4275.43167 40039.97898943335 864292792.3065348 1200.6287286281586
187 4275.43167 40217.31443773335 793609008.5092789 1207.0606756210327
188 4275.43167 37931.97083113336 843989956.239914 1213.435959815979
189 4275.43167 40220.72510446669 789876424.8790786 1219.864863872528
190 4275.43167 39846.1177379667 767948753.7433451 1226.2563209533691
191 4275.43167 40533.77426293336 854738976.5432086 1232.660640001297
192 4275.43167 37967.31435103336 826398457.4355779 1238.9971137046814
193 4275.43167 39905.15507133336 861716053.4937304 1245.4048418998718
194 4275.43167 41400.595693300034 852406506.7373407 1251.8548657894135
195 4275.43167 42559.621359700024 812247846.3931829 1258.3639678955078
196 4275.43167 40481.696820066696 794472069.037291 1264.7954926490784
197 4275.43167 41829.25449400003 833628592.8258023 1271.293771982193
198 4275.43167 40496.025665333356 826456928.3315867 1277.7205166816711
199 4275.43167 40094.13585100003 850408122.3846138 1284.1377279758453
200 4275.43167 42749.9465498667 841882877.1800282 1290.6366028785706
201 4275.43167 39584.80192360003 821796118.595705 1297.0307257175446
202 4275.43167 38130.35702076669 822064710.3369489 1303.3860838413239
203 4275.43167 36670.42201096669 844787803.1652427 1309.6890437602997
204 4275.43167 35195.349962000015 788140241.6309999 1315.9439437389374
205 4275.43167 36777.297088400024 816730029.028277 1322.2477669715881
206 4275.43167 35279.548333533356 884548924.9540647 1328.4792759418488
207 4275.43167 38678.52533780003 866013358.9690701 1334.8646867275238
208 4275.43167 38407.06340996669 850889717.4477484 1341.2143306732178
209 4275.43167 37349.63754203336 846498537.5187211 1347.5439229011536
210 4275.43167 38045.18986436669 846379928.3792748 1353.9290218353271
211 4275.43167 36962.83480146669 782736655.18606 1360.2670426368713
212 4275.43167 37097.83209026669 746022495.4253508 1366.5785930156708
213 4275.43167 39987.60144240003 879745902.4239113 1372.9774677753448
214 4275.43167 42117.57201140003 842159452.4993899 1379.4507508277893
215 4275.43167 39847.45377590002 822879308.2732381 1385.8627288341522
216 4275.43167 42863.19596750003 829378453.9836493 1392.3695616722107
217 4275.43167 40811.5667615667 820122249.3783691 1398.7961688041687
218 4275.43167 40387.98917523336 804621851.9175929 1405.2515697479248
219 4275.43167 38453.570471533356 839326178.0299139 1411.6087448596954
220 4275.43167 37116.57340100003 830516961.3904977 1417.934762954712
221 4275.43167 40470.28056780003 900930083.8180841 1424.3414766788483
222 4275.43167 39706.534827266696 853318403.617265 1430.7461278438568
223 4275.43167 38540.148376900026 824084063.8097064 1437.0900559425354
224 4275.43167 40637.66627263337 903406627.7700176 1443.5363986492157
225 4275.43167 40221.37370953336 849473446.1306311 1449.9548478126526
226 4275.43167 38519.80952730002 819797201.739058 1456.3204789161682
227 4275.43167 40281.496518466694 852170415.4948207 1462.7567019462585
228 4275.43167 38935.743368733354 877085622.7651242 1469.1327497959137
229 4275.43167 38515.56466773336 790984414.6412551 1475.5108778476715
230 4275.43167 38978.7185254667 822373815.493297 1481.8934299945831
231 4275.43167 39243.5468825667 882314977.5661613 1488.3571755886078
232 4275.43167 39056.30616030003 860004176.6924233 1494.8448026180267
233 4275.43167 37712.98019403336 799378382.2753851 1501.2207705974579
234 4275.43167 37449.44881723335 795758629.5723966 1507.5664517879486
235 4275.43167 39779.541943833356 823858562.2307918 1513.9644937515259
236 4275.43167 40980.37783600003 820328207.836467 1520.4291965961456
237 4275.43167 38846.80439733335 797595003.4592588 1526.81156873703
238 4275.43167 39614.570438966686 765567035.7570596 1533.1953799724579
239 4275.43167 39445.91847723336 812188950.7107077 1539.6100678443909
240 4275.43167 38879.764487500026 812720005.7576593 1545.9702668190002
241 4275.43167 39326.196005133366 797317366.2506794 1552.3298716545105
242 4275.43167 37666.561609933364 767263425.3494037 1558.655868768692
243 4275.43167 36468.66560963335 768505117.0615951 1564.9671227931976
244 4275.43167 37332.65451440003 826555397.8540516 1571.2975947856903
245 4275.43167 37118.062917966694 798677477.3429189 1577.6329789161682
246 4275.43167 37661.79539476668 871300698.4655062 1583.9865536689758
247 4275.43167 41471.17088650003 860783607.3674549 1590.4789156913757
248 4275.43167 40072.68097013336 884282936.937063 1596.9049208164215
249 4275.43167 39492.3308178667 865743004.3804986 1603.3007597923279
4275.43167 1609.6742599010468
3
0 9223372036854775807 86606.47450256677 23970191.837778233 5.383217811584473
1 28351.132889999986 82980.5745525001 45461153.227973394 14.705000877380371
2 14253.382370000005 69976.15631566674 420555213.7754762 22.704045057296753
3 7722.634289999997 58266.69751223338 658192136.0476161 29.96163773536682
4 6584.712720000001 51351.33870496671 798582434.4710056 36.81727385520935
5 4855.022240000002 46930.294198233365 811326029.0450039 43.44777297973633
6 4552.468920000002 43049.43824333336 835330635.8528619 49.9194438457489
7 4552.468920000002 42172.45340700003 852081951.5111426 56.36983394622803
8 4463.034139999999 39832.96755113336 829655382.9736028 62.74118399620056
9 4463.034139999999 38511.65736890002 797148737.4489764 69.08488607406616
10 4463.034139999999 40571.82467656669 846750532.8717047 75.50809073448181
11 4463.034139999999 39956.06295570002 828497639.4478204 81.8855049610138
12 4463.034139999999 39855.96378533336 863269093.5960695 88.3691759109497
13 4463.034139999999 41109.0637592667 855186922.9451902 94.80968880653381
14 4463.034139999999 40170.712474600026 809624611.7075697 101.2341079711914
15 4392.777430000003 39568.77382836669 800220968.5733443 107.61001491546631
16 4392.777430000003 35751.24389786669 809994178.1079376 113.86109590530396
17 4327.081889999997 37038.38429356669 854055089.997808 120.1128568649292
18 4327.081889999997 36015.07031640002 784191500.0131942 126.36301898956299
19 4327.081889999997 39073.51654883336 841382573.2577775 132.72428798675537
20 4327.081889999997 40381.864496900016 795981905.3956391 139.09850788116455
21 4275.43167 38887.55917116668 728612425.27417 145.4489390850067
22 4275.43167 39063.55540116669 785987939.7112138 151.7874298095703
23 4275.43167 38031.58226816669 809369707.9886987 158.14618492126465
24 4275.43167 37226.15661653336 829130720.7747216 164.4715929031372
25 4275.43167 36775.11570330003 841609012.2985586 170.76378393173218
26 4275.43167 37462.66966110003 858391367.3629922 177.07067894935608
27 4275.43167 39556.722646366696 819508413.3338804 183.45187401771545
28 4275.43167 39678.844224733366 858143511.8916318 189.8787877559662
29 4275.43167 39210.86851623336 825813218.9531852 196.2667109966278
30 4275.43167 39565.382903766695 813268674.4020879 202.6565020084381
31 4275.43167 40063.75661723335 823173616.4776459 209.06251502037048
32 4275.43167 40016.83316550003 851179173.5836686 215.472727060318
33 4275.43167 39973.93672680003 828657576.3152344 221.883957862854
34 4275.43167 39964.410339466696 851117586.2762866 228.2899100780487
35 4275.43167 40206.87290566669 834062637.1894138 234.71175503730774
36 4275.43167 41065.12403560003 827224149.4410225 241.15672492980957
37 4275.43167 39376.258338466694 810857914.1911718 247.57100796699524
38 4275.43167 37551.23199210003 782479486.6936591 253.87486481666565
39 4275.43167 37985.61192723335 709899965.1766806 260.24814796447754
40 4275.43167 38628.06897536669 757584238.9249803 266.6119637489319
41 4275.43167 39046.606683700025 790209177.4753462 272.97994804382324
42 4275.43167 39026.70337163335 837955644.9645463 279.34460496902466
43 4275.43167 38539.63884326669 764176136.7874123 285.71462774276733
44 4275.43167 38889.70081393335 807297352.7899725 292.08480191230774
45 4275.43167 38373.0983354667 775810501.2353971 298.4349308013916
46 4275.43167 37632.09296633335 721860150.5478917 304.771733045578
47 4275.43167 39939.50269813336 724823666.1833249 311.1969258785248
48 4275.43167 41324.51418953336 801218215.2238752 317.63775992393494
49 4275.43167 40310.2469651667 743206482.5211414 324.0844647884369
50 4275.43167 38619.82106490003 713916264.8380157 330.4478988647461
51 4275.43167 38092.87590546669 741930450.9171154 336.79575991630554
52 4275.43167 38287.42021500003 798958488.173016 343.13271498680115
53 4275.43167 38691.517661766695 847532311.0796177 349.49744486808777
54 4275.43167 36423.79052186669 877169490.2015349 355.7718839645386
55 4275.43167 38747.97564383336 897055714.6333604 362.1635859012604
56 4275.43167 39189.39108246669 891285598.7526928 368.5265488624573
57 4275.43167 40762.59735223336 832272042.1571617 374.9747929573059
58 4275.43167 39677.44566816669 851402674.3687825 381.36031103134155
59 4275.43167 39693.71084563336 842583475.5343771 387.75619888305664
60 4275.43167 40126.33083253336 880537850.0757277 394.1771430969238
61 4275.43167 37500.9413946667 834451489.1389834 400.4908957481384
62 4275.43167 41373.193656833355 835514249.3513534 406.9443049430847
63 4275.43167 41063.752907266695 873611499.4259362 413.39317202568054
64 4275.43167 40207.97638950003 847229336.2044692 419.8015649318695
65 4275.43167 37496.026158566696 861588418.4022962 426.15008211135864
66 4275.43167 36786.33522273335 907922976.8511695 432.4895079135895
67 4275.43167 36529.80355916669 800830333.7104912 438.7913007736206
68 4275.43167 37503.58747976669 841470587.741897 445.1212170124054
69 4275.43167 35047.44901043335 724823466.4029136 451.37725377082825
70 4275.43167 37456.97271253336 777946555.534116 457.6964659690857
71 4275.43167 35783.87972850002 748565947.5909951 463.97933173179626
72 4275.43167 38317.22808456669 778040488.846589 470.34370470046997
73 4275.43167 38327.97984266669 774817800.5882243 476.6839408874512
74 4275.43167 40199.28477716669 814497339.8003939 483.0746970176697
75 4275.43167 39487.840275100025 856191840.0121319 489.4865458011627
76 4275.43167 41159.41198033337 865595594.3453072 495.923810005188
77 4275.43167 40686.93877910003 799807762.6372811 502.36753487586975
78 4275.43167 37594.124165366695 888966876.2469912 508.70928478240967
79 4275.43167 40043.17930523337 829852995.73174 515.1024708747864
80 4275.43167 40060.9076947667 877840308.9878105 521.5475459098816
81 4275.43167 41078.337378933364 883939099.0479875 527.9942147731781
82 4275.43167 39144.54078746669 850216564.3826785 534.3732187747955
83 4275.43167 37833.33582020003 810668318.3486493 540.7198259830475
84 4275.43167 39712.07255593337 874735555.39001 547.1172258853912
85 4275.43167 41553.77456800002 872200672.1309513 553.6059918403625
86 4275.43167 40804.66045170003 895960040.603209 560.0593528747559
87 4275.43167 37010.886706733356 862308609.6915894 566.3799967765808
88 4275.43167 38240.78819516669 860573285.002457 572.7548339366913
89 4275.43167 38890.238362100026 837716725.5211941 579.122499704361
90 4275.43167 39109.83215946669 879578188.5926545 585.507575750351
91 4275.43167 38664.20112253336 869286773.7773229 591.8653728961945
92 4275.43167 39114.880245533364 847670375.1361899 598.2418229579926
93 4275.43167 39344.2790339667 861115280.4234649 604.6064419746399
94 4275.43167 38133.04832593336 786536132.2793603 610.9787838459015
95 4275.43167 39234.6081827667 814100808.6349447 617.3775248527527
96 4275.43167 37974.08397180002 795494959.1253448 623.7482178211212
97 4275.43167 36918.32125903336 821524699.3760052 630.0684590339661
98 4275.43167 40897.15062083336 829769080.0867546 636.5179319381714
99 4275.43167 40209.454566466695 821754613.0856335 642.9189009666443
100 4275.43167 36654.95318136668 775702769.1851475 649.2243058681488
101 4275.43167 38438.337482200026 774670672.0626187 655.5945217609406
102 4275.43167 37870.88788273336 795966514.8714691 661.9265389442444
103 4275.43167 35876.48645943335 782827466.9116633 668.1917269229889
104 4275.43167 37192.18596380003 782777937.8380593 674.5374610424042
105 4275.43167 38671.81210873336 765280261.7393917 680.9346907138824
106 4275.43167 41021.48020663336 819974602.3758228 687.4032959938049
107 4275.43167 41858.90319893337 878548408.7821581 693.8766458034515
108 4275.43167 40796.88272040003 878860990.5364274 700.3145899772644
109 4275.43167 40754.94646590003 857350890.2685924 706.7682728767395
110 4275.43167 40700.17989390003 833169767.6010977 713.2273688316345
111 4275.43167 40129.02779690002 821525938.8085036 719.6445608139038
112 4275.43167 38471.03937920002 755624908.1638008 725.9961957931519
113 4275.43167 35239.54655963335 733108470.4704213 732.2548117637634
114 4275.43167 36563.066357933356 733372392.1958205 738.5651109218597
115 4275.43167 35680.16928036669 806426756.4334167 744.8078436851501
116 4275.43167 36699.06041796669 783118231.9862086 751.0926887989044
117 4275.43167 36984.59855556669 795696548.0937514 757.3932700157166
118 4275.43167 35934.71496470002 732853298.9995939 763.6768209934235
119 4275.43167 39362.2594788667 793265255.6558952 770.0600318908691
120 4275.43167 36959.24758560002 736703094.6431059 776.3851027488708
121 4275.43167 38670.51742516669 794839345.2445221 782.767523765564
122 4275.43167 37056.038324133355 805282384.719128 789.1124138832092
123 4275.43167 40764.98398100003 864316901.9556603 795.5724580287933
124 4275.43167 39833.00528870003 811422457.1294622 802.0313777923584
125 4275.43167 39472.525798300034 869768134.8042113 808.4067630767822
126 4275.43167 38263.91629970003 863950635.0737121 814.7371587753296
127 4275.43167 39204.92903930003 868850624.4254626 821.0915338993073
128 4275.43167 39129.3089683667 871881250.6596777 827.4902338981628
129 4275.43167 37199.27725936669 808619761.0107061 833.8344078063965
130 4275.43167 35585.62552806669 763593958.7167188 840.116153717041
131 4275.43167 37333.42802923336 762166839.599564 846.4364171028137
132 4275.43167 39430.706919766686 838180943.6623921 852.8127627372742
133 4275.43167 42656.036549033364 869482738.4904407 859.2902448177338
134 4275.43167 40530.845302200025 805414615.07228 865.7484118938446
135 4275.43167 41011.222547766694 778373782.7237191 872.2017858028412
136 4275.43167 40879.718029066695 807266153.4484411 878.60231590271
137 4275.43167 40893.252811833365 808665733.4816731 885.0629577636719
138 4275.43167 38504.04469613336 781610385.5770272 891.4250481128693
139 4275.43167 39491.11927430003 822736159.955056 897.8056938648224
140 4275.43167 39963.775842200026 846253093.240785 904.2432599067688
141 4275.43167 39350.71334016669 765758988.7190436 910.6424539089203
142 4275.43167 38893.73889486669 765475986.4364724 917.0122218132019
143 4275.43167 40247.01133950002 817567651.4335471 923.453290939331
144 4275.43167 39476.70977776669 836408900.2939205 929.8432939052582
145 4275.43167 39338.92917726669 855572286.5872043 936.2564158439636
146 4275.43167 40478.68999313336 790158090.0428705 942.6553590297699
147 4275.43167 42096.71356390003 824176366.4965887 949.159530878067
148 4275.43167 38646.15816196669 754523484.01832 955.5445139408112
149 4275.43167 36992.79399400002 762131770.6131136 961.8480498790741
150 4275.43167 36793.62195483335 723867304.8628129 968.1691029071808
151 4275.43167 40020.84398303336 811546654.6138009 974.615395784378
152 4275.43167 40925.26911530003 796651343.4436692 981.0709328651428
153 4275.43167 40489.282242300025 834231987.2432625 987.4718978404999
154 4275.43167 39560.60019886669 811431605.4388125 993.8860187530518
155 4275.43167 40119.732683966686 843135030.1214811 1000.3090369701385
156 4275.43167 39353.65395696669 824409572.1354926 1006.7196819782257
157 4275.43167 41505.77922996669 847276102.8869739 1013.1882040500641
158 4275.43167 38767.141326166704 790484636.7572073 1019.5494978427887
159 4275.43167 40363.97172953337 764904123.6911434 1025.9918117523193
160 4275.43167 39270.55355856669 775804479.2346982 1032.3891668319702
161 4275.43167 39019.30983280003 759401741.483004 1038.7807319164276
162 4275.43167 40287.6789190667 770707424.5167478 1045.206731081009
163 4275.43167 37997.81225613336 788477141.6797656 1051.5738906860352
164 4275.43167 42246.674211966696 850674349.9994057 1058.063972711563
165 4275.43167 41308.73425743335 840920546.7567735 1064.5544328689575
166 4275.43167 40354.245078466694 873553715.6365905 1070.9897878170013
167 4275.43167 40365.23410410003 894635860.349529 1077.4123148918152
168 4275.43167 39478.94406150002 877842186.887832 1083.7910888195038
169 4275.43167 40189.0295527667 877809407.3602072 1090.221561908722
170 4275.43167 39603.8838891667 868680908.1367751 1096.6254799365997
171 4275.43167 40589.59948840003 878019611.513903 1103.0578219890594
172 4275.43167 37980.55410936668 786337705.1744865 1109.4028611183167
173 4275.43167 39348.72177730003 839759780.6956484 1115.792005777359
174 4275.43167 38308.000206000026 826617172.9676902 1122.1696939468384
175 4275.43167 40380.21175386669 783575213.8792231 1128.6067597866058
176 4275.43167 40923.23272570002 765209102.5244464 1135.0738151073456
177 4275.43167 40071.840150100026 740589101.3783202 1141.505786895752
178 4275.43167 39452.704033300026 775937207.5857222 1147.8982129096985
179 4275.43167 40481.21539423337 819469021.8934995 1154.3407847881317
180 4275.43167 40618.95273970003 806552183.3144345 1160.7822759151459
181 4275.43167 37448.17305813335 780167417.0436599 1167.123221874237
182 4275.43167 38298.835724066696 800926954.9499223 1173.4672467708588
183 4275.43167 39650.84767123336 814106121.3934103 1179.8907001018524
184 4275.43167 41599.141300166695 825307376.7138232 1186.3645827770233
185 4275.43167 42127.74835250003 804914695.6418486 1192.8435657024384
186 4275.43167 41483.46802390003 772736062.9833844 1199.3418078422546
187 4275.43167 42733.9730311667 828243868.6591877 1205.838783979416
188 4275.43167 40235.634312033355 791170571.3291544 1212.234736919403
189 4275.43167 40020.40267080003 795148553.1134316 1218.6502718925476
190 4275.43167 37776.04975286669 805049641.2762066 1224.9943490028381
191 4275.43167 37795.32898553336 786675573.6009474 1231.348594903946
192 4275.43167 36739.509878633355 773177382.0931368 1237.6692979335785
193 4275.43167 39058.32758900003 803043417.1711228 1244.0595948696136
194 4275.43167 39044.98142800003 842834861.124537 1250.4556879997253
195 4275.43167 38363.37387450004 863175966.4055859 1256.8293178081512
196 4275.43167 40882.6041259667 894368296.219027 1263.2755420207977
197 4275.43167 39491.923569933366 887214386.1833344 1269.7009208202362
198 4275.43167 38842.054637466696 866619460.2491058 1276.083289861679
199 4275.43167 39701.67393800002 882794081.7539593 1282.4898958206177
200 4275.43167 39187.38937306669 845352422.8862277 1288.8877968788147
201 4275.43167 39479.950971700026 919028972.567384 1295.2763867378235
202 4275.43167 38659.64241083337 886923497.6993461 1301.6278309822083
203 4275.43167 36413.02210816669 790645150.7353389 1307.916954755783
204 4275.43167 36186.49770823336 846761603.3141646 1314.2158708572388
205 4275.43167 37001.45437936669 786633607.3592734 1320.518760919571
206 4275.43167 36568.804010433356 830790602.5481671 1326.8097610473633
207 4275.43167 36852.66736196669 807560617.7058685 1333.1163730621338
208 4275.43167 39396.62569586669 863633706.2667946 1339.5128719806671
209 4275.43167 37339.665799300026 789212722.1355207 1345.8282539844513
210 4275.43167 38382.50260850002 802602731.4506913 1352.1970489025116
211 4275.43167 38282.42735640003 830379596.1000773 1358.5625050067902
212 4275.43167 37139.110165433354 796345735.0518054 1364.882269859314
213 4275.43167 35710.64844410002 688461948.0248715 1371.2053499221802
214 4275.43167 38520.92473663336 771401007.1990247 1377.5924768447876
215 4275.43167 42142.7541748667 803368250.575505 1384.0697948932648
216 4275.43167 41612.93533213336 834873295.4654927 1390.548270702362
217 4275.43167 42442.322530133366 871226406.8959231 1397.0597031116486
218 4275.43167 41054.9246138667 859465433.7416523 1403.507822751999
219 4275.43167 38140.7687182667 887885542.1040183 1409.8664507865906
220 4275.43167 38381.280904333355 851718025.365655 1416.2254557609558
221 4275.43167 36097.62839583335 814427813.994947 1422.5214278697968
222 4275.43167 38257.46744916669 828417510.9934318 1428.899677991867
223 4275.43167 37661.35981926669 825857977.7455133 1435.2651138305664
224 4275.43167 36100.44628946668 797649060.8535626 1441.5406589508057
225 4275.43167 35085.75705480002 724217276.6573201 1447.7948689460754
226 4275.43167 37473.79745240002 792270149.5876987 1454.1773507595062
227 4275.43167 36762.095633733355 784083113.790261 1460.496699810028
228 4275.43167 35767.283226366686 750707299.0893697 1466.7948977947235
229 4275.43167 36455.08499750002 744027709.5913929 1473.0800666809082
230 4275.43167 36394.42842993336 795223948.2924705 1479.3656430244446
231 4275.43167 37121.54128963335 809750333.5978776 1485.665433883667
232 4275.43167 38100.79714403336 801805185.5200489 1492.0274448394775
233 4275.43167 39232.26317806669 755674326.0151508 1498.3914370536804
234 4275.43167 38841.12819266669 800384357.9164585 1504.7914938926697
235 4275.43167 38952.436273833366 863796746.6720723 1511.1698899269104
236 4275.43167 40247.17136226669 889734492.5252682 1517.5724699497223
237 4275.43167 37794.757752900034 820985327.1710854 1523.866385936737
238 4275.43167 36669.65359540003 804951504.2662967 1530.1575429439545
239 4275.43167 38189.46274423336 828526994.842865 1536.52499294281
240 4275.43167 39799.91276696669 861502878.5489031 1542.91721701622
241 4275.43167 37562.152019033354 849702119.1750664 1549.240758895874
242 4275.43167 39306.579036066694 810187140.0903331 1555.6360898017883
243 4275.43167 37377.300569633364 836651402.0055398 1561.9464888572693
244 4275.43167 38740.59142206669 870442774.8811803 1568.3059258460999
245 4275.43167 39474.1348015667 887123919.021521 1574.696312904358
246 4275.43167 37918.72087306669 843655010.4453459 1581.0303218364716
247 4275.43167 38046.59193460002 816314197.4862254 1587.3540389537811
248 4275.43167 36869.29211360002 764723492.5552553 1593.6709780693054
249 4275.43167 38200.323952566694 813555482.8996922 1600.0333769321442
4275.43167 1606.44704580307
