MQ4
250 4235.14701
1
0 9223372036854775807 84956.5852063667 23606215.082695104 5.464699983596802
1 29666.07049000002 81697.59265453334 42137315.78645248 14.937872171401978
2 13289.613699999996 69188.70566463334 346095689.63818693 22.876949071884155
3 7124.282850000002 59304.79905046668 628126597.5125278 30.08066701889038
4 5057.451880000003 50885.76314180001 701789673.3661246 36.79432010650635
5 4787.229620000001 44061.71762786668 759322629.0918622 43.32942485809326
6 4787.229620000001 40502.516764800006 788652699.4728688 49.72755002975464
7 4762.118539999999 39520.484446900016 761351511.9795337 56.180455923080444
8 4762.118539999999 39446.15585123334 783014467.924187 62.56703996658325
9 4462.290949999999 41784.57869533335 748125474.3559746 69.00473499298096
10 4462.290949999999 41672.705522266675 815555943.8056468 75.46254110336304
11 4273.047769999997 40403.720271133345 813929902.8287189 81.86902093887329
12 4273.047769999997 40671.58302440001 760423636.9590228 88.30366683006287
13 4273.047769999997 40341.91035630002 784578939.378894 94.73339891433716
14 4273.047769999997 39021.309460300006 816349761.8095042 101.13532900810242
15 4273.047769999997 37816.29933993334 783304138.094398 107.49425601959229
16 4235.147009999998 38413.59404046668 754313832.1090937 113.8904378414154
17 4235.147009999998 36923.13933146668 741941653.2302932 120.20996713638306
18 4235.147009999998 38357.27600380001 754957755.9791636 126.60116505622864
19 4235.147009999998 38234.724167900014 761866123.6305337 132.97823214530945
20 4235.147009999998 38467.855978200016 815834593.8625586 139.3325891494751
21 4235.147009999998 38114.61844060001 803276835.4364682 145.71978998184204
22 4235.147009999998 38803.94464876668 760346371.4344285 152.0987470149994
23 4235.147009999998 37577.82982016668 786958687.9573635 158.43192601203918
24 4235.147009999998 37309.89577583335 810434955.8140167 164.82113313674927
25 4235.147009999998 39878.623551600016 816061886.2582239 171.23855209350586
26 4235.147009999998 40265.67775753335 816272694.8270304 177.6926200389862
27 4235.147009999998 39362.928401333345 784581447.5038283 184.09091711044312
28 4235.147009999998 37393.70264003335 802091097.7360469 190.4417040348053
29 4235.147009999998 37162.403919600016 800002910.8585751 196.780503988266
30 4235.147009999998 36779.15921010001 742750826.6306188 203.1157910823822
31 4235.147009999998 38042.91208206668 732878853.1304226 209.47716879844666
32 4235.147009999998 38474.83141356668 779162988.091091 215.8652548789978
33 4235.147009999998 36332.202600266675 822541532.6524107 222.1492259502411
34 4235.147009999998 38765.830269166676 824288619.3872787 228.51927185058594
35 4235.147009999998 38911.18942066668 792345678.1492368 234.92185592651367
36 4235.147009999998 39453.005829800015 782783659.1970044 241.3334400653839
37 4235.147009999998 39963.976319833346 784022035.7806952 247.7834460735321
38 4235.147009999998 39884.29298846668 763823505.7670478 254.23976302146912
39 4235.147009999998 36721.35382013335 731189618.3996814 260.56411504745483
40 4235.147009999998 36590.84653886668 732657605.9658196 266.9035918712616
41 4235.147009999998 36546.78995646668 776325000.4262974 273.2268888950348
42 4235.147009999998 35566.08894426668 760681906.0609558 279.51584005355835
43 4235.147009999998 36288.27419413335 740769580.1477753 285.82720398902893
44 4235.147009999998 37249.357631066676 799258580.1511111 292.1544289588928
45 4235.147009999998 39254.09996793335 809057107.4152572 298.5702819824219
46 4235.147009999998 38627.25667693335 773657376.9439441 304.9565119743347
47 4235.147009999998 37121.52821796668 756531196.9113202 311.295716047287
48 4235.147009999998 36284.80379023335 775136177.0881476 317.59840416908264
49 4235.147009999998 37438.541492366676 788400779.0568182 323.9375500679016
50 4235.147009999998 36584.26587383334 757782844.0141239 330.2703130245209
51 4235.147009999998 39266.015360300014 785482171.3125997 336.68663024902344
52 4235.147009999998 36675.902588366676 763147470.0949856 342.9989130496979
53 4235.147009999998 36910.86918786668 752386284.4628276 349.3223280906677
54 4235.147009999998 39517.218603766676 723039715.3329592 355.7372751235962
55 4235.147009999998 38423.516431366676 771995046.6396754 362.13099098205566
56 4235.147009999998 39542.39722540002 795996716.7617806 368.5443420410156
57 4235.147009999998 37713.51171683335 761659390.2837863 374.9218838214874
58 4235.147009999998 39394.42464720001 736030596.216764 381.3346140384674
59 4235.147009999998 38554.17910440001 787033470.4197109 387.7147169113159
60 4235.147009999998 37140.24139453334 751795131.033261 394.05837392807007
61 4235.147009999998 37724.51464416668 765555574.5421022 400.4143490791321
62 4235.147009999998 38430.15277900002 755803251.9287789 406.7911319732666
63 4235.147009999998 39593.51308630001 769012134.508662 413.19853377342224
64 4235.147009999998 38387.02141833334 740347471.150789 419.5942280292511
65 4235.147009999998 38481.57718633334 763409339.3063043 425.96863412857056
66 4235.147009999998 36316.160465800014 680636277.9582611 432.28565287590027
67 4235.147009999998 37952.75571516668 767526779.0190406 438.66330909729004
68 4235.147009999998 39202.02325776668 759845344.7239058 445.06781220436096
69 4235.147009999998 36780.42852330001 771006242.9112515 451.41370010375977
70 4235.147009999998 37248.01534736668 772095882.9647852 457.7547080516815
71 4235.147009999998 35200.822131933346 771143470.2312918 464.0375008583069
72 4235.147009999998 36921.50326516668 787889012.0050969 470.3548228740692
73 4235.147009999998 36681.32197436668 805848022.9551827 476.68596506118774
74 4235.147009999998 36306.584981966684 764182512.1151482 483.00157403945923
75 4235.147009999998 38283.71515840002 783517858.7248983 489.41066813468933
76 4235.147009999998 36620.85469980002 769286085.4890194 495.7435739040375
77 4235.147009999998 37089.156801966674 783529172.4005996 502.0572180747986
78 4235.147009999998 36596.42780183334 815156123.3567464 508.3607611656189
79 4235.147009999998 35046.93990386668 740055583.480649 514.6315751075745
80 4235.147009999998 37106.74463496668 806271325.2083352 520.9580328464508
81 4235.147009999998 38109.30148690001 809282982.6889964 527.3077838420868
82 4235.147009999998 37373.700935166686 761390201.4070089 533.6641020774841
83 4235.147009999998 37744.95855853335 741220991.4605155 540.0333559513092
84 4235.147009999998 35608.56750970001 778811536.9221679 546.3226599693298
85 4235.147009999998 37417.18528036668 789511477.4913319 552.6725881099701
86 4235.147009999998 35803.95974366668 714946901.372911 558.9724369049072
87 4235.147009999998 38508.19964946669 750575204.3067728 565.3753750324249
88 4235.147009999998 38253.53996863335 764534218.9253762 571.7693319320679
89 4235.147009999998 40645.63546323334 803193361.5338048 578.2451441287994
90 4235.147009999998 40337.576607266674 827402764.21853 584.6926231384277
91 4235.147009999998 39246.028141833354 778981448.8224579 591.0983679294586
92 4235.147009999998 40516.773245333345 774017456.9845841 597.5690910816193
93 4235.147009999998 40111.44510693335 779664494.200451 604.0149729251862
94 4235.147009999998 38084.60964290002 812710526.0144163 610.4024569988251
95 4235.147009999998 36746.61882296668 790172566.955054 616.706845998764
96 4235.147009999998 36797.36886973334 749929763.203006 623.0138239860535
97 4235.147009999998 36906.619635700015 787327482.1844687 629.3874402046204
98 4235.147009999998 37582.16529103335 802575475.0649875 635.750669002533
99 4235.147009999998 33993.16579406668 713560832.1003276 642.0009989738464
100 4235.147009999998 36301.11956333335 761276911.4291952 648.3204321861267
101 4235.147009999998 36036.26821043335 758694682.0015857 654.6375842094421
102 4235.147009999998 36996.692096366685 757086092.4684416 660.9901571273804
103 4235.147009999998 37492.53022973335 799846922.3827307 667.352059841156
104 4235.147009999998 37196.92449746668 821822427.1088487 673.7041630744934
105 4235.147009999998 38048.27564370001 748742723.5637405 680.0874109268188
106 4235.147009999998 36927.98835766668 781190036.515283 686.4358141422272
107 4235.147009999998 36900.84057186668 784529175.5648263 692.7885739803314
108 4235.147009999998 38601.35821906668 827310486.4171443 699.1704430580139
109 4235.147009999998 39031.52696090002 782483194.1096183 705.588212966919
110 4235.147009999998 38476.10282246668 819197998.102671 711.9884569644928
111 4235.147009999998 37581.39938976668 772014304.0661963 718.3359742164612
112 4235.147009999998 40038.83015063335 767281567.4502658 724.7761960029602
113 4235.147009999998 40231.94187946668 792011398.8919173 731.2246739864349
114 4235.147009999998 40266.155881100014 821583905.0498326 737.687203168869
115 4235.147009999998 38235.22370820002 811460498.562346 744.089852809906
116 4235.147009999998 39463.385338200016 826692403.2161292 750.5324549674988
117 4235.147009999998 39980.252045633344 780661779.40182 756.9757890701294
118 4235.147009999998 39392.16106153335 730851799.4355133 763.4187152385712
119 4235.147009999998 38572.40236943336 690377469.4678924 769.7952280044556
120 4235.147009999998 36433.18632406668 753099573.2330089 776.1290681362152
121 4235.147009999998 34689.82571186668 728723148.9683176 782.3726031780243
122 4235.147009999998 36518.483141400015 716538499.793558 788.6848278045654
123 4235.147009999998 39713.756864566676 787553751.8785642 795.1316590309143
124 4235.147009999998 41720.29425703335 826037762.9575372 801.6389811038971
125 4235.147009999998 39382.14607773335 757421445.4061351 808.0703020095825
126 4235.147009999998 37740.7705331 785306456.4665291 814.4657831192017
127 4235.147009999998 38828.56471640001 785221461.3087772 820.9534530639648
128 4235.147009999998 36635.589748033344 814518944.4396522 827.3357789516449
129 4235.147009999998 36175.83518606668 815263912.8135725 833.7065551280975
130 4235.147009999998 40994.253145666684 775761331.8534431 840.1590940952301
131 4235.147009999998 39892.169726933345 762342114.2506708 846.5923330783844
132 4235.147009999998 38427.58515050002 787915646.8902719 852.9907820224762
133 4235.147009999998 42654.145101366674 809991745.5244762 859.5160310268402
134 4235.147009999998 39331.63366460001 808495809.6754562 865.9332752227783
135 4235.147009999998 39444.71356590001 786183926.7536163 872.351753950119
136 4235.147009999998 38235.04832416668 785935870.313326 878.7558979988098
137 4235.147009999998 38476.13437696668 761645302.035152 885.1493089199066
138 4235.147009999998 38261.137584700016 751493355.1086556 891.541788816452
139 4235.147009999998 38238.26395810002 773076989.6008039 897.9270961284637
140 4235.147009999998 38380.07128756669 786659805.9770935 904.3163771629333
141 4235.147009999998 38137.70283520001 786323753.2084103 910.6953568458557
142 4235.147009999998 37348.60942113334 743597906.0108848 917.0909821987152
143 4235.147009999998 36989.90296140001 749000184.4598657 923.4873659610748
144 4235.147009999998 37514.48408880002 807243420.6206536 929.85449385643
145 4235.147009999998 36520.654137233345 797321803.3621856 936.178601026535
146 4235.147009999998 36663.287873933354 791482016.7471553 942.5170469284058
147 4235.147009999998 36540.538914066674 730377823.7666408 948.8524439334869
148 4235.147009999998 35315.75393676668 736950075.8954196 955.1349740028381
149 4235.147009999998 37863.20742290001 767901047.8427199 961.4935820102692
150 4235.147009999998 38009.54741056668 735695574.388703 967.8525938987732
151 4235.147009999998 38511.91565133335 750630717.3036529 974.2408487796783
152 4235.147009999998 40526.40579760001 801225451.8149152 980.6940009593964
153 4235.147009999998 39788.843546466676 826250374.7234478 987.1165471076965
154 4235.147009999998 39051.90241863334 721190472.2610447 993.538861989975
155 4235.147009999998 38297.04397796668 777695027.3003063 999.9287250041962
156 4235.147009999998 38688.50506423335 798141515.7197977 1006.3192529678345
157 4235.147009999998 37219.405726266676 793286964.1889957 1012.6749420166016
158 4235.147009999998 38000.81086380001 855399271.7557081 1019.052848815918
159 4235.147009999998 40759.71526780002 811321188.642687 1025.531142950058
160 4235.147009999998 38377.42763183335 780359499.3499422 1031.915058851242
161 4235.147009999998 38039.54021933334 720810782.9327526 1038.2997469902039
162 4235.147009999998 38495.66299096669 774245352.6345265 1044.6866979599
163 4235.147009999998 38995.69957850002 778204173.9857929 1051.1250159740448
164 4235.147009999998 38242.79456463335 817315856.045886 1057.5126478672028
165 4235.147009999998 37731.15368293335 751348350.4225463 1063.8883409500122
166 4235.147009999998 38102.21096473334 803156028.718703 1070.2642931938171
167 4235.147009999998 37888.29607360002 853241516.1887127 1076.6472640037537
168 4235.147009999998 37146.45685400002 798099562.2797322 1082.9925711154938
169 4235.147009999998 38731.15147166668 807817677.8113288 1089.3766219615936
170 4235.147009999998 36403.16178750001 738630637.5692075 1095.7101140022278
171 4235.147009999998 37044.087001200016 772124628.3100977 1102.0631201267242
172 4235.147009999998 36930.79139820002 802177204.6170695 1108.4179158210754
173 4235.147009999998 37046.94127100002 722504844.2714467 1114.758502960205
174 4235.147009999998 36018.12306456668 734711438.9839499 1121.05797290802
175 4235.147009999998 36032.786275033344 742373748.770877 1127.3717260360718
176 4235.147009999998 35946.27393476667 737108507.1805445 1133.681105852127
177 4235.147009999998 39152.84490863335 777717790.7260172 1140.081706047058
178 4235.147009999998 40990.05164366668 748613533.0532454 1146.5431230068207
179 4235.147009999998 39003.34478550001 773460895.0395085 1152.9823639392853
180 4235.147009999998 37375.68493156668 753060409.5471228 1159.380658864975
181 4235.147009999998 35270.63637976668 695109154.0748516 1165.6631770133972
182 4235.147009999998 35623.89350316668 664631664.133211 1171.9710309505463
183 4235.147009999998 34793.08256043335 705846881.0163101 1178.2309329509735
184 4235.147009999998 37088.52137680002 782366428.8893622 1184.5838980674744
185 4235.147009999998 37162.70207603335 759234296.2754428 1190.921530008316
186 4235.147009999998 38728.66857933335 811454166.5062535 1197.3185620307922
187 4235.147009999998 37691.69133963334 807773390.3668201 1203.688905954361
188 4235.147009999998 37929.89839303335 803920727.8905375 1210.0578680038452
189 4235.147009999998 38602.81997403335 842163092.8503892 1216.446384191513
190 4235.147009999998 39365.66825486668 866274474.7357603 1222.887580871582
191 4235.147009999998 37734.783027266676 807234575.5259986 1229.2640628814697
192 4235.147009999998 37221.89073073335 790478175.6728841 1235.6152651309967
193 4235.147009999998 35082.10836273334 718696659.1912665 1241.9003510475159
194 4235.147009999998 35833.107510833346 719996879.327181 1248.2034471035004
195 4235.147009999998 35457.243995433346 642058368.3368121 1254.5045459270477
196 4235.147009999998 34638.134870733345 722626012.1726884 1260.7821938991547
197 4235.147009999998 34462.034071466675 760100254.7525536 1267.045562028885
198 4235.147009999998 35865.77092590001 780833881.3762869 1273.347795009613
199 4235.147009999998 38612.84584243335 792503217.6869018 1279.7364449501038
200 4235.147009999998 38737.06487670001 821037969.4680852 1286.1120681762695
201 4235.147009999998 39991.997258633346 814846525.0073242 1292.5736079216003
202 4235.147009999998 42415.42098246668 802863460.2121729 1299.1092360019684
203 4235.147009999998 40764.68985280002 822447321.5954953 1305.5833530426025
204 4235.147009999998 38942.42321820002 817459316.387852 1311.9981508255005
205 4235.147009999998 37305.37843263335 830702383.775226 1318.359957933426
206 4235.147009999998 40603.80935730001 827787431.495294 1324.829883813858
207 4235.147009999998 37722.71283583335 860408916.0225068 1331.1868259906769
208 4235.147009999998 37855.87053163335 756234458.3718866 1337.5657908916473
209 4235.147009999998 38365.31587703335 766668172.3674155 1343.9713060855865
210 4235.147009999998 39719.93387896668 828738349.2232807 1350.400650024414
211 4235.147009999998 38069.58228976667 810967804.6582359 1356.777645111084
212 4235.147009999998 37706.85320953334 801487602.7871904 1363.139456987381
213 4235.147009999998 38903.39655906668 801745283.481811 1369.5534400939941
214 4235.147009999998 39836.86691796668 816605304.5514225 1375.9720239639282
215 4235.147009999998 37929.20709950001 813909127.0767548 1382.3675010204315
216 4235.147009999998 37814.659664866675 871060821.6008762 1388.7220118045807
217 4235.147009999998 36836.69533803335 773161001.657564 1395.0512850284576
218 4235.147009999998 38423.95411290001 835078211.4758484 1401.4480249881744
219 4235.147009999998 40103.81429303334 829327033.784698 1407.888053894043
220 4235.147009999998 40157.78618710001 776374171.9699148 1414.3602118492126
221 4235.147009999998 39271.84090813335 769755953.3607434 1420.775911808014
222 4235.147009999998 41633.84677973335 789544558.6912264 1427.2836420536041
223 4235.147009999998 40845.60832476668 823435735.5301094 1433.772155046463
224 4235.147009999998 38503.08732710002 805962610.2798866 1440.2319350242615
225 4235.147009999998 36821.949790366685 808638499.6575102 1446.5981891155243
226 4235.147009999998 40027.56432723335 754443768.9000533 1453.0341260433197
227 4235.147009999998 38163.68204976668 778668948.932905 1459.429582118988
228 4235.147009999998 36976.04810123334 755508127.0903476 1465.7692909240723
229 4235.147009999998 37118.54213223334 712988667.8884732 1472.1186170578003
230 4235.147009999998 38668.80014176668 763402024.9947311 1478.510456085205
231 4235.147009999998 39104.87723380001 729758568.8001903 1484.9280769824982
232 4235.147009999998 38759.45329446668 734907359.5198565 1491.36106300354
233 4235.147009999998 38690.22390360002 787284702.3514973 1497.7741889953613
234 4235.147009999998 40051.96912216668 786774586.4432168 1504.2061219215393
235 4235.147009999998 40882.81051016669 835796511.5952893 1510.6843390464783
236 4235.147009999998 38744.772912866676 875987014.2316211 1517.0743169784546
237 4235.147009999998 37039.73600950001 816869823.2015651 1523.4197208881378
238 4235.147009999998 38215.93115870001 739090473.9746782 1529.7911319732666
239 4235.147009999998 36096.92878530001 712643464.2449238 1536.1204760074615
240 4235.147009999998 37983.729908000016 792744232.9640455 1542.4655349254608
241 4235.147009999998 38192.93298163335 809302403.4616376 1548.8476829528809
242 4235.147009999998 38214.62532253335 798474765.7309519 1555.2276239395142
243 4235.147009999998 39427.188421033345 791301242.5380814 1561.6693470478058
244 4235.147009999998 40064.59835720002 741524625.1444573 1568.118597984314
245 4235.147009999998 38890.29118990002 792697188.6772467 1574.5286889076233
246 4235.147009999998 40794.134017233344 758640867.8484356 1581.0064470767975
247 4235.147009999998 40497.75779890002 796745460.4516213 1587.4807958602905
248 4235.147009999998 39543.45218596668 812954955.8565725 1593.9174358844757
249 4235.147009999998 38191.77167040001 791777865.357947 1600.3107252120972
4235.147009999998 1606.7196509838104
2
0 9223372036854775807 85778.68106843336 25701108.20581152 5.4105939865112305
1 28274.56199000002 82789.6328744 44119091.41486898 14.839523077011108
2 12172.360679999987 70261.22395883335 389575935.22158414 22.808080911636353
3 7240.739679999998 57552.08290783333 710439165.5988073 29.945307970046997
4 5340.944730000003 51180.81724363335 805361988.086465 36.73490786552429
5 5029.578770000001 46088.77853916668 825127713.368268 43.31694293022156
6 4990.780999999999 42409.43081913335 866571913.8498012 49.772589921951294
7 4894.039559999999 39528.84252163334 812285878.8950809 56.146899938583374
8 4716.86153 39544.77280876668 710845488.2895856 62.52207016944885
9 4430.701029999995 39742.27098426668 768851198.3744092 68.8921868801117
10 4410.937589999996 38121.89781086668 814529633.6790273 75.21729493141174
11 4410.937589999996 40146.43073206668 823732488.5418204 81.64606809616089
12 4410.937589999996 38489.20379710001 834586196.9284291 88.01584911346436
13 4316.500399999998 38232.569417100014 793586691.1557485 94.34683799743652
14 4316.500399999998 37690.390686366685 771675782.1162342 100.66182398796082
15 4235.147009999998 38652.34939970002 808153933.9583873 107.01703715324402
16 4235.147009999998 36686.88456570001 797513233.2258856 113.32475304603577
17 4235.147009999998 38343.0175872 851409013.9401339 119.68104600906372
18 4235.147009999998 41961.20040500001 885816538.3807275 126.13418292999268
19 4235.147009999998 41810.56587253335 841445068.8879863 132.60938715934753
20 4235.147009999998 39508.36574583334 828609669.3898572 138.9801459312439
21 4235.147009999998 39094.511658466676 805096431.8460435 145.36786317825317
22 4235.147009999998 38309.36144410002 797682655.2229949 151.6994481086731
23 4235.147009999998 38312.82386546668 863597242.787819 158.04729509353638
24 4235.147009999998 36648.04035806667 734094971.2703753 164.3284878730774
25 4235.147009999998 37476.80110620001 753433089.7709492 170.6435739994049
26 4235.147009999998 36278.35087576667 822834006.0431541 176.94134211540222
27 4235.147009999998 38022.03867713334 809779400.6655825 183.32421207427979
28 4235.147009999998 39212.30588333335 803789777.1535348 189.7160348892212
29 4235.147009999998 37866.878840966674 788184496.552252 196.07428097724915
30 4235.147009999998 38877.12969393334 772883998.3802229 202.46485781669617
31 4235.147009999998 37915.27681560001 754106385.3901994 208.8084499835968
32 4235.147009999998 38400.96609413334 772728659.233595 215.18085193634033
33 4235.147009999998 39696.75021283334 789626244.7040217 221.5983259677887
34 4235.147009999998 39890.06343036668 809189318.6069964 228.02326798439026
35 4235.147009999998 40277.57767296668 813214703.6963665 234.4665560722351
36 4235.147009999998 40559.690819833355 777751815.3022484 240.88284182548523
37 4235.147009999998 40494.62136640001 852497043.916698 247.336571931839
38 4235.147009999998 38997.612150766676 796176735.1716343 253.71396398544312
39 4235.147009999998 39312.08671206667 821494122.4821849 260.1115221977234
40 4235.147009999998 38074.98582176668 784692423.2174166 266.4832079410553
41 4235.147009999998 38522.99657576668 801931244.9833657 272.8615970611572
42 4235.147009999998 39113.16168823335 802418701.5038023 279.2489149570465
43 4235.147009999998 41183.118548133345 858768082.7814008 285.7050151824951
44 4235.147009999998 38333.12371900001 815587517.0017703 292.05193996429443
45 4235.147009999998 39442.585671800014 823418824.3701069 298.479110956192
46 4235.147009999998 40047.414956166685 843470013.3398823 304.90855717658997
47 4235.147009999998 41658.060951300016 836314050.2619094 311.391676902771
48 4235.147009999998 38628.22707506668 775222451.652817 317.7907338142395
49 4235.147009999998 38747.51612300001 813365272.951108 324.16818499565125
50 4235.147009999998 39275.073309200016 791297865.3753765 330.5580770969391
51 4235.147009999998 38534.337038200014 810381224.5673 336.93693590164185
52 4235.147009999998 37101.410793566676 773701889.2207774 343.26509499549866
53 4235.147009999998 37692.26193683335 777794747.0684371 349.6333930492401
54 4235.147009999998 38458.54877260001 831945411.7020793 356.0250999927521
55 4235.147009999998 36502.29137100001 845799856.7072982 362.32102394104004
56 4235.147009999998 38689.947221900016 865824052.3872944 368.7121639251709
57 4235.147009999998 39114.80957320001 865650717.1758062 375.0959827899933
58 4235.147009999998 39290.459973433346 819714907.0245725 381.50416898727417
59 4235.147009999998 39540.56603886667 796396592.3522296 387.9183859825134
60 4235.147009999998 41747.529240233336 827685834.77234 394.42428493499756
61 4235.147009999998 39663.43526860001 815004185.5209687 400.8511800765991
62 4235.147009999998 38333.187777900006 857069776.7982152 407.24008083343506
63 4235.147009999998 38524.45049116668 815249495.6839116 413.61717677116394
64 4235.147009999998 37987.773207300015 796967632.46158 419.96888613700867
65 4235.147009999998 38034.77142570001 794175413.4458433 426.3162398338318
66 4235.147009999998 40598.00222303335 752679038.8393697 432.7839801311493
67 4235.147009999998 41466.85964786668 798572666.7108003 439.27229595184326
68 4235.147009999998 37445.162910933344 790992333.3678628 445.6175072193146
69 4235.147009999998 38561.52713083334 803239407.6481299 452.022509098053
70 4235.147009999998 38166.640444266675 784512768.2972152 458.41074419021606
71 4235.147009999998 37802.78391683335 762152458.4947631 464.74482583999634
72 4235.147009999998 37298.29868816667 764328287.0867534 471.1038410663605
73 4235.147009999998 38934.806940433344 775858481.9181501 477.49725008010864
74 4235.147009999998 39134.787869933345 798315637.4528909 483.8802709579468
75 4235.147009999998 38047.93647376668 804860882.4182872 490.23119592666626
76 4235.147009999998 38188.08495460001 791879191.5592035 496.609041929245
77 4235.147009999998 37505.99587626669 791248600.8817638 502.93785190582275
78 4235.147009999998 41131.26953943334 791367068.2855674 509.40217304229736
79 4235.147009999998 38987.80056123335 790248535.6543628 515.8225820064545
80 4235.147009999998 37870.41806550001 781693903.8939142 522.1565871238708
81 4235.147009999998 39279.680810133344 838011629.429648 528.5556290149689
82 4235.147009999998 39651.32307923334 806000822.6240015 534.9536788463593
83 4235.147009999998 39964.765969833345 824064790.1078497 541.3818650245667
84 4235.147009999998 37285.72623710002 805812264.1369643 547.7376499176025
85 4235.147009999998 41743.47460510002 851686673.092301 554.2435841560364
86 4235.147009999998 40437.64306356668 813206540.3403058 560.6876380443573
87 4235.147009999998 42554.476489733344 862550750.1584164 567.198037147522
88 4235.147009999998 40855.85247770001 845163842.7278552 573.6527371406555
89 4235.147009999998 41636.145684600015 837396871.6106474 580.1475961208344
90 4235.147009999998 39750.08068723335 834631698.0568191 586.5472249984741
91 4235.147009999998 38973.95331736668 821697726.7281407 592.9074981212616
92 4235.147009999998 41286.336794533345 864945307.7882706 599.390200138092
93 4235.147009999998 40084.72032556668 858886592.7813759 605.8234808444977
94 4235.147009999998 40056.56929740002 856969730.1217527 612.2428259849548
95 4235.147009999998 40470.14078910002 853855835.654979 618.6959700584412
96 4235.147009999998 39588.24539416668 853199019.6582327 625.1088199615479
97 4235.147009999998 39402.23877090002 856167158.4290234 631.5275321006775
98 4235.147009999998 38706.69648943335 836538617.7793354 637.9213728904724
99 4235.147009999998 39523.74740796668 838225418.5116822 644.3451080322266
100 4235.147009999998 38420.93569623334 778466109.5932714 650.7211480140686
101 4235.147009999998 38937.37248110001 814776363.0681622 657.1064209938049
102 4235.147009999998 39233.71090926668 814642815.2835712 663.495265007019
103 4235.147009999998 38157.00992656667 827640240.4232451 669.9383189678192
104 4235.147009999998 39037.85768016667 849539066.5178351 676.3183178901672
105 4235.147009999998 38861.60411460001 837372784.4084767 682.7352561950684
106 4235.147009999998 37673.70289260001 806346973.9697928 689.0935900211334
107 4235.147009999998 38178.05652933335 796952156.9691662 695.4705920219421
108 4235.147009999998 41282.59248933334 743825000.7891705 701.9170198440552
109 4235.147009999998 40014.91731766667 755652126.8537204 708.3454642295837
110 4235.147009999998 39568.09811410001 801184534.2645298 714.7691731452942
111 4235.147009999998 40362.14427810001 835407916.0796949 721.2220458984375
112 4235.147009999998 41150.72124403335 870533049.2056011 727.684849023819
113 4235.147009999998 41014.32840963335 852369009.5270028 734.1417219638824
114 4235.147009999998 37935.68075536668 794138480.6933086 740.4791259765625
115 4235.147009999998 38165.98422990001 855996073.3960757 746.8636958599091
116 4235.147009999998 38199.61703483335 822573055.4001001 753.2385840415955
117 4235.147009999998 38408.43475433335 831377149.1598141 759.6340408325195
118 4235.147009999998 37198.19077033334 839220488.7301272 765.9794020652771
119 4235.147009999998 37997.99045416668 820848554.6107955 772.3219950199127
120 4235.147009999998 40298.01399313335 836238520.146238 778.762051820755
121 4235.147009999998 38697.41269633334 835811505.9091613 785.1398820877075
122 4235.147009999998 36326.61397466667 788214770.3820996 791.4531421661377
123 4235.147009999998 38357.59378636667 838936962.8526136 797.8448169231415
124 4235.147009999998 40290.39587126667 843351539.5342801 804.2656579017639
125 4235.147009999998 41038.84404040001 875398458.2159747 810.7222130298615
126 4235.147009999998 40859.19509856668 813140520.8958884 817.1587989330292
127 4235.147009999998 39391.10816680001 830688979.9615875 823.5605549812317
128 4235.147009999998 39016.54994850001 847239288.6548661 829.9653120040894
129 4235.147009999998 38712.70803606668 756569599.8142775 836.3349361419678
130 4235.147009999998 40312.93546546668 775144977.6724393 842.7830169200897
131 4235.147009999998 38156.91208760001 749473925.0571675 849.1652381420135
132 4235.147009999998 37127.08540570001 726346059.6738743 855.4930319786072
133 4235.147009999998 35992.011884866675 782673755.5626432 861.8066990375519
134 4235.147009999998 36725.21781780001 779495469.2188517 868.1273128986359
135 4235.147009999998 37664.16851330001 784705941.5352669 874.4733839035034
136 4235.147009999998 37572.64890633335 775806189.8899858 880.8409070968628
137 4235.147009999998 39677.62401800001 753510795.9024606 887.2526919841766
138 4235.147009999998 38534.59959496668 765457624.878152 893.6387810707092
139 4235.147009999998 38401.107834633345 744882860.2464128 900.0161139965057
140 4235.147009999998 39719.76017863335 735288535.2676054 906.4325461387634
141 4235.147009999998 40196.22681776668 770270681.1405354 912.8788738250732
142 4235.147009999998 38175.78408046668 792928284.3888336 919.2914459705353
143 4235.147009999998 41115.55244256668 805082245.5348417 925.77952003479
144 4235.147009999998 40316.61205293335 823219718.3955398 932.2330350875854
145 4235.147009999998 40223.72802310001 754110171.2323997 938.6693730354309
146 4235.147009999998 41480.65197270001 805884458.8135054 945.1579520702362
147 4235.147009999998 40323.18199743334 748400551.4181982 951.6168551445007
148 4235.147009999998 38340.02827083334 753336105.8559823 957.9834129810333
149 4235.147009999998 37947.92366520001 798317853.2281616 964.3359141349792
150 4235.147009999998 37039.56819456667 833590400.0462506 970.6691961288452
151 4235.147009999998 39517.78867446667 867305923.4823358 977.3479781150818
152 4235.147009999998 36903.73781053334 819387016.8329506 983.6662218570709
153 4235.147009999998 38646.46840296668 825833771.0604612 990.0555851459503
154 4235.147009999998 38976.01448170001 724897156.4801998 996.436280965805
155 4235.147009999998 38568.17969453333 775553303.5337398 1002.8225989341736
156 4235.147009999998 37263.33386843334 784176413.1708336 1009.1701431274414
157 4235.147009999998 36610.352687066676 840397432.5398347 1015.4934179782867
158 4235.147009999998 37514.56584586668 760595424.8704097 1021.844053030014
159 4235.147009999998 39686.42388026668 805970311.4705995 1028.25088596344
160 4235.147009999998 39115.89366220001 838625756.8306909 1034.6913049221039
161 4235.147009999998 38263.50785966668 746144351.0431072 1041.0878851413727
162 4235.147009999998 38014.85083720001 812204327.0780554 1047.4757630825043
163 4235.147009999998 38227.14892336668 840869545.4701642 1053.8328919410706
164 4235.147009999998 36955.26725436668 804567193.8842641 1060.1612617969513
165 4235.147009999998 37359.02696503334 793989405.837302 1066.5212738513947
166 4235.147009999998 36894.00692353335 755731788.7974921 1072.8702800273895
167 4235.147009999998 37120.46778723334 814951228.3369671 1079.216274023056
168 4235.147009999998 36774.488510233336 854550877.5208844 1085.549789905548
169 4235.147009999998 35027.097083000015 732841924.4461143 1091.8124299049377
170 4235.147009999998 36277.87120676668 762998222.9441347 1098.1194829940796
171 4235.147009999998 37416.46123283334 753388295.0970783 1104.4706139564514
172 4235.147009999998 37826.28242713334 762721923.8592308 1110.8360550403595
173 4235.147009999998 39973.01445863334 836676422.8630552 1117.2850902080536
174 4235.147009999998 38596.927028166676 747968015.4357101 1123.6708920001984
175 4235.147009999998 41094.81324090002 793733759.1606183 1130.1200199127197
176 4235.147009999998 38743.162528800014 793186253.3956419 1136.5071589946747
177 4235.147009999998 38949.20506433334 839434087.9759043 1142.9039387702942
178 4235.147009999998 38350.14196610001 833703795.6901966 1149.297683954239
179 4235.147009999998 39396.05822590001 843164043.7985691 1155.6789109706879
180 4235.147009999998 38325.86472813334 807926053.1471364 1162.0544710159302
181 4235.147009999998 37864.54753403334 755461064.4542902 1168.3861360549927
182 4235.147009999998 38943.717762266686 808918505.4211693 1174.7747440338135
183 4235.147009999998 38003.91845700001 841073959.29974 1181.1287679672241
184 4235.147009999998 38796.811843600015 799188322.6733292 1187.5246620178223
185 4235.147009999998 39562.91187486668 785305742.8375115 1193.937421798706
186 4235.147009999998 39483.75595253334 797596534.4290795 1200.3368608951569
187 4235.147009999998 39222.620302400006 846188943.159945 1206.7288839817047
188 4235.147009999998 40294.72391893334 791817433.5875189 1213.1641690731049
189 4235.147009999998 42072.144911366675 830870233.5735952 1219.6959900856018
190 4235.147009999998 42796.81805563335 797248942.7840003 1226.2322340011597
191 4235.147009999998 40628.94137620001 795895064.9678112 1232.6853148937225
192 4235.147009999998 40065.40296786668 809013233.3286566 1239.125704050064
193 4235.147009999998 38042.722184300015 788882200.3555822 1245.4699110984802
194 4235.147009999998 36268.14473226668 755387757.9970481 1251.7926030158997
195 4235.147009999998 35807.7332498 742675906.72197 1258.0879361629486
196 4235.147009999998 36698.03250286668 721727660.283467 1264.3954198360443
197 4235.147009999998 37409.22608186668 761115401.8745496 1270.7381250858307
198 4235.147009999998 37598.117742433344 771313758.6727179 1277.0871818065643
199 4235.147009999998 37746.65119490001 795988466.7774695 1283.4392020702362
200 4235.147009999998 37927.27895756668 829442585.7860568 1289.8120231628418
201 4235.147009999998 34342.713013033346 739258256.1986326 1296.058876991272
202 4235.147009999998 35398.18270906668 733443952.9351962 1302.3248147964478
203 4235.147009999998 36545.58660696668 793205991.5124488 1308.6459839344025
204 4235.147009999998 37740.10618890001 847038751.9655627 1315.0095670223236
205 4235.147009999998 38932.42671616667 826577838.811818 1321.3990080356598
206 4235.147009999998 40504.169478266675 826777134.1026152 1327.8573751449585
207 4235.147009999998 39657.13607850001 822298805.608662 1334.2758779525757
208 4235.147009999998 40478.37571300001 825336006.638352 1340.7291400432587
209 4235.147009999998 39767.05156283334 792905861.6910541 1347.160728931427
210 4235.147009999998 40283.99664783335 765016061.2078829 1353.606891155243
211 4235.147009999998 43742.22680096669 800219478.2792761 1360.1586408615112
212 4235.147009999998 41785.11462596667 855942682.5819039 1366.6628758907318
213 4235.147009999998 38826.35172216668 852948082.9846908 1373.0549340248108
214 4235.147009999998 36320.41823046667 808407621.9315869 1379.3395669460297
215 4235.147009999998 38491.313215633345 823979705.520972 1385.719586133957
216 4235.147009999998 37902.53133410001 842575825.3530852 1392.100984096527
217 4235.147009999998 37412.73838596667 806071141.3850622 1398.4837489128113
218 4235.147009999998 39070.53606713334 821843883.8907204 1404.9063119888306
219 4235.147009999998 38879.37672943334 809487962.1400193 1411.3301620483398
220 4235.147009999998 37895.81574843334 804993487.2120954 1417.6972770690918
221 4235.147009999998 37848.72005696668 838149968.5444462 1424.0313439369202
222 4235.147009999998 37805.769692633345 825835289.6721059 1430.4120740890503
223 4235.147009999998 38792.16086463335 880938109.5163304 1436.8163421154022
224 4235.147009999998 38509.443580933344 856585811.6074487 1443.1834199428558
225 4235.147009999998 38965.85111673334 804889112.9741929 1449.5816278457642
226 4235.147009999998 38942.05371743334 767282322.6740788 1455.990033864975
227 4235.147009999998 39633.942408466675 767782701.8033633 1462.46298289299
228 4235.147009999998 38590.77432643335 771343967.497054 1468.8460140228271
229 4235.147009999998 38499.07684936668 772748649.5810293 1475.2285420894623
230 4235.147009999998 38169.79499593334 770034152.6388079 1481.611972808838
231 4235.147009999998 40698.911261600006 808725672.7061801 1488.0720000267029
232 4235.147009999998 39221.52477840002 761902529.0484135 1494.4806139469147
233 4235.147009999998 38505.16261990001 807898823.0536596 1500.8746938705444
234 4235.147009999998 38736.38478403334 887640586.0682464 1507.2706429958344
235 4235.147009999998 36939.85119700001 826472594.9490541 1513.5935399532318
236 4235.147009999998 38986.729635466676 845169992.3919938 1519.966877937317
237 4235.147009999998 37518.60232510001 836854799.6195455 1526.3275320529938
238 4235.147009999998 39199.852249300005 795859720.7319703 1532.74365401268
239 4235.147009999998 38954.26890670002 747535174.2892573 1539.1536331176758
240 4235.147009999998 39352.43383786668 818475171.9822555 1545.5615260601044
241 4235.147009999998 37983.17979873334 814183264.8189507 1551.9420890808105
242 4235.147009999998 38647.609927566686 813676921.5961468 1558.32648396492
243 4235.147009999998 36719.60114006667 798339750.8534126 1564.6252899169922
244 4235.147009999998 39702.596356633345 832621387.3885559 1571.0550520420074
245 4235.147009999998 39213.01077156668 833099344.8116909 1577.4745919704437
246 4235.147009999998 38371.774410100006 812469046.3497362 1583.8697171211243
247 4235.147009999998 38259.08844266668 768637289.2408468 1590.260323047638
248 4235.147009999998 40748.68886656668 871090447.7567669 1596.7203550338745
249 4235.147009999998 42946.358859733344 848291950.8317366 1603.2558000087738
4235.147009999998 1609.7228291034698
3
0 9223372036854775807 85059.4168538667 27157111.95361472 5.394322156906128
1 25697.50105000004 81577.55288170003 49717636.2566796 14.633707046508789
2 11261.07444 66932.75047666668 419763356.64546347 22.442597150802612
3 6289.85265 58540.89057210001 638668463.4101467 29.606255054473877
4 5414.818000000003 52358.58862863335 752786624.4350805 36.395256996154785
5 5200.749690000002 44677.067166833345 827565265.8260586 42.91731405258179
6 4893.798329999998 42715.10208626668 859135968.9102106 49.37982106208801
7 4893.798329999998 40256.52401996668 793816304.620127 55.769052028656006
8 4418.240399999997 39132.068192200015 784569572.4263405 62.123974084854126
9 4418.240399999997 37388.571548000014 776627516.7643704 68.47080898284912
10 4281.775679999998 38882.19347656668 849439819.8436477 74.81861805915833
11 4281.775679999998 35354.76795783335 777515821.380067 81.05848908424377
12 4281.775679999998 38100.18401583334 723128808.3966303 87.40034294128418
13 4281.775679999998 38256.97432786667 784173238.153945 93.72562718391418
14 4272.574609999998 39275.063930433345 767767555.262133 100.08380508422852
15 4272.574609999998 38630.10441043334 743217168.0521679 106.45100903511047
16 4272.574609999998 37739.912138900014 748971282.6231109 112.79098796844482
17 4272.574609999998 38047.6748927 740450075.2889767 119.14965295791626
18 4272.574609999998 40213.128227066685 796719277.5718482 125.55605125427246
19 4272.574609999998 41439.79124286668 838993699.1259726 132.02108216285706
20 4272.574609999998 40925.256319100015 861510878.4491948 138.41748309135437
21 4272.574609999998 40805.25134220002 867242743.3452762 144.9020709991455
22 4272.574609999998 39550.85539593334 803925375.3748499 151.2933530807495
23 4272.574609999998 39843.58275486668 814970406.1794555 157.68704295158386
24 4272.574609999998 40431.88096893334 843451086.5301429 164.13386511802673
25 4272.574609999998 39181.044100966676 806016961.601671 170.52203607559204
26 4272.574609999998 41460.97307040001 848596266.9951137 176.97729206085205
27 4272.574609999998 40675.89619583334 843833291.0210658 183.4144561290741
28 4272.574609999998 37989.855529866676 847415411.3349342 189.73928999900818
29 4272.574609999998 36790.07188300001 770847335.6669859 196.02359318733215
30 4272.574609999998 34608.373623866675 771043588.2970719 202.2597620487213
31 4272.574609999998 39072.62441050001 824555888.6715891 208.64232897758484
32 4272.574609999998 37441.44073323334 793234674.4603475 214.97024607658386
33 4272.574609999998 39989.13028750001 833387347.9694552 221.35642099380493
34 4272.574609999998 41046.26328503334 812848768.1648232 227.79704999923706
35 4272.574609999998 43975.61616590001 835420275.1421821 234.35040998458862
36 4272.574609999998 40685.46262890001 776142864.2630455 240.7995879650116
37 4272.574609999998 41786.830432633345 768432559.3163047 247.28472590446472
38 4272.574609999998 37684.90913680001 775640773.009748 253.64405703544617
39 4272.574609999998 39061.54550916668 808013238.1287636 260.0542960166931
40 4272.574609999998 36990.34328693334 784375451.0232733 266.38100504875183
41 4272.574609999998 38219.747842966666 805216908.5636796 272.7584810256958
42 4272.574609999998 37030.41549236668 778100222.3534609 279.07713413238525
43 4272.574609999998 37355.19539726668 815677694.5185282 285.42354106903076
44 4272.574609999998 38765.74955796668 802912230.1942836 291.82532715797424
45 4272.574609999998 38436.31869766668 767327910.9018989 298.2061679363251
46 4272.574609999998 39067.122557233335 793185423.7753669 304.5672450065613
47 4272.574609999998 38463.67158156668 746015869.3199376 310.9469430446625
48 4272.574609999998 37637.02075190001 748889455.1258079 317.31351494789124
49 4272.574609999998 39046.89920913335 821229809.0003717 323.68390107154846
50 4272.574609999998 39054.67450310001 719472663.0766145 330.07706904411316
51 4272.574609999998 36859.25835410001 733217623.8819493 336.4023401737213
52 4272.574609999998 37127.41008856668 749029038.0913699 342.7311820983887
53 4272.574609999998 37364.64168116668 728456961.8269325 349.06678795814514
54 4272.574609999998 36302.84945180001 751228795.0630413 355.3564851284027
55 4272.574609999998 35435.48261693334 748830880.5698636 361.6362130641937
56 4272.574609999998 35432.852203900016 707300128.809214 367.90683007240295
57 4272.574609999998 35715.16857656668 741345360.7635478 374.1580550670624
58 4272.574609999998 35529.512344600014 727443729.4777136 380.43893814086914
59 4272.574609999998 36522.84296426668 745238708.941809 386.7341480255127
60 4272.574609999998 36907.46322910001 751782424.7157941 393.0488049983978
61 4272.574609999998 34926.87580783334 738876981.6420827 399.30243706703186
62 4272.574609999998 35394.811199166674 762149051.856377 405.5685851573944
63 4272.574609999998 36334.080395066674 789167510.8429695 411.850075006485
64 4272.574609999998 36600.6197794 767947972.620062 418.1701080799103
65 4272.574609999998 39425.05897153335 857429981.2323818 424.55396604537964
66 4272.574609999998 39382.51564773335 795003693.4503969 430.9513649940491
67 4272.574609999998 40217.497203266685 814198589.6766138 437.35908699035645
68 4272.574609999998 38792.571371300015 811206560.436372 443.7522192001343
69 4272.574609999998 39654.599734566684 815613021.339469 450.15106296539307
70 4272.574609999998 38649.618824433346 782581023.9073021 456.5417540073395
71 4272.574609999998 38293.24423650001 801031014.5564001 462.9200050830841
72 4272.574609999998 43237.344166500014 789610934.166773 469.43065905570984
73 4272.574609999998 41224.824861866684 854915316.2022763 475.901150226593
74 4272.574609999998 43272.04736370001 804236620.6086484 482.44231700897217
75 4272.574609999998 40289.04772486667 779609290.3032215 488.90227603912354
76 4272.574609999998 39925.334677766674 831479483.7414024 495.33252024650574
77 4272.574609999998 39340.82170583335 776425967.2754352 501.7533669471741
78 4272.574609999998 40850.502686100015 829111758.8561009 508.19367384910583
79 4272.574609999998 39767.469438966684 802806526.0948455 514.6053988933563
80 4272.574609999998 39739.52917656668 800695424.6616112 521.0082311630249
81 4272.574609999998 38892.06224090001 747904543.0865605 527.3976149559021
82 4272.574609999998 38775.950198933344 718848432.4877083 533.7909240722656
83 4272.574609999998 37663.64300853334 782623342.4292473 540.1371660232544
84 4272.574609999998 39954.01824463334 836202179.4467489 546.59042096138
85 4272.574609999998 40731.210240733344 864546636.9610035 553.0451240539551
86 4272.574609999998 40170.13824016668 800388566.4045995 559.4874510765076
87 4272.574609999998 39981.58216720001 851743611.2444468 565.8974750041962
88 4272.574609999998 39851.10453436668 860660217.5227191 572.3057379722595
89 4272.574609999998 38546.548291066676 820509103.7333394 578.6875150203705
90 4272.574609999998 35525.85838626668 758078243.9546195 584.9735469818115
91 4272.574609999998 35553.88521096668 750296959.2594254 591.2322380542755
92 4272.574609999998 37417.52540426668 835093370.5555302 597.5684640407562
93 4272.574609999998 37840.76983473334 841950471.4412361 603.9272308349609
94 4272.574609999998 39368.71144816667 806742047.2113223 610.3389360904694
95 4272.574609999998 39411.54269116667 769962623.3875753 616.7431499958038
96 4272.574609999998 39700.49736620001 820170711.5555251 623.168084859848
97 4272.574609999998 40650.97434900002 810644689.5296565 629.6306331157684
98 4272.574609999998 39422.58213510002 801179994.3670564 636.0363881587982
99 4272.574609999998 37343.73127193334 711793039.303211 642.35294008255
100 4272.574609999998 37771.862765100006 732014469.8389348 648.7009599208832
101 4272.574609999998 39259.40132010001 767782058.8834467 655.1012830734253
102 4272.574609999998 38797.04059386667 833536904.6620098 661.5025699138641
103 4272.574609999998 37492.370980866675 837377112.9447978 667.8475570678711
104 4272.574609999998 36680.18315170001 817577078.2279271 674.1594679355621
105 4272.574609999998 36287.10297500001 813796816.9895687 680.464958190918
106 4272.574609999998 38270.42952900001 765460855.3955932 686.8418018817902
107 4272.574609999998 38705.16311196668 772264379.6193542 693.2280340194702
108 4272.574609999998 36461.41565850002 741673183.1284078 699.5429632663727
109 4272.574609999998 37258.65709920001 766824746.1134009 705.8603031635284
110 4272.574609999998 39061.02683793335 807168126.0451324 712.2706820964813
111 4272.574609999998 35930.65742750001 729162594.406799 718.567095041275
112 4272.574609999998 38567.63764583334 747156662.6320924 724.9568281173706
113 4272.574609999998 39356.49304036667 816318109.6085856 731.3826251029968
114 4272.574609999998 39011.02497306667 757266701.0476081 737.7712659835815
115 4272.574609999998 39027.408118066676 821866751.3914292 744.1461260318756
116 4272.574609999998 40564.987240366674 800806212.2159426 750.6086549758911
117 4272.574609999998 39174.31796963335 801275228.4649087 757.0023169517517
118 4272.574609999998 39454.19207956668 738621740.8032742 763.40647315979
119 4272.574609999998 39305.29207056668 750137359.6056277 769.8104419708252
120 4272.574609999998 41266.09097696668 803894397.4297422 776.3038740158081
121 4272.574609999998 37954.777627200005 784963480.3259894 782.6799411773682
122 4272.574609999998 39118.49381593334 806979058.1387569 789.0803949832916
123 4272.574609999998 39707.96745463335 807766881.9521321 795.514132976532
124 4272.574609999998 40124.838112566686 798828504.6869226 801.9529600143433
125 4272.574609999998 38512.19800860001 763234596.6570563 808.3636898994446
126 4272.574609999998 36095.48549390001 842622762.637665 814.6588799953461
127 4272.574609999998 37636.659152000015 793806211.2880925 820.9952800273895
128 4272.574609999998 35995.88535173334 779252651.5936685 827.3101930618286
129 4272.574609999998 34716.827983 755754953.3282299 833.5879120826721
130 4272.574609999998 36794.34312466667 760303857.7022268 839.9135799407959
131 4272.574609999998 38000.349890166675 780051980.8746778 846.2505252361298
132 4272.574609999998 38877.88128173334 738786127.0634251 852.6421601772308
133 4272.574609999998 39270.93953073335 768510554.1977887 859.0286560058594
134 4272.574609999998 38169.13150956667 769304785.0179003 865.4161629676819
135 4272.574609999998 39361.324739200005 753041547.6500233 871.7987172603607
136 4272.574609999998 41292.72969656668 787574471.5057046 878.2657380104065
137 4272.574609999998 40602.469105433345 800539780.8342196 884.7202711105347
138 4272.574609999998 37764.64589816669 820585226.6777303 891.0692899227142
139 4272.574609999998 35655.74103530001 728347909.5644066 897.3592240810394
140 4272.574609999998 34985.74691643335 701879318.3146871 903.5900499820709
141 4272.574609999998 36265.78302603335 711309011.6069611 909.8794660568237
142 4272.574609999998 38779.49122626667 766398361.6793607 916.2499670982361
143 4272.574609999998 39505.262588066675 718150455.3189608 922.6588411331177
144 4272.574609999998 38104.082838900016 748165833.4454026 929.0217590332031
145 4272.574609999998 42948.010172633345 774113943.4248786 935.564126253128
146 4272.574609999998 42434.486481933345 780423109.9625759 942.0591442584991
147 4272.574609999998 40747.71508880001 762974739.4048985 948.5223741531372
148 4272.574609999998 40443.103554833346 719555197.3856157 954.9619188308716
149 4272.574609999998 39338.867182800015 735285114.4521196 961.3632340431213
150 4272.574609999998 40959.51531893334 737655383.9523146 967.8385882377625
151 4272.574609999998 40577.30985246668 762476255.465211 974.3029351234436
152 4272.574609999998 40052.51752703335 813934936.9965633 980.7352361679077
153 4272.574609999998 38565.25313913335 828797137.1735742 987.1112592220306
154 4272.574609999998 39248.90503866668 820301402.9126394 993.510715007782
155 4272.574609999998 38945.322325866684 776803702.6077244 999.9038200378418
156 4272.574609999998 38539.65439286668 781259474.833159 1006.250058889389
157 4272.574609999998 36776.48774376668 796092333.2436728 1012.552276134491
158 4272.574609999998 38833.936444233346 839871690.7314974 1018.9366812705994
159 4272.574609999998 35731.33595403335 817938138.357465 1025.193463087082
160 4272.574609999998 37193.41435066668 836034348.1487145 1031.5220551490784
161 4272.574609999998 37986.02673490001 808598291.5446525 1037.8726298809052
162 4272.574609999998 38408.94870886667 798128780.6184589 1044.27028298378
163 4272.574609999998 38402.86751440001 783767337.2549418 1050.6350591182709
164 4272.574609999998 38883.92492196668 803823038.5806832 1056.9967761039734
165 4239.234739999997 39279.292100066676 776374084.8724711 1063.3875470161438
166 4239.234739999997 37449.58292013335 816191637.2194049 1069.7516741752625
167 4239.234739999997 38452.17717943334 738646203.7454814 1076.120521068573
168 4239.234739999997 36957.46750426667 746655808.4612525 1082.462723016739
169 4239.234739999997 39310.50380216668 782067135.6553946 1088.8524808883667
170 4239.234739999997 40284.08832986668 814816298.303485 1095.278992176056
171 4239.234739999997 40532.89039876668 796028807.5847033 1101.7704310417175
172 4239.234739999997 35713.385208966676 736194229.6851058 1108.0593600273132
173 4239.234739999997 36914.44909280001 783758608.4510051 1114.3865389823914
174 4239.234739999997 35247.289448366675 798129173.9709953 1120.6762971878052
175 4239.234739999997 34137.151959633346 743861886.0405906 1126.9234020709991
176 4239.234739999997 35479.13529366667 758873875.221145 1133.2026879787445
177 4239.234739999997 34911.85535203335 773261843.8295585 1139.456356048584
178 4239.234739999997 38100.73313120001 746182382.5759196 1145.8388311862946
179 4239.234739999997 38308.37975443334 748321214.4942328 1152.2158708572388
180 4239.234739999997 39127.78398923335 732668261.1792387 1158.628468990326
181 4239.234739999997 39591.285756400015 738213927.6146877 1165.045644044876
182 4239.234739999997 38778.478172433344 749524143.72851 1171.4683408737183
183 4239.234739999997 37441.605904266675 801161052.1233429 1177.8242890834808
184 4239.234739999997 37913.16292220001 811067071.8990399 1184.1768000125885
185 4239.234739999997 39079.80950366668 848723226.8213989 1190.5668771266937
186 4239.234739999997 38010.634966000005 838272034.3649566 1197.0307750701904
187 4239.234739999997 37575.67146466667 809052247.1060426 1203.3951411247253
188 4239.234739999997 38565.599217466675 844916348.7376144 1209.755040884018
189 4239.234739999997 37475.15047596667 807685034.2930979 1216.0892798900604
190 4239.234739999997 38056.860466033344 771018573.8192184 1222.450581073761
191 4239.234739999997 35984.41648743334 765654701.7671998 1228.7502281665802
192 4239.234739999997 37472.115586066684 749723892.0813756 1235.101094007492
193 4239.234739999997 37408.72433896668 785232799.0840368 1241.4405770301819
194 4239.234739999997 37952.384076400005 791691064.6234002 1247.7884452342987
195 4239.234739999997 40376.600714000015 813352377.7785776 1254.2365691661835
196 4239.234739999997 41233.36309503334 787037221.3048419 1260.7134330272675
197 4239.234739999997 38614.803816933345 797102898.4262463 1267.0996210575104
198 4239.234739999997 37160.059881666675 819579012.0957708 1273.403118133545
199 4239.234739999997 37076.37852636667 758641258.6043522 1279.7555932998657
200 4239.234739999997 37750.36318710001 803496268.0259947 1286.093094110489
201 4239.234739999997 36312.378578 775259529.9848872 1292.4035031795502
202 4239.234739999997 37628.93394256668 784719745.2667094 1298.7685759067535
203 4239.234739999997 37030.26474713334 758763662.2335079 1305.0770270824432
204 4239.234739999997 37562.554788600006 774744624.9166257 1311.4331390857697
205 4239.234739999997 37640.23607750001 817876138.2580444 1317.7920269966125
206 4239.234739999997 38010.80135160001 790664409.2720689 1324.1586191654205
207 4239.234739999997 35809.902796600014 773943231.292567 1330.4497940540314
208 4239.234739999997 36090.89472093334 764100895.5587772 1336.7364211082458
209 4239.234739999997 37191.66069170001 761100748.6922585 1343.069107055664
210 4239.234739999997 37627.40169916668 775345662.6882077 1349.4253821372986
211 4239.234739999997 36413.60834680001 759644249.7408211 1355.734768152237
212 4239.234739999997 38567.28145610001 810381725.46715 1362.1257901191711
213 4239.234739999997 38796.09694950001 828331771.865444 1368.5196940898895
214 4239.234739999997 38789.585233133344 789814384.7678714 1374.9355890750885
215 4239.234739999997 38062.34628216668 804784326.3648863 1381.312077999115
216 4239.234739999997 37707.38153586667 752550458.7759259 1387.6597940921783
217 4239.234739999997 35572.978001166666 713920455.3601986 1393.9510371685028
218 4239.234739999997 36883.312596 747734121.943624 1400.284244298935
219 4239.234739999997 38029.608632266674 796652481.4981811 1406.6612541675568
220 4239.234739999997 37572.34574390002 808890772.2441363 1413.0108242034912
221 4239.234739999997 36483.44110640001 803347093.2686157 1419.314929008484
222 4239.234739999997 39986.90045993334 785879602.8773599 1425.7442281246185
223 4239.234739999997 36484.06488996668 782530647.1891369 1432.0576140880585
224 4239.234739999997 36334.565206200015 743367652.3291619 1438.3889610767365
225 4239.234739999997 35734.662646433346 744752700.4324001 1444.6784491539001
226 4239.234739999997 36594.79504963334 776681325.3846431 1450.998684167862
227 4239.234739999997 35484.343506500016 763783817.6205117 1457.2672019004822
228 4239.234739999997 36981.502175600006 828922347.4579289 1463.608920097351
229 4239.234739999997 35810.01298226668 761860232.1439527 1469.8688311576843
230 4239.234739999997 37301.12448913335 781130870.4387844 1476.1837770938873
231 4239.234739999997 38371.97867500001 775127928.9290156 1482.5523629188538
232 4239.234739999997 36378.72351273334 752051308.4479297 1488.8494040966034
233 4239.234739999997 37626.51868293335 796313232.3411053 1495.2013490200043
234 4239.234739999997 36695.41432863334 740694641.0093557 1501.5218291282654
235 4239.234739999997 36748.32003953334 749389776.846474 1507.8391542434692
236 4239.234739999997 37787.24764970001 739121308.4042398 1514.1981010437012
237 4239.234739999997 39656.13210920001 727826139.0793302 1520.623486995697
238 4239.234739999997 40817.246771333346 726632572.364075 1527.0794081687927
239 4239.234739999997 40406.097376200014 704065761.1032146 1533.561115026474
240 4239.234739999997 41826.43448956669 783017317.5470446 1540.0478200912476
241 4239.234739999997 38175.89655953334 827499243.7394819 1546.4440159797668
242 4239.234739999997 37073.02774003334 818441012.7051624 1552.7680082321167
243 4239.234739999997 36698.41943126667 771470839.818642 1559.1244950294495
244 4239.234739999997 38279.73829436668 791436795.0252672 1565.5020751953125
245 4239.234739999997 39598.53010636668 741036808.7799492 1571.9579329490662
246 4239.234739999997 39186.28704323334 731051471.0827374 1578.3875920772552
247 4239.234739999997 37576.289268000015 719532158.6849389 1584.7508189678192
248 4239.234739999997 38418.173017633344 712839605.9985759 1591.1290140151978
249 4239.234739999997 38531.20610820001 716807656.7053593 1597.5308771133423
4239.234739999997 1603.9247601032257
