MQ5
250 4080.7429
1
0 9223372036854775807 72911.34263246668 17862057.34726088 5.468169927597046
1 26986.03059000003 70127.17735583335 31008880.36136017 14.944308996200562
2 10046.986419999996 59847.33667153334 228727123.53545362 22.95959210395813
3 4654.492099999998 48540.72833913334 442470522.4222221 30.04176616668701
4 4562.567089999997 41309.62190590001 574784646.3154752 36.680737018585205
5 4562.567089999997 38438.51439106667 603091433.3931065 43.22749400138855
6 4372.978469999997 36614.430391033326 622863744.822358 49.69776391983032
7 4372.978469999997 36700.756931866665 587342883.4744794 56.178338050842285
8 4372.978469999997 33752.17221323333 586329452.444136 62.56443691253662
9 4372.978469999997 33988.08407789999 515885888.8751535 68.9411199092865
10 4372.978469999997 33978.94115959999 559908818.9321511 75.32238602638245
11 4211.801629999998 32727.569814500002 583071891.6047024 81.66910099983215
12 4211.801629999998 35200.94269146666 556118387.8252561 88.12429904937744
13 4183.424319999999 33262.357800499994 557420893.0094023 94.50882411003113
14 4183.424319999999 32229.421936599996 516598888.86293316 100.80650997161865
15 4183.424319999999 33253.620460333324 581979004.131742 107.19999408721924
16 4153.924189999997 34336.89514456666 604780786.8942981 113.58017301559448
17 4153.924189999997 33769.58698843333 601005926.5428057 119.97351694107056
18 4153.924189999997 30818.184407899993 559873930.5156668 126.2302360534668
19 4153.924189999997 31049.194357166663 534848217.2602582 132.49861001968384
20 4153.924189999997 32929.81067656667 579036662.5715249 138.84172296524048
21 4153.924189999997 33615.42059716667 587265984.9397188 145.2421989440918
22 4153.924189999997 34064.05445066666 559687232.9172455 151.65522027015686
23 4153.924189999997 33596.62730553333 553364369.5605072 158.0240490436554
24 4153.924189999997 33967.27524316666 598317979.2063115 164.41159796714783
25 4153.924189999997 33505.839400433324 521369212.65339255 170.79707217216492
26 4153.924189999997 33852.7322428 537466033.3741281 177.1719400882721
27 4153.924189999997 33569.103098966654 531308654.8018563 183.55803203582764
28 4153.924189999997 33806.45117929999 588488810.8383472 189.93298196792603
29 4153.924189999997 33112.66561013333 590141921.5534487 196.30758690834045
30 4153.924189999997 35726.78223559999 595942733.813768 202.79704403877258
31 4153.924189999997 37113.069580833326 545035166.3338246 209.34351086616516
32 4153.924189999997 34353.126130666664 602666634.8982397 215.77388620376587
33 4153.924189999997 33502.84714316666 610625676.1929783 222.19084906578064
34 4153.924189999997 31953.7671766 587908217.9304718 228.54466915130615
35 4153.924189999997 32235.94969843333 590188654.8241439 234.9298951625824
36 4153.924189999997 32419.754132066668 582591419.1202173 241.26826524734497
37 4153.924189999997 32809.583841166655 559556232.0015495 247.65529417991638
38 4153.924189999997 34148.8314271 603865212.7819597 254.09415102005005
39 4153.924189999997 32966.34430996666 602034837.7669348 260.47341895103455
40 4153.924189999997 32753.729687199997 564303949.6574743 266.84293603897095
41 4153.924189999997 31581.206992433334 581891672.2114146 273.16709899902344
42 4153.924189999997 33775.05281626667 546119154.3287734 279.5707528591156
43 4153.924189999997 35344.36893116666 572933259.4487586 286.04257702827454
44 4153.924189999997 33504.098439133326 595713329.9773271 292.44792795181274
45 4153.924189999997 33013.61489006666 591731564.6286469 298.838406085968
46 4153.924189999997 32709.01338563333 630190542.5711186 305.1721680164337
47 4153.924189999997 31705.185031833327 603063404.0316724 311.4922640323639
48 4153.924189999997 32934.65011716666 580001422.5786058 317.90324902534485
49 4153.924189999997 31053.401614733328 589322711.3111641 324.1919560432434
50 4153.924189999997 33171.14349583333 561363966.9973407 330.564749956131
51 4153.924189999997 33558.874720566666 571625316.134105 336.97390508651733
52 4153.924189999997 33700.6622389 565520637.1312466 343.37895703315735
53 4153.924189999997 34812.75577369999 584050320.2448865 349.81894278526306
54 4153.924189999997 34583.71886609999 567676592.0096383 356.2744228839874
55 4153.924189999997 33145.81008713332 582014870.0818803 362.6345808506012
56 4153.924189999997 32867.401122466654 577769441.5254589 369.0086929798126
57 4153.924189999997 33121.41666959999 595150374.1152134 375.40308594703674
58 4153.924189999997 33680.238050299995 603999418.3265567 381.77284121513367
59 4153.924189999997 32703.13251783333 612187227.5610427 388.1490271091461
60 4153.924189999997 33435.00148633333 609116536.4532949 394.5249240398407
61 4153.924189999997 32318.576474433332 594975812.5952502 400.8813669681549
62 4153.924189999997 31529.139605366658 582431079.1811291 407.2023401260376
63 4153.924189999997 31720.62589649999 574397873.648854 413.49812507629395
64 4153.924189999997 32443.735857066662 584852298.3455535 419.8336522579193
65 4153.924189999997 32629.611812299998 562113345.0542047 426.19790410995483
66 4153.924189999997 33374.99213566666 605248207.5835859 432.61836194992065
67 4153.924189999997 34411.23546323333 616459145.4886526 439.03980112075806
68 4153.924189999997 32936.2892273 612391944.8762256 445.40143394470215
69 4139.590579999999 33306.02135036666 548167085.9709741 451.8062901496887
70 4139.590579999999 33423.85639856666 565046945.6659564 458.20315504074097
71 4139.590579999999 34092.80903566666 536467444.20221174 464.6176359653473
72 4139.590579999999 32928.79826466666 551830340.9916922 471.0087459087372
73 4139.590579999999 32768.602502666654 565576478.7964334 477.4402029514313
74 4139.590579999999 33930.423865766665 590616218.5304238 483.8719880580902
75 4139.590579999999 32498.722184033333 561676538.70623 490.22376108169556
76 4139.590579999999 31724.57586009999 591522974.9378161 496.5609300136566
77 4139.590579999999 32386.94178693333 599211237.7385708 502.9020230770111
78 4139.590579999999 32046.298777199994 588195804.8359829 509.24213910102844
79 4139.590579999999 31610.01461269999 544857010.5071695 515.5811009407043
80 4139.590579999999 30155.046728499998 521519793.8695634 521.8334062099457
81 4139.590579999999 29885.894002766665 522349482.8478922 528.1103551387787
82 4139.590579999999 30880.309039399996 587420461.7819781 534.4538171291351
83 4139.590579999999 32387.770744199996 584183813.5466 540.8126680850983
84 4139.590579999999 32874.48603956666 570697605.5081902 547.2043781280518
85 4139.590579999999 33467.82573583332 570167520.107197 553.6133151054382
86 4139.590579999999 33454.794532166656 565550484.1445729 560.0119149684906
87 4139.590579999999 33427.17069559999 555429238.2269692 566.4082448482513
88 4139.590579999999 31681.631046933333 508114853.2389321 572.7293448448181
89 4139.590579999999 35307.900945366666 533980679.75685894 579.2094178199768
90 4139.590579999999 32311.6390959 534615639.93463683 585.5829880237579
91 4139.590579999999 33114.78749476667 587047045.4514953 591.9642910957336
92 4139.590579999999 32775.9699 608780763.5445921 598.3453450202942
93 4139.590579999999 34481.15110366666 607468849.9752483 604.782329082489
94 4139.590579999999 34260.83689083333 547595618.915432 611.2068309783936
95 4139.590579999999 35736.981917533325 604400984.3941052 617.6831130981445
96 4139.590579999999 35091.43021106667 654382594.7991396 624.1407940387726
97 4139.590579999999 34681.51963989999 604546702.2736597 630.6011190414429
98 4139.590579999999 33412.339404599996 581326925.7191923 636.978658914566
99 4139.590579999999 32728.20501679999 528546401.9202976 643.3593587875366
100 4139.590579999999 34508.15960573333 553170593.4009135 649.8221821784973
101 4139.590579999999 34874.76005393333 526913037.9068398 656.285975933075
102 4139.590579999999 35090.55784703333 529805515.32758564 662.7627930641174
103 4139.590579999999 34237.31974133333 574925970.8973409 669.2050721645355
104 4139.590579999999 36203.789863466656 599007624.1822343 675.7154121398926
105 4139.590579999999 34132.925393566664 593510436.9655827 682.1526801586151
106 4139.590579999999 33602.54502526667 569354629.1335351 688.5697519779205
107 4139.590579999999 33993.17133243333 590773453.4262342 694.9950129985809
108 4139.590579999999 33025.50340296666 581575190.2166154 701.3689901828766
109 4139.590579999999 31752.4949698 548300394.8626533 707.7298440933228
110 4139.590579999999 32953.20104173332 523758494.2757761 714.1304700374603
111 4139.590579999999 31690.648788499995 548746409.3055272 720.4519760608673
112 4139.590579999999 31900.62899829999 535126704.17929333 726.7870740890503
113 4139.590579999999 32436.274439033332 564181488.0669558 733.1672348976135
114 4139.590579999999 33151.83796516667 566407921.5225314 739.5533258914948
115 4139.590579999999 34769.43453956666 597731510.940075 746.0221228599548
116 4139.590579999999 34330.79199456666 630455998.8841004 752.451798915863
117 4139.590579999999 33683.53444023333 552803654.6139238 758.8733150959015
118 4139.590579999999 30493.354676033327 553264697.2355828 765.1674768924713
119 4139.590579999999 31650.8889353 561654169.5860301 771.4911458492279
120 4139.590579999999 31940.951440866666 591987703.7855637 777.8258299827576
121 4139.590579999999 34471.97250736666 565277232.9951609 784.2563540935516
122 4139.590579999999 32886.08568436666 611091695.4741073 790.6376841068268
123 4139.590579999999 31715.306666799996 592462116.3289646 796.9782991409302
124 4139.590579999999 33123.60443079999 598925728.1204606 803.3692770004272
125 4139.590579999999 32922.43268776666 576135450.2636199 809.7608239650726
126 4139.590579999999 34694.7395922 590500240.6910118 816.2172751426697
127 4139.590579999999 35197.50633763332 594512164.5945507 822.6819159984589
128 4139.590579999999 33505.66698046666 616842337.0877391 829.097865819931
129 4139.590579999999 35323.639765399996 568662591.3517472 835.5579380989075
130 4139.590579999999 36944.866518033334 629182825.5711159 842.0821831226349
131 4139.590579999999 35535.028123666656 604331799.309882 848.5704941749573
132 4139.590579999999 35200.83100576667 570872734.3526485 855.0381689071655
133 4139.590579999999 36012.82301326666 606602669.7488033 861.5397069454193
134 4139.590579999999 33230.41769043333 539561631.0252924 867.9351971149445
135 4139.590579999999 32151.475669499996 576747178.6291184 874.261862039566
136 4139.590579999999 34313.2273238 581326973.8780365 880.7047350406647
137 4139.590579999999 35039.76418406667 601460462.507742 887.1726372241974
138 4139.590579999999 32696.195319133327 574656338.8817927 893.534481048584
139 4139.590579999999 31453.162177599992 534068229.8481488 899.8801250457764
140 4139.590579999999 33470.974810399995 568492777.0016928 906.28071808815
141 4139.590579999999 33297.986132633334 592544971.9938087 912.6770730018616
142 4139.590579999999 30864.38885013333 571135590.1533103 918.9689388275146
143 4139.590579999999 32318.372471199993 587555327.8503828 925.3167519569397
144 4139.590579999999 33244.797588699985 519412195.3952181 931.7300500869751
145 4139.590579999999 33220.70229523332 522568961.16116333 938.0782330036163
146 4139.590579999999 33882.59544469999 579188787.7026058 944.4990141391754
147 4139.590579999999 35541.08911176667 613574465.0944952 950.9596750736237
148 4139.590579999999 34419.8794305 514069257.2087907 957.413113117218
149 4139.590579999999 32772.46794139999 526151081.957055 963.7740421295166
150 4139.590579999999 33676.96620153333 546965657.4630078 970.1684920787811
151 4139.590579999999 34181.787880766664 601824835.7405411 976.5884830951691
152 4139.590579999999 32888.189257666665 567316648.2802216 982.9657111167908
153 4139.590579999999 31667.693380066667 543311574.0641774 989.2968459129333
154 4139.590579999999 31420.616318066666 536118397.26720136 995.6291282176971
155 4139.590579999999 32512.45836496666 579688291.2786623 1001.9966549873352
156 4139.590579999999 32307.461917366658 552347953.3003486 1008.3575720787048
157 4139.590579999999 30904.174416933325 554721691.5116321 1014.6659390926361
158 4139.590579999999 33396.86283006666 561326629.0712447 1021.0271148681641
159 4139.590579999999 34607.294312599995 587441969.4087284 1027.4764049053192
160 4139.590579999999 34825.34331336666 569844207.3309741 1033.9381930828094
161 4139.590579999999 35218.078012299986 540170451.9233402 1040.4054079055786
162 4139.590579999999 33325.336025799996 572785214.7481978 1046.8024179935455
163 4139.590579999999 33879.733877733335 557519400.6979382 1053.204528093338
164 4139.590579999999 33546.194415399994 579870944.0757915 1059.6076698303223
165 4139.590579999999 31957.898961433333 569492355.8777226 1065.9515318870544
166 4139.590579999999 33007.39431793334 584042754.499231 1072.344852924347
167 4139.590579999999 33289.8010782 523277344.46650666 1078.7532420158386
168 4139.590579999999 31747.380172999998 573662984.8289367 1085.0933630466461
169 4139.590579999999 33123.892932033326 544894546.6666303 1091.503947019577
170 4139.590579999999 33490.81194596666 543029896.5255269 1097.997386932373
171 4139.590579999999 32627.383095966663 546660518.8018211 1104.468919992447
172 4139.590579999999 32598.02288476666 586649648.9832169 1110.919764995575
173 4139.590579999999 33142.258554199994 604185222.7298272 1117.325033903122
174 4139.590579999999 31526.09618523333 567762954.2510175 1123.6499061584473
175 4139.590579999999 31781.0921074 537094224.6371794 1129.999099969864
176 4139.590579999999 32203.65795933333 568774591.0902566 1136.3604850769043
177 4139.590579999999 33568.18694536666 593970280.6994148 1142.7665650844574
178 4138.186809999998 32458.614811833326 581385571.0139506 1149.1217050552368
179 4138.186809999998 32410.49462606666 559750936.364482 1155.4956760406494
180 4103.75459 32612.664959233327 548632682.2352226 1161.8976860046387
181 4103.75459 32538.644204966662 541786123.7851744 1168.2575540542603
182 4103.75459 31300.593541166658 551379505.865721 1174.5698091983795
183 4103.75459 32529.431534066658 575721491.2566854 1180.9385659694672
184 4103.75459 32901.603963166664 584973712.4445112 1187.342913866043
185 4103.75459 33622.02615699999 592308494.8562677 1193.747817993164
186 4103.75459 33151.2358309 579215628.423041 1200.1356399059296
187 4103.75459 33793.84943846666 583195092.5389311 1206.5608990192413
188 4103.75459 34568.95876226666 585601528.9932476 1213.0221118927002
189 4103.75459 33461.65153049999 550686705.6745412 1219.4440438747406
190 4103.75459 32830.796761433325 544356399.2112637 1225.832354068756
191 4103.75459 33402.10438219999 534349804.4781545 1232.2297670841217
192 4103.75459 33634.7672295 552088105.9325187 1238.6249539852142
193 4103.75459 33144.2560255 590960517.9011332 1245.044589996338
194 4103.75459 32815.03156046666 573712337.3226714 1251.4336731433868
195 4103.75459 34300.865156366664 609246403.435487 1257.893758058548
196 4103.75459 32304.254467566658 561229174.2999408 1264.2416019439697
197 4103.75459 31486.063024399988 545205171.4604725 1270.5856850147247
198 4103.75459 31201.507016366657 577449904.6426957 1276.9191710948944
199 4103.75459 33052.89791763333 582056489.5919061 1283.300103187561
200 4103.75459 32809.997484466665 525256939.23185325 1289.699826002121
201 4103.75459 32744.49519143333 584700595.7039466 1296.0956819057465
202 4103.75459 32790.44509643332 559941126.6550006 1302.5009219646454
203 4103.75459 34079.60506733333 530555135.8154792 1308.9273052215576
204 4103.75459 31123.585994866666 542424228.7364327 1315.2497420310974
205 4103.75459 32346.550477666664 594064564.1846005 1321.6302120685577
206 4103.75459 33068.253284666665 632236691.9266701 1328.021987915039
207 4103.75459 34138.9192008 605993414.693682 1334.4793388843536
208 4103.75459 32791.35328493333 614356540.5982411 1340.8987140655518
209 4103.75459 32523.52053543333 566781376.2448694 1347.2870860099792
210 4103.75459 32525.16520873333 563352862.7037596 1353.6496098041534
211 4103.75459 31844.007230166655 576114296.7935685 1359.995092868805
212 4103.75459 32160.618075199996 572064121.3885468 1366.3748540878296
213 4103.75459 33591.97461006666 540150469.6920911 1372.80362200737
214 4103.75459 32519.1495642 576645201.9270884 1379.1832060813904
215 4103.75459 31751.07466339999 595036923.2794688 1385.5261549949646
216 4103.75459 33260.12797226666 578442387.2663707 1391.92830824852
217 4103.75459 32043.966700766665 550264925.4855156 1398.2808520793915
218 4103.75459 32511.434715399995 558955307.0048307 1404.6581211090088
219 4103.75459 33095.13585086666 545583585.6400177 1411.0575909614563
220 4103.75459 32695.058072199994 558504939.2760707 1417.4343168735504
221 4103.75459 32795.59899286666 557489900.9210286 1423.8295378684998
222 4103.75459 33395.7325421 570252411.7317516 1430.229408979416
223 4103.75459 32512.259463 603142229.7024846 1436.618970155716
224 4103.75459 32574.542856166667 621290819.1655993 1442.9929330348969
225 4103.75459 33803.861669499995 617832844.1634442 1449.4310281276703
226 4103.75459 35718.771435866656 582016337.3529063 1455.9225299358368
227 4103.75459 36463.3792164 593875047.9939137 1462.4519820213318
228 4103.75459 36185.11371786666 579789660.2461251 1468.9779360294342
229 4103.75459 35888.616320199995 557887707.0458857 1475.4781701564789
230 4103.75459 33985.82727346666 547726866.5824363 1481.9243109226227
231 4103.75459 33865.46615433333 584889146.569881 1488.3547050952911
232 4103.75459 31916.937715799995 585289714.0675374 1494.7200329303741
233 4103.75459 33752.03308393333 606775937.9317795 1501.1542310714722
234 4103.75459 34307.907113933325 597035804.6149579 1507.6019780635834
235 4103.75459 34519.955795199996 623835871.1628543 1514.051428079605
236 4103.75459 34434.68454693333 624546340.7448528 1520.4832880496979
237 4103.75459 34244.36450053334 613171410.4673203 1526.9159409999847
238 4103.75459 35425.49310923333 638212973.8429149 1533.394865989685
239 4103.75459 33412.604613833326 581124731.7511485 1539.7981770038605
240 4103.75459 34020.241972933334 584452390.2445241 1546.2256400585175
241 4103.75459 34148.700291033325 572795035.2035928 1552.656257867813
242 4103.75459 34195.59750226666 539171493.5320746 1559.0893511772156
243 4103.75459 33692.750107399996 565545630.3373708 1565.5301740169525
244 4103.75459 34612.677935199994 573079769.0766962 1572.0019309520721
245 4103.75459 34491.6184186 549698609.2547773 1578.4768521785736
246 4103.75459 34100.797364366656 574379125.4267346 1584.9006371498108
247 4103.75459 32987.28187683332 526789809.5949327 1591.279794216156
248 4103.75459 31640.390859 557045169.1753837 1597.6309139728546
249 4103.75459 32537.320598099996 532416864.523017 1603.998164176941
4103.75459 1610.3257570266724
2
0 9223372036854775807 72527.90798323334 17981459.49597773 5.4329447746276855
1 28294.290190000003 69667.48906250001 28479047.945690382 14.785269975662231
2 11761.880089999982 60211.683024100006 215242557.32938838 22.776073932647705
3 6730.400239999998 50855.43023963334 428743016.96364987 29.99469494819641
4 5461.62687 42102.12582716666 536017365.66220725 36.71695685386658
5 5049.156540000003 38716.46351263333 579542432.3889595 43.22784686088562
6 5049.156540000003 35209.6063172 580115513.9683495 49.64995288848877
7 4646.692249999999 35072.70090106666 561826016.2617031 56.07136297225952
8 4565.864809999999 34244.98110616666 563385069.3271344 62.44146990776062
9 4565.864809999999 32362.5554628 562964110.3763396 68.76749801635742
10 4280.768570000002 31801.522873499995 560441078.0681942 75.0631890296936
11 4280.768570000002 34458.601830700005 600339895.5707124 81.47562599182129
12 4217.07269 34474.9135036 625559711.5369536 87.90812587738037
13 4217.07269 34507.9459953 580505017.4539452 94.34568810462952
14 4217.07269 34370.286467733335 599666363.3008642 100.76295185089111
15 4217.07269 34657.186145 586894837.458717 107.2023868560791
16 4179.958969999998 33204.79690913333 548184545.5613223 113.57592797279358
17 4179.958969999998 33493.55532206666 569215222.3825369 119.95710182189941
18 4133.8513099999955 32006.887815866663 555344721.585577 126.2687418460846
19 4133.8513099999955 32298.57989546666 536475300.59531313 132.62715697288513
20 4107.245399999999 31325.8274163 582121412.0302556 138.92166090011597
21 4107.245399999999 33377.648078666665 603293990.4703485 145.30130982398987
22 4107.245399999999 34197.57090496667 584213522.8588059 151.7184817790985
23 4107.245399999999 32446.05113946667 531206663.43346494 158.052827835083
24 4107.245399999999 31420.372031533334 553529079.9078885 164.3784420490265
25 4107.245399999999 33339.02408613334 567072709.5256829 170.78321194648743
26 4107.245399999999 31967.92959276666 545628747.2732588 177.12427496910095
27 4107.245399999999 33073.96074953333 521967624.1942627 183.5023958683014
28 4107.245399999999 34010.965724899994 538230089.037657 189.93793392181396
29 4107.245399999999 34110.12533373333 576737033.312454 196.35441303253174
30 4107.245399999999 32686.195036 542029771.8179079 202.71516585350037
31 4107.245399999999 33059.46738633333 584187740.2293191 209.10409808158875
32 4107.245399999999 33511.12882546666 558083378.4890925 215.50552082061768
33 4107.245399999999 33366.80317253333 582027002.8330475 221.90382480621338
34 4107.245399999999 34122.12869969999 573293153.9625093 228.35671281814575
35 4107.245399999999 33045.7771306 562769469.6432106 234.74237895011902
36 4107.245399999999 33369.72903573333 571815635.0173726 241.11666202545166
37 4107.245399999999 34050.824191566666 571661427.8176439 247.52377605438232
38 4107.245399999999 35148.03705303333 610443879.5396781 253.96158385276794
39 4107.245399999999 33360.95882476666 582682564.7579023 260.3530807495117
40 4107.245399999999 31964.316787066666 575356729.358631 266.7051799297333
41 4107.245399999999 32956.76248879999 588011951.0416983 273.09869599342346
42 4107.245399999999 32098.46857693333 629627476.557808 279.440367937088
43 4107.245399999999 33392.82476403333 571185143.0383252 285.8228998184204
44 4107.245399999999 33003.897995366664 552250200.4536862 292.19691276550293
45 4107.245399999999 33310.947621233325 558386715.9834924 298.6249659061432
46 4107.245399999999 34487.478262599994 588089569.3976268 305.06166195869446
47 4107.245399999999 31822.049381033332 556920259.328338 311.3975570201874
48 4107.245399999999 33753.7947555 548813375.056558 317.8057658672333
49 4107.245399999999 34143.01407706666 543586906.8273941 324.25014185905457
50 4107.245399999999 35091.430198099995 543736806.7956319 330.6957619190216
51 4107.245399999999 34533.278113366665 559751534.1866472 337.14987897872925
52 4107.245399999999 33009.4479479 531012643.40196186 343.5462210178375
53 4107.245399999999 32335.86850623333 532128903.9348604 349.9058449268341
54 4107.245399999999 33839.67713329999 577600448.7922213 356.32630610466003
55 4107.245399999999 33011.846556799996 581389861.1995815 362.68634700775146
56 4107.245399999999 34482.68230616667 595733382.8510475 369.1449227333069
57 4107.245399999999 35249.01589163333 602567625.6624705 375.6106469631195
58 4107.245399999999 33288.064142966665 597011653.2309377 381.99000096321106
59 4107.245399999999 31120.377081033334 584402458.2273816 388.31108498573303
60 4107.245399999999 31587.115419266665 558359916.4941101 394.65700793266296
61 4107.245399999999 32371.673148799997 545968410.1002908 400.9982600212097
62 4107.245399999999 33680.9443033 549090758.3682519 407.40382289886475
63 4107.245399999999 31342.586064833333 518892202.4106008 413.7466838359833
64 4107.245399999999 31293.21318146667 542024675.6316148 420.06622290611267
65 4107.245399999999 31656.287411933332 553865067.5790977 426.3972580432892
66 4107.245399999999 33307.97881253333 586791914.3328164 432.7970838546753
67 4107.245399999999 31575.405904566658 549143708.7666255 439.14417791366577
68 4107.245399999999 33102.86057016666 540576427.9071085 445.5403277873993
69 4107.245399999999 30294.51851413333 551209839.227385 451.82103395462036
70 4107.245399999999 30501.626471300002 542851685.1379359 458.1389670372009
71 4107.245399999999 32704.90527316666 547101517.2253252 464.54781103134155
72 4107.245399999999 31668.431256099997 533293489.40659636 470.8886909484863
73 4107.245399999999 33379.544308900004 590510688.3244433 477.5262188911438
74 4107.245399999999 31902.921883633335 558644605.0195522 483.8870630264282
75 4107.245399999999 32781.30064826666 580859308.1265157 490.2564289569855
76 4107.245399999999 32478.338600066665 599985922.2812899 496.6359508037567
77 4107.245399999999 32844.7283022 590652004.9454292 503.01019191741943
78 4103.75459 35362.6538551 583790835.3845994 509.4881737232208
79 4103.75459 34067.8319748 609057669.1600974 515.9105620384216
80 4103.75459 36717.04721033334 628497037.5380181 522.4452040195465
81 4103.75459 34859.94236573333 635027745.8208816 528.9273247718811
82 4103.75459 35893.864952066666 617649375.7710283 535.4275348186493
83 4103.75459 32483.492391699998 598746044.3838906 541.7804448604584
84 4103.75459 32146.60033926667 592833932.8335477 548.1155960559845
85 4103.75459 31659.594655200002 572665945.1806774 554.4491419792175
86 4103.75459 33356.48448216666 581846705.765025 560.8597087860107
87 4103.75459 32101.84242483333 574393687.871022 567.2092390060425
88 4103.75459 32085.036159299998 542755690.1750708 573.5795319080353
89 4103.75459 31869.462040166658 526193736.71351695 579.9193720817566
90 4103.75459 31904.324791366656 533510304.81447715 586.2627608776093
91 4103.75459 34410.09643979999 579558773.5594255 592.7217848300934
92 4103.75459 33300.98128053333 584988098.215408 599.1159129142761
93 4103.75459 31511.2361292 570224643.7649207 605.4391260147095
94 4103.75459 34166.26420963333 547702641.8533846 611.8844900131226
95 4103.75459 33561.5593235 558739192.1899348 618.2844958305359
96 4103.75459 32332.033810066663 552002286.9447392 624.6516830921173
97 4103.75459 33889.39701146666 569136270.0058078 631.0827219486237
98 4103.75459 31674.516952766666 530360847.10820025 637.4316439628601
99 4103.75459 31775.976847699993 518689748.50794953 643.7715699672699
100 4103.75459 30856.118326066666 509938136.3242615 650.0938129425049
101 4103.75459 31941.30697676666 534055028.8573763 656.4344308376312
102 4103.75459 31590.071420366665 542678864.3801032 662.7800848484039
103 4103.75459 30857.140470033326 564337153.4856675 669.074150800705
104 4103.75459 32396.62178386666 580549948.2071767 675.436675786972
105 4103.75459 34259.04096009999 606835526.5361922 681.8827798366547
106 4103.75459 34527.80250356666 596088908.581559 688.3257200717926
107 4103.75459 33110.2860057 583387437.5834657 694.7142357826233
108 4103.75459 34440.38752476666 593548197.743314 701.1755049228668
109 4103.75459 33928.35753923333 593299640.8288434 707.6322338581085
110 4103.75459 35155.20617193333 592687794.8195366 714.1291718482971
111 4103.75459 33016.876100933325 589635181.8239764 720.5194549560547
112 4103.75459 33752.55829773333 595495383.42212 726.961746931076
113 4103.75459 33530.91074983333 564885360.122187 733.3868517875671
114 4103.75459 33682.44466736666 597777061.0897928 739.7826108932495
115 4103.75459 33580.41335576666 549326279.3378246 746.19872879982
116 4103.75459 32649.980110333327 548276124.2782835 752.5889549255371
117 4103.75459 31434.52039223333 563220184.1803418 758.9393048286438
118 4103.75459 33399.5596467 593775949.7939897 765.3256809711456
119 4103.75459 33068.061996866665 541443952.0378556 771.7265768051147
120 4103.75459 31826.91530043333 517945862.75374615 778.073264837265
121 4103.75459 31991.486418899993 568409957.8636457 784.434033870697
122 4103.75459 31986.029998199996 547819018.3132097 790.7955009937286
123 4103.75459 32090.11130883333 576423832.1020935 797.1678268909454
124 4103.75459 32751.56694073333 562456168.221012 803.5629990100861
125 4103.75459 33782.51808353333 551221444.4468291 810.014111995697
126 4103.75459 32578.469576866664 554561517.2800527 816.3632678985596
127 4103.75459 34813.78767493332 584569315.9536523 822.8306167125702
128 4103.75459 33798.3717402 620131921.9522743 829.2596678733826
129 4103.75459 32666.90686153333 610733053.0223218 835.6427640914917
130 4103.75459 31719.973822999993 565987480.0072759 841.9844679832458
131 4103.75459 34538.462718166666 578081721.4425982 848.4395508766174
132 4103.75459 33748.48901973334 621866004.4546368 854.8748219013214
133 4103.75459 35304.807008 582986769.3723634 861.3712940216064
134 4103.75459 33744.592372399995 586493823.7955151 867.8004169464111
135 4103.75459 32509.201073966666 551901038.817618 874.1964628696442
136 4103.75459 33922.79381433334 580262046.2637333 880.6240298748016
137 4103.75459 32844.43761913333 596080647.9646417 887.0001089572906
138 4103.75459 33893.100377166666 568024167.7914294 893.43585896492
139 4103.75459 31055.15152016666 566909838.1160086 899.7681519985199
140 4103.75459 33055.19450776666 577784268.8706506 906.2253150939941
141 4103.75459 33458.51761153333 534473197.62577516 912.6236529350281
142 4103.75459 34413.4521846 554184095.5699402 919.0709009170532
143 4103.75459 33883.425836966664 536929011.6290799 925.5069267749786
144 4103.75459 34678.884624 548593865.4230424 931.9649028778076
145 4103.75459 32477.891671599995 529012498.56774485 938.3360998630524
146 4103.75459 32470.25560593333 549957284.347601 944.7185950279236
147 4103.75459 32915.07211783333 575335285.241409 951.1011698246002
148 4103.75459 32712.431610633328 536336029.5073779 957.4937658309937
149 4103.75459 33431.25390353333 565353617.5182778 963.8943629264832
150 4103.75459 34256.476313566665 596160080.8448507 970.341276884079
151 4103.75459 34552.939200933324 583556548.8300656 976.8091447353363
152 4103.75459 34159.96819353332 576209021.9779838 983.2481958866119
153 4103.75459 33160.58773679999 541141273.8516805 989.6582589149475
154 4103.75459 31840.7344976 513582640.4171633 996.0123999118805
155 4103.75459 32191.6210625 547991220.0706209 1002.370992898941
156 4103.75459 31483.221620033328 558527259.5001582 1008.7181308269501
157 4103.75459 32374.134337999996 562435214.4084452 1015.0884048938751
158 4103.75459 33693.67101499999 569368717.7530715 1021.5160310268402
159 4103.75459 34852.4305174 563282874.7781854 1027.993968963623
160 4103.75459 32168.0856583 557884782.391858 1034.364525794983
161 4103.75459 31354.182104299998 523599285.8731455 1040.7025759220123
162 4103.75459 32000.928660799993 560404892.7219311 1047.0503070354462
163 4103.75459 30896.283687366664 538303851.5249896 1053.3477687835693
164 4103.75459 31538.073818499994 537832256.2587537 1059.7240240573883
165 4103.75459 34798.436592733335 560941235.6788772 1066.1831049919128
166 4086.0750300000022 32971.59617963333 572453247.1293609 1072.5710048675537
167 4086.0750300000022 31795.248288599996 580469999.3237199 1078.92502784729
168 4086.0750300000022 30621.399423499995 552695137.6587738 1085.2307651042938
169 4086.0750300000022 30295.598998333327 561582959.6507813 1091.5218448638916
170 4086.0750300000022 30952.56273379999 548790312.3934984 1097.846382856369
171 4086.0750300000022 29774.84945529999 518169409.50586516 1104.1113719940186
172 4086.0750300000022 31992.427906099994 559234717.5317234 1110.4944939613342
173 4086.0750300000022 32163.455168833334 570847313.9411334 1116.847836971283
174 4086.0750300000022 32612.815402499997 562509530.336829 1123.211508989334
175 4086.0750300000022 34664.62638803333 574423193.9822459 1129.6883027553558
176 4086.0750300000022 34006.510372866665 543891278.9164897 1136.117829799652
177 4086.0750300000022 33979.7937559 532073609.9886783 1142.5459558963776
178 4086.0750300000022 33156.15694263333 530086307.0720015 1148.9746079444885
179 4086.0750300000022 33030.458995099994 580187573.1483502 1155.418025970459
180 4086.0750300000022 33712.71002309999 615407962.7974728 1161.843139886856
181 4086.0750300000022 34638.98644973334 585417740.7351974 1168.2924087047577
182 4080.742900000001 34181.075174866666 603688073.2864854 1174.704325914383
183 4080.742900000001 36324.01116336667 567069985.0877116 1181.2169299125671
184 4080.742900000001 35546.10768823333 589342370.5831739 1187.7190508842468
185 4080.742900000001 33993.189140799994 612035828.0795262 1194.1243708133698
186 4080.742900000001 32790.32937536666 577522312.1051513 1200.4835000038147
187 4080.742900000001 32537.08205086666 573968050.3471602 1206.8507659435272
188 4080.742900000001 30085.341195699995 548781321.3029954 1213.119708776474
189 4080.742900000001 30572.745641399993 571700660.6923541 1219.4086918830872
190 4080.742900000001 31573.880347099992 542378643.499913 1225.7385337352753
191 4080.742900000001 32687.100904933326 506784152.41549957 1232.1383459568024
192 4080.742900000001 32425.5847182 565892119.8422067 1238.5153317451477
193 4080.742900000001 34744.21184903332 558158925.8549371 1244.9887709617615
194 4080.742900000001 33121.546606899996 531153409.91685885 1251.3793847560883
195 4080.742900000001 31782.033128499992 546891389.4242682 1257.7240397930145
196 4080.742900000001 32580.786016966664 538835914.321334 1264.0924117565155
197 4080.742900000001 31713.92569083333 580407781.4446985 1270.4362707138062
198 4080.742900000001 30375.013637033328 567543729.3730499 1276.7223317623138
199 4080.742900000001 32701.028910499997 568254544.3874171 1283.1048278808594
200 4080.742900000001 32286.18496213333 554610212.8427715 1289.472743988037
201 4080.742900000001 32297.126655666667 553741379.481703 1295.8441967964172
202 4080.742900000001 32747.58246183333 579970301.4431028 1302.2244999408722
203 4080.742900000001 33067.9255993 577935715.7078259 1308.6184797286987
204 4080.742900000001 31821.799054233332 562092901.2620314 1314.9555819034576
205 4080.742900000001 31373.32331663333 522432836.3800682 1321.2694149017334
206 4080.742900000001 31789.696723666664 524620328.9221845 1327.6095049381256
207 4080.742900000001 32941.06469863333 580369701.9236543 1333.986974954605
208 4080.742900000001 32308.059316033337 558684801.097891 1340.3461639881134
209 4080.742900000001 33092.776200800006 615170177.2684942 1346.7369179725647
210 4080.742900000001 32999.012121733336 622078655.3024971 1353.1267788410187
211 4080.742900000001 33966.46891996667 635789970.1697342 1359.5517139434814
212 4080.742900000001 34157.82140866666 572581855.9551109 1365.9983489513397
213 4080.742900000001 33407.35557173333 555295759.8035356 1372.4111287593842
214 4080.742900000001 32529.472153866664 564724568.9135045 1378.7699420452118
215 4080.742900000001 31451.140950166664 548294196.8496943 1385.1142699718475
216 4080.742900000001 31542.686948499995 574122520.5338529 1391.4574069976807
217 4080.742900000001 33783.88998766666 613163343.3102497 1397.902067899704
218 4080.742900000001 33124.505024533326 591543362.3805987 1404.2965817451477
219 4080.742900000001 34376.843772 569742967.0860311 1410.7527899742126
220 4080.742900000001 35247.658583200006 596078854.0363162 1417.2351837158203
221 4080.742900000001 33537.812496 567797082.7251097 1423.6414158344269
222 4080.742900000001 34222.669992966665 539801599.3423826 1430.1144938468933
223 4080.742900000001 33544.31520886666 581101845.5690036 1436.512386083603
224 4080.742900000001 34863.04541133333 589185148.3172777 1442.9798867702484
225 4080.742900000001 34116.28551483333 596701480.5259888 1449.4239690303802
226 4080.742900000001 33248.61669323333 619689795.6829772 1455.825907945633
227 4080.742900000001 34422.50659823333 601917763.5731195 1462.305214881897
228 4080.742900000001 33259.950151699995 569307514.3194598 1468.7176530361176
229 4080.742900000001 33001.00833779999 592083670.7225533 1475.1346969604492
230 4080.742900000001 33103.213703 583766368.992305 1481.5303618907928
231 4080.742900000001 34045.27897536666 579978105.2784427 1487.968291759491
232 4080.742900000001 32042.200333066663 583536145.8381603 1494.324851989746
233 4080.742900000001 32239.380242599993 596383586.3672788 1500.678906917572
234 4080.742900000001 34090.855168266666 588495056.7810003 1507.1142168045044
235 4080.742900000001 33549.8776238 580356485.9792489 1513.514616727829
236 4080.742900000001 32257.587634233325 602832921.4501989 1519.8982758522034
237 4080.742900000001 34485.88320373333 581051003.7433605 1526.3486630916595
238 4080.742900000001 32446.445778133337 572052390.0146786 1532.70561003685
239 4080.742900000001 32933.089485933335 561281791.8495573 1539.0869388580322
240 4080.742900000001 32051.103375566665 582476090.8713331 1545.4391927719116
241 4080.742900000001 31596.67052433333 576110617.4903368 1551.7751398086548
242 4080.742900000001 30993.83448536666 557615739.9955975 1558.0584378242493
243 4080.742900000001 31702.00158203333 576555590.7933336 1564.381903886795
244 4080.742900000001 33497.94480083333 584449168.7621558 1570.7705700397491
245 4080.742900000001 35221.283738766666 601282705.2409878 1577.2416129112244
246 4080.742900000001 35398.91169836666 607812777.6641088 1583.7242188453674
247 4080.742900000001 33650.71196983333 575817909.2035683 1590.1128299236298
248 4080.742900000001 32958.60294316667 560493224.5299045 1596.508497953415
249 4080.742900000001 34170.024127799996 562145733.0342014 1602.9448246955872
4080.742900000001 1609.3170161247253
3
0 9223372036854775807 72602.58470900002 21529781.30797864 5.392051935195923
1 21673.653989999977 68742.19829923334 41414649.62028975 14.586235046386719
2 9302.965130000011 57787.882861200014 301347903.6218932 22.407723903656006
3 6358.225620000002 47334.62575113333 490531972.44491374 29.50413203239441
4 5738.439229999998 41861.091279099994 538636305.1595984 36.28238582611084
5 4375.795489999998 36441.774714 559606134.1775521 42.79783010482788
6 4364.317319999998 34964.34208283333 571532230.791793 49.24471712112427
7 4165.35148 32350.193002699998 573494825.545567 55.60920596122742
8 4165.35148 31566.19592946666 559940637.4263123 61.95152688026428
9 4165.35148 31284.67100273333 546850685.8012663 68.26370191574097
10 4138.6415 30763.401252999996 563955678.1223035 74.54439187049866
11 4112.734220000003 29772.670092166667 582789628.185656 80.80750107765198
12 4112.734220000003 30727.035029466668 591217813.7876949 87.09250783920288
13 4112.734220000003 31651.166263366664 555961336.231227 93.43033003807068
14 4112.080220000003 34464.95902826667 592349381.6724724 99.86608695983887
15 4112.080220000003 33616.59348333333 598236534.5374551 106.27082705497742
16 4112.080220000003 34074.84704613332 585259044.3499296 112.70302104949951
17 4112.080220000003 34633.35125736666 561307708.3868719 119.17579483985901
18 4112.080220000003 33847.38054273333 593398034.9762276 125.5979790687561
19 4112.080220000003 32396.462799333334 555360833.8264667 131.95466589927673
20 4112.080220000003 32459.800274333335 593895359.9808565 138.29976892471313
21 4112.080220000003 33543.7389349 615116380.5864488 144.7244050502777
22 4112.080220000003 33130.9784496 608138252.7262799 151.1435980796814
23 4112.080220000003 30238.78387436666 553608964.1004199 157.4082510471344
24 4112.080220000003 29047.706832699998 519905533.82691765 163.64695501327515
25 4112.080220000003 31507.085755666667 551452925.6714329 169.99093389511108
26 4112.080220000003 34074.326063166656 551346148.5107852 176.4128499031067
27 4112.080220000003 33992.20228016666 558068054.6572516 182.8164119720459
28 4112.080220000003 33724.07682546666 583590705.0657896 189.23841619491577
29 4112.080220000003 33892.22120263333 609591751.3350562 195.68013405799866
30 4112.080220000003 33260.84201803333 577643934.6776198 202.06090188026428
31 4112.080220000003 34251.66276779999 583947567.8230282 208.50341606140137
32 4112.080220000003 33995.90650406666 535165153.5679091 214.96663689613342
33 4112.080220000003 34943.908276966664 543598958.268302 221.44221901893616
34 4112.080220000003 32857.62498646665 526945370.0664677 227.83237290382385
35 4112.080220000003 33000.54085666666 557954086.2250971 234.22474908828735
36 4112.080220000003 32666.738144199997 557540413.1370755 240.60947799682617
37 4112.080220000003 33085.34293543333 527597450.8726894 246.9774568080902
38 4112.080220000003 34615.44472749999 603760897.9507374 253.43257999420166
39 4112.080220000003 33359.325948866666 579291885.3630584 259.8491199016571
40 4112.080220000003 32734.984251233327 595315907.1652683 266.2420380115509
41 4112.080220000003 35812.29235693333 599918320.0668844 272.74988317489624
42 4112.080220000003 34165.41750546666 588056105.033888 279.2209258079529
43 4112.080220000003 33392.17769519999 549433349.5620762 285.6657500267029
44 4112.080220000003 33248.25805296667 549079886.5672673 292.11267709732056
45 4112.080220000003 33410.770679033325 601191487.7117431 298.53485679626465
46 4112.080220000003 32773.686108933325 605773125.1078398 304.9341471195221
47 4112.080220000003 34770.26283016666 571607972.3686639 311.3978490829468
48 4112.080220000003 32986.600808166666 601800311.7564393 317.7900941371918
49 4112.080220000003 35216.03677986666 645733163.3433551 324.2821910381317
50 4112.080220000003 32820.14963953333 595876881.1447846 330.6994512081146
51 4112.080220000003 33131.1778434 601152482.8669975 337.13851594924927
52 4112.080220000003 32820.45018666666 614368536.7203757 343.4917287826538
53 4112.080220000003 32739.098447333326 583057397.3195394 349.8429419994354
54 4112.080220000003 30012.904089499993 552123276.5080203 356.14434599876404
55 4103.75459 30763.114505933325 545221988.0982983 362.4672439098358
56 4103.75459 31226.024403799995 545765821.3810152 368.8023040294647
57 4103.75459 30848.53187526666 573888138.9199932 375.11391401290894
58 4103.75459 30086.959923699997 541034635.3175187 381.39986777305603
59 4103.75459 29728.534276699997 540466979.4438574 387.6532700061798
60 4103.75459 31449.978019366663 517582474.5495978 393.9865970611572
61 4103.75459 33300.86107713333 550770249.8704642 400.4091970920563
62 4103.75459 34254.351290766666 578183207.7351635 406.87014079093933
63 4103.75459 34942.610837333326 602185093.5069181 413.3320939540863
64 4103.75459 33993.43224833333 553993907.2437665 419.7623348236084
65 4103.75459 35164.5956871 562038375.8770648 426.26205110549927
66 4103.75459 34577.692890566665 586712062.0282742 432.7386839389801
67 4103.75459 33753.485324600006 577325807.6593051 439.17486095428467
68 4103.75459 32526.758383166667 579076316.4892685 445.54073119163513
69 4103.75459 32214.549958866668 576878229.1291308 451.904953956604
70 4103.75459 31693.950019333326 589315153.3027439 458.25023889541626
71 4103.75459 31493.950798899998 566521776.2791474 464.5913679599762
72 4103.75459 32171.499727133334 607288206.4176934 470.9296760559082
73 4103.75459 32146.851624033327 577577537.6278965 477.31606912612915
74 4103.75459 33656.035515966665 582177826.26511 483.71903681755066
75 4103.75459 35459.21801613333 585182119.900822 490.2045669555664
76 4103.75459 36008.31220169999 581012929.8161384 496.7344069480896
77 4103.75459 34439.15820083333 558575321.8826709 503.19420886039734
78 4103.75459 31251.368146299992 544245542.9153209 509.53135204315186
79 4086.0750300000022 30809.770375399992 538727999.5121689 515.8614249229431
80 4086.0750300000022 32704.229388466665 571909323.7793809 522.2612369060516
81 4086.0750300000022 32658.29177186667 557914582.2113717 528.6499497890472
82 4086.0750300000022 34349.76458149999 627119403.2279576 535.1149628162384
83 4086.0750300000022 32319.419032966656 613532270.8686955 541.4879269599915
84 4086.0750300000022 33736.87543099999 614369943.4221364 547.9045329093933
85 4086.0750300000022 32794.344847099994 559157706.413719 554.2974300384521
86 4086.0750300000022 31652.220314166658 511647981.9022617 560.6320929527283
87 4086.0750300000022 33218.879467666666 518366411.37374616 567.0377888679504
88 4086.0750300000022 32774.17362586666 539177104.3609035 573.4369668960571
89 4086.0750300000022 33783.17073506666 571720830.1812091 579.8694689273834
90 4086.0750300000022 34571.66579923333 557051921.3922439 586.322783946991
91 4086.0750300000022 33497.66821543333 530216843.474801 592.7468731403351
92 4086.0750300000022 31864.09392633333 547829749.7772311 599.1591360569
93 4086.0750300000022 32749.253883366666 535848222.9872993 605.5618307590485
94 4086.0750300000022 33856.83670379999 551347051.9677488 611.997799873352
95 4086.0750300000022 35160.658021699994 530058289.2419507 618.4907257556915
96 4086.0750300000022 32776.385577133326 550743781.0197082 624.9465978145599
97 4086.0750300000022 32859.38501106667 611622672.9624034 631.3501448631287
98 4086.0750300000022 35556.396777333335 577629745.0302556 637.8785238265991
99 4086.0750300000022 35089.148256366665 615934288.2128397 644.344300031662
100 4086.0750300000022 35896.79858526666 610534104.8128674 650.8679699897766
101 4086.0750300000022 34363.12561456666 598726358.3200493 657.3227608203888
102 4086.0750300000022 35722.24800273333 600321468.4906538 663.8234889507294
103 4086.0750300000022 34107.68668479999 635106137.404178 670.2617530822754
104 4086.0750300000022 36025.75907493333 565292917.6109239 676.825070142746
105 4086.0750300000022 34170.5117576 589780571.0968746 683.268805027008
106 4086.0750300000022 33371.37678223333 585300214.6378132 689.6679730415344
107 4086.0750300000022 32639.39704513333 551202244.8252802 696.0587849617004
108 4086.0750300000022 34049.31807653333 583667781.5644306 702.5028269290924
109 4086.0750300000022 31840.089463933335 560507308.5334542 708.8738009929657
110 4086.0750300000022 31766.245002699998 596450108.7922349 715.2141518592834
111 4086.0750300000022 32576.793604599996 595743617.8214815 721.5880057811737
112 4086.0750300000022 31863.11544283333 500289190.50827444 727.9507908821106
113 4086.0750300000022 33326.665768833336 491856950.07483214 734.3845601081848
114 4086.0750300000022 34012.74839089999 579753212.0826436 740.7945430278778
115 4086.0750300000022 34708.98941269999 618006901.1404266 747.2480590343475
116 4086.0750300000022 33931.28589796666 579528633.0932468 753.6769640445709
117 4086.0750300000022 33003.05580559999 569286346.7642181 760.0861659049988
118 4086.0750300000022 32801.901811033335 583406294.9689884 766.4942231178284
119 4086.0750300000022 34518.364155699994 610535596.8397297 772.9596757888794
120 4086.0750300000022 34036.40265393333 562122989.4788804 779.3960008621216
121 4086.0750300000022 33905.959043233335 558143272.7866168 785.8281579017639
122 4086.0750300000022 32734.123815066665 557368533.7914768 792.2337620258331
123 4086.0750300000022 33016.871994233334 588195473.4307963 798.6478278636932
124 4086.0750300000022 33135.023015566665 614986011.4538652 805.0472910404205
125 4086.0750300000022 33612.3057727 582028861.9187268 811.4682729244232
126 4086.0750300000022 33047.979371333335 530265553.25048983 817.894082069397
127 4086.0750300000022 33666.55419583333 555886225.2613755 824.3120958805084
128 4086.0750300000022 32474.318052066665 554375648.0567505 830.7000329494476
129 4086.0750300000022 33122.53390459999 563511188.0371201 837.1338500976562
130 4086.0750300000022 32599.22596563333 564957318.0968884 843.5156989097595
131 4086.0750300000022 34840.27292613332 597820932.2524428 849.9886929988861
132 4086.0750300000022 33286.39564826666 595762142.2250069 856.3904497623444
133 4086.0750300000022 32802.760443499996 632285425.7447987 862.7661991119385
134 4086.0750300000022 31734.572111166664 596324588.1815205 869.1121490001678
135 4086.0750300000022 34764.90769926666 606430224.557379 875.576700925827
136 4086.0750300000022 34120.19132226667 599166838.5314269 882.0168709754944
137 4086.0750300000022 32212.2875785 562475332.9928925 888.3846378326416
138 4086.0750300000022 32447.50687953333 560072729.071416 894.7625708580017
139 4086.0750300000022 34470.8662831 575298711.9973035 901.216894865036
140 4086.0750300000022 31606.51174376666 519304331.0896559 907.5441589355469
141 4086.0750300000022 33196.33061616667 562639612.2319633 913.9494247436523
142 4086.0750300000022 32750.388145599998 565877611.4995414 920.3696689605713
143 4086.0750300000022 32500.425589333332 602131668.3827814 926.7539141178131
144 4086.0750300000022 32065.446227466662 581073336.7938877 933.1338858604431
145 4086.0750300000022 32570.731680200002 552963121.4431549 939.533518075943
146 4086.0750300000022 34031.259669900006 563071481.427546 945.9782299995422
147 4086.0750300000022 33701.71430026666 553103646.0491925 952.3983550071716
148 4086.0750300000022 34160.3537426 616113500.3806919 958.8385667800903
149 4086.0750300000022 34619.7259153 570732086.6208324 965.2933728694916
150 4086.0750300000022 33654.328422833336 568906223.6809095 971.7163329124451
151 4086.0750300000022 33916.43957296666 567331434.2418523 978.1563329696655
152 4086.0750300000022 34223.13546186667 560397470.8243613 984.6147220134735
153 4086.0750300000022 34223.40474013334 581939349.417466 991.0677497386932
154 4086.0750300000022 32484.86561376666 600012799.5944144 997.4382998943329
155 4086.0750300000022 34134.028155466665 570806332.1488938 1003.8580319881439
156 4086.0750300000022 34702.622936299995 601742696.9282739 1010.323912858963
157 4086.0750300000022 31586.698562333335 564064624.0286169 1016.6744639873505
158 4086.0750300000022 31338.06274643333 562215408.027153 1022.9847929477692
159 4086.0750300000022 33394.323003599995 577898192.8466973 1029.4036989212036
160 4086.0750300000022 32773.06488033333 585043159.2958099 1035.7836620807648
161 4086.0750300000022 34347.00500923333 584806796.2199774 1042.2438130378723
162 4086.0750300000022 33640.49863543333 586291094.6023318 1048.6755220890045
163 4086.0750300000022 32882.566731299994 612201706.4397845 1055.0847520828247
164 4086.0750300000022 33488.74434946666 616222519.7737979 1061.5072429180145
165 4086.0750300000022 33838.69885303333 600936349.9604225 1067.9701869487762
166 4086.0750300000022 32586.00359836666 547759408.6351628 1074.3643519878387
167 4086.0750300000022 33315.36583823332 525448056.77180034 1080.7762529850006
168 4086.0750300000022 32459.468184666657 555612523.1065826 1087.1419088840485
169 4086.0750300000022 32095.40094536666 581916823.7143465 1093.5209431648254
170 4086.0750300000022 31719.039392733324 593647968.3196135 1099.873468875885
171 4086.0750300000022 32390.189824866666 612209607.8761168 1106.2589318752289
172 4086.0750300000022 33108.531127999995 588070964.5028197 1112.6706948280334
173 4086.0750300000022 32939.42157406666 586027585.059986 1119.07271194458
174 4086.0750300000022 33147.44389333332 534998982.33690697 1125.4943180084229
175 4086.0750300000022 32257.552116499992 557230616.331177 1131.8659918308258
176 4086.0750300000022 33914.63365473333 602692966.4582587 1138.3327820301056
177 4086.0750300000022 33469.680241166665 621908703.3400075 1144.7483940124512
178 4086.0750300000022 34009.95157983333 597515052.1165484 1151.2056169509888
179 4086.0750300000022 32761.654905099993 537217727.0333205 1157.6080009937286
180 4086.0750300000022 33098.03942046666 548994946.9049644 1164.006736755371
181 4086.0750300000022 31704.940580366663 566558964.8119895 1170.3793578147888
182 4086.0750300000022 32014.642924799995 564954435.8256445 1176.744040966034
183 4086.0750300000022 31868.209609266658 577739655.2920679 1183.118283033371
184 4086.0750300000022 34143.448971533326 597123972.3030089 1189.5737879276276
185 4086.0750300000022 32838.82714943333 574733476.0996941 1195.969871044159
186 4086.0750300000022 32195.56207966666 571860581.2165909 1202.3358130455017
187 4086.0750300000022 32756.928125966664 592869091.759822 1208.7187440395355
188 4086.0750300000022 34460.0622742 571126678.0257835 1215.1546831130981
189 4086.0750300000022 33204.813635433326 545497087.4179635 1221.5641551017761
190 4086.0750300000022 32130.106349066657 546388484.9451644 1227.9242010116577
191 4086.0750300000022 32664.451373033324 562545074.286341 1234.3073048591614
192 4086.0750300000022 32967.629208666665 558982948.077908 1240.703216791153
193 4086.0750300000022 32863.71994706665 533958051.1285334 1247.1088509559631
194 4086.0750300000022 32172.0201791 531482556.98386025 1253.4683167934418
195 4086.0750300000022 32115.968926499994 586392674.5206851 1259.8245911598206
196 4086.0750300000022 32946.54867906666 584894557.9002365 1266.2311339378357
197 4086.0750300000022 34510.249676466665 579323580.0685626 1272.69922208786
198 4086.0750300000022 35773.77496583334 585429631.0936257 1279.2019760608673
199 4086.0750300000022 34185.441038799996 589628315.1886065 1285.6469209194183
200 4086.0750300000022 34101.15431119999 603007749.5715048 1292.0758728981018
201 4086.0750300000022 32956.04550976666 606420736.9996381 1298.4667708873749
202 4086.0750300000022 32140.617910533325 617852741.5980263 1304.8342399597168
203 4086.0750300000022 32573.27995193333 584112752.7004014 1311.2229869365692
204 4086.0750300000022 34107.32475546665 552338426.686806 1317.6678109169006
205 4086.0750300000022 34504.97356553332 554577226.9368005 1324.1362779140472
206 4086.0750300000022 32359.163365733326 580556915.3978947 1330.5388391017914
207 4086.0750300000022 34599.928864099995 592695361.4777594 1337.00678896904
208 4086.0750300000022 34062.48672226666 592309690.1361668 1343.4782671928406
209 4086.0750300000022 32102.475790166656 588239944.5610144 1349.8420379161835
210 4086.0750300000022 31705.219171833334 581915431.5809616 1356.2211339473724
211 4086.0750300000022 33785.94466356666 547831044.5245172 1362.6858179569244
212 4086.0750300000022 33441.79003606666 508781788.04558474 1369.1218779087067
213 4086.0750300000022 33303.40438959999 558776069.0280457 1375.5368371009827
214 4086.0750300000022 31615.75942346666 579735698.3801773 1381.883505821228
215 4086.0750300000022 31219.817812199995 589780993.2931484 1388.228611946106
216 4086.0750300000022 32173.422253599998 584208879.4019266 1394.5921730995178
217 4086.0750300000022 35115.137061199996 579102384.4625088 1401.1115860939026
218 4086.0750300000022 32317.589842399993 584274501.8492362 1407.4876918792725
219 4086.0750300000022 33144.947650066664 575756632.0025333 1413.8792428970337
220 4086.0750300000022 32869.3388516 554723798.9828321 1420.2751259803772
221 4086.0750300000022 33366.904576066656 588165737.152557 1426.6803660392761
222 4086.0750300000022 32618.61329893333 537809148.4915936 1433.0660679340363
223 4086.0750300000022 33050.9812366 566498246.0781947 1439.4884641170502
224 4086.0750300000022 32963.13730393333 525718016.495338 1445.8870420455933
225 4086.0750300000022 31480.675912733328 538942230.3609444 1452.2106680870056
226 4086.0750300000022 32600.74768026666 530087863.79005474 1458.5766739845276
227 4086.0750300000022 33698.83472983333 587357064.7799325 1464.978495836258
228 4086.0750300000022 32745.207064599992 597749343.738525 1471.382915019989
229 4086.0750300000022 32821.55475449999 605480194.9791867 1477.7748420238495
230 4086.0750300000022 34683.79217043333 588237351.1148144 1484.2382850646973
231 4086.0750300000022 32058.321639099995 596576543.3597767 1490.5924820899963
232 4086.0750300000022 33575.29119246667 594306267.618245 1497.0309519767761
233 4086.0750300000022 33833.53258033333 577701721.7933215 1503.4870760440826
234 4086.0750300000022 33336.55596633334 571912003.9976238 1509.9065651893616
235 4086.0750300000022 32824.87245996667 582950331.9483763 1516.2884469032288
236 4086.0750300000022 30562.75460783334 570632130.1434577 1522.6014330387115
237 4086.0750300000022 32253.336469799993 575983950.4377328 1528.9790887832642
238 4086.0750300000022 34134.44875333333 598095909.2785323 1535.419452905655
239 4086.0750300000022 33600.76616779999 551467281.0441624 1541.8524777889252
240 4086.0750300000022 34231.205502266675 567541969.5694382 1548.3269529342651
241 4086.0750300000022 33135.87463953334 580900805.9590983 1554.7052910327911
242 4086.0750300000022 34385.333089433334 604300775.4885198 1561.155236005783
243 4086.0750300000022 35771.60820516667 561168326.7872145 1567.66614985466
244 4086.0750300000022 35156.5298529 583130712.6173428 1574.1766860485077
245 4086.0750300000022 35239.5029315 624025152.1376251 1580.6559360027313
246 4086.0750300000022 34319.93304546666 610361651.9546242 1587.1146609783173
247 4086.0750300000022 33774.4619373 593620931.2064273 1593.5465760231018
248 4086.0750300000022 31690.095436933334 577557075.8843317 1599.8914668560028
249 4086.0750300000022 31578.418252833326 587857053.8382269 1606.2524631023407
4086.0750300000022 1612.583997964859
