INSTANCE: MO1

TOTAL GENERATION IS: 250

-------------------------------------------------------------------------------------------------------------------------

ROUND 1:
Generation, best, average, variance, time(s)
0 6158.8151800000005 8498.404033699999 600998.4485725599 0.004026889801025391
1 2906.30581 7803.4590984 1153358.6899830697 0.009536027908325195
2 2299.2943 6541.365900600002 4068973.627137648 0.01448678970336914
3 1719.9011 5571.4209664 5341946.761062097 0.01910686492919922
4 1364.7328199999997 4502.1387455 5523775.329295418 0.02351689338684082
5 1364.7328199999997 3595.6489843000004 4756866.997513381 0.027782917022705078
6 1305.9514100000001 2964.9562584000005 3384794.4730488 0.03194785118103027
7 1305.9514100000001 2414.5416562000005 1743710.0397893342 0.03596901893615723
8 1305.9514100000001 2188.8026512 1424764.7814880472 0.04009103775024414
9 1305.9514100000001 2018.8734281 1122436.5087513418 0.044203758239746094
10 1305.9514100000001 1787.6436847000002 792107.3160489509 0.048280954360961914
11 1305.9514100000001 1626.9940298000001 294136.80073757184 0.05222296714782715
12 1305.9514100000001 1580.5489521000004 301887.8088184555 0.05609607696533203
13 1305.9514100000001 1543.4341895 281972.57595082885 0.05995297431945801
14 1305.9514100000001 1462.4868149000001 132862.7558032262 0.06391000747680664
15 1305.9514100000001 1405.4021341000002 86750.47829312152 0.06785798072814941
16 1305.9514100000001 1389.3578672 76903.43378985442 0.07183694839477539
17 1305.9514100000001 1379.8920692 74589.54529354778 0.07580876350402832
18 1305.9514100000001 1346.2937588 8632.38630712962 0.07983183860778809
19 1305.9514100000001 1343.5230832000002 8684.864691159553 0.0836639404296875
20 1305.9514100000001 1338.3990550000003 9138.474074736509 0.08755898475646973
21 1305.9514100000001 1332.5057305 3544.0728393293234 0.09139204025268555
22 1305.9514100000001 1320.8317521999998 1376.0408450951738 0.09518599510192871
23 1305.9514100000001 1325.4885126 1991.154087941196 0.09904599189758301
24 1305.9514100000001 1325.0854776999997 1851.1582554305091 0.10286402702331543
25 1305.9514100000001 1319.4786536999995 1511.615567602187 0.10671091079711914
26 1305.9514100000001 1315.3047866999998 903.333510923971 0.11055803298950195
27 1305.9514100000001 1314.1383293999997 713.9689368420736 0.11439085006713867
28 1305.9514100000001 1318.0926837999996 1182.65616303105 0.11845111846923828
29 1305.9514100000001 1325.2850850999998 1970.4298355741369 0.12227702140808105
30 1305.9514100000001 1319.6878983999995 1433.5086666958925 0.1260979175567627
31 1305.9514100000001 1320.8214506999998 1583.1418078652193 0.12990188598632812
32 1305.9514100000001 1325.6573981 2610.804611235459 0.13378691673278809
33 1305.9514100000001 1322.1788805999997 2474.0867961758563 0.13774704933166504
34 1305.9514100000001 1318.7740786999996 1877.000728871352 0.14162111282348633
35 1305.9514100000001 1320.9189100999997 2319.3266010435486 0.14560794830322266
36 1305.9514100000001 1317.8197628999997 2119.3751480341125 0.14966487884521484
37 1305.9514100000001 1316.2094582999998 1079.0189625056173 0.15368890762329102
38 1305.9514100000001 1313.8953271999997 873.9852340217542 0.15778493881225586
39 1305.9514100000001 1314.5848759999997 792.3558280193683 0.16229677200317383
40 1305.9514100000001 1313.8183710999997 684.3845686883149 0.16635704040527344
41 1305.9514100000001 1314.8997974999997 801.9298531024549 0.17044687271118164
42 1305.9514100000001 1317.8150988999998 1202.8754296025202 0.17493009567260742
43 1305.9514100000001 1320.6380060999998 1322.667355517039 0.17900300025939941
44 1305.9514100000001 1322.8636491999996 1714.512600961419 0.18299078941345215
45 1305.9514100000001 1324.8536457999999 1906.400554943126 0.18681001663208008
46 1305.9514100000001 1326.1339479999997 2184.085814312521 0.19065594673156738
47 1305.9514100000001 1324.4221423 1657.5124714810768 0.19476318359375
48 1305.9514100000001 1321.6434022999997 1407.1863672717739 0.19878411293029785
49 1305.9514100000001 1325.3001158999998 1820.77445459552 0.20259785652160645
50 1305.9514100000001 1318.9161362999998 1219.0475464567987 0.20653796195983887
51 1305.9514100000001 1317.5570883999999 958.3816439589817 0.21041274070739746
52 1305.9514100000001 1314.078116 669.43544545181 0.214400053024292
53 1305.9514100000001 1319.0524938999997 1181.7958306890644 0.21828198432922363
54 1305.9514100000001 1324.9711954 1601.1055907289376 0.22220492362976074
55 1305.9514100000001 1317.8269969999997 874.4781575847569 0.22619080543518066
56 1305.9514100000001 1314.6923773999997 578.866010137634 0.230133056640625
57 1305.9514100000001 1314.7179943999997 879.9855474168239 0.2342829704284668
58 1305.9514100000001 1315.3398329999995 717.2654003703599 0.2382490634918213
59 1305.9514100000001 1316.7775619999998 877.3844292731144 0.24205589294433594
60 1305.9514100000001 1317.0662838999997 1133.1996860953461 0.24586772918701172
61 1305.9514100000001 1315.2702904999999 796.543981565521 0.24970602989196777
62 1305.9514100000001 1316.6790498 741.0893895351702 0.2535130977630615
63 1305.9514100000001 1324.0387985 1793.6360295976772 0.25730013847351074
64 1305.9514100000001 1320.8380407999998 1480.8629952402243 0.2611808776855469
65 1305.9514100000001 1322.4515572999996 1889.5438027300345 0.26505494117736816
66 1305.9514100000001 1325.7314296 2277.4047710938294 0.2690131664276123
67 1305.9514100000001 1321.9946984999997 1797.2642381587773 0.27307605743408203
68 1305.9514100000001 1321.7913101 1494.1966519872904 0.2771170139312744
69 1305.9514100000001 1314.6715914999995 675.6243045934976 0.2811238765716553
70 1305.9514100000001 1321.6996262999996 1634.4845224457642 0.2851228713989258
71 1305.9514100000001 1318.6077385999995 1079.7051200736114 0.2890341281890869
72 1305.9514100000001 1319.2153401999997 1277.2158242742403 0.29293394088745117
73 1305.9514100000001 1315.2198743999998 1133.3624606352007 0.2968878746032715
74 1305.9514100000001 1320.9868218999995 1629.6267343485292 0.3009040355682373
75 1305.9514100000001 1327.3174948 2191.378509211421 0.304919958114624
76 1305.9514100000001 1328.1125691 2455.0693870426176 0.30905699729919434
77 1305.9514100000001 1325.204755 2488.8498281785946 0.312960147857666
78 1305.9514100000001 1319.8079522 1752.9602035015653 0.3168609142303467
79 1305.9514100000001 1314.4642439999998 747.6408379700908 0.32065892219543457
80 1305.9514100000001 1317.7019047999995 1223.2969755759157 0.32448911666870117
81 1305.9514100000001 1316.8414559999997 1122.383027403661 0.3283050060272217
82 1305.9514100000001 1314.1325972999998 606.1343943800764 0.33214497566223145
83 1305.9514100000001 1320.0342687999998 1333.2281639707041 0.33594608306884766
84 1305.9514100000001 1322.1545739999995 1434.5774139033308 0.33980393409729004
85 1305.9514100000001 1323.5752471999995 1519.2162741218872 0.34393978118896484
86 1305.9514100000001 1321.7259344999998 1508.713368885117 0.3478391170501709
87 1305.9514100000001 1318.1926007999998 1325.380330570959 0.35168004035949707
88 1305.9514100000001 1321.0026269999996 1096.1434429876667 0.3554830551147461
89 1305.9514100000001 1322.7440372999997 1571.615501242054 0.3592710494995117
90 1305.9514100000001 1320.8047011999997 1741.385734720132 0.3631618022918701
91 1305.9514100000001 1318.3249746 1261.8292479250204 0.367002010345459
92 1305.9514100000001 1314.8565005999997 924.0734056614988 0.37089109420776367
93 1305.9514100000001 1318.4337203999996 1364.1801006311468 0.3748140335083008
94 1305.9514100000001 1319.7037819999998 1622.944622136366 0.3787400722503662
95 1305.9514100000001 1315.5128333999996 986.6125087130179 0.3827638626098633
96 1305.9514100000001 1318.9372763999997 1118.5789898520263 0.38672804832458496
97 1305.9514100000001 1319.1818882999996 1041.5550926059277 0.39058494567871094
98 1305.9514100000001 1320.2144573999997 1310.2347437787996 0.3944239616394043
99 1305.9514100000001 1319.3638161999997 1171.21404958186 0.39826202392578125
100 1305.9514100000001 1319.9111174999996 1215.950678395594 0.4021267890930176
101 1305.9514100000001 1320.6207803999996 1908.8734665170548 0.40595388412475586
102 1305.9514100000001 1323.0038365999997 2086.0661670981985 0.4098639488220215
103 1305.9514100000001 1321.3741653999998 1978.0313179243822 0.413769006729126
104 1305.9514100000001 1321.0184341999995 1590.2216513709936 0.41772913932800293
105 1305.9514100000001 1322.1179466999997 1657.3662004933847 0.4217250347137451
106 1305.9514100000001 1312.7924887999998 460.24346843389327 0.4256117343902588
107 1305.9514100000001 1317.7379119 1157.2171100835244 0.42934393882751465
108 1305.9514100000001 1316.8249513 855.6999171409603 0.43316006660461426
109 1305.9514100000001 1318.9867322 1016.277806983845 0.4368729591369629
110 1305.9514100000001 1313.9840396999998 476.60408825256803 0.44072794914245605
111 1305.9514100000001 1320.4938291999997 1084.4592959116862 0.44452381134033203
112 1305.9514100000001 1323.5439454999996 1376.2974351797886 0.44830799102783203
113 1305.9514100000001 1321.6357232999997 1458.4651186736346 0.45215392112731934
114 1305.9514100000001 1324.2144633999999 1755.905375596202 0.4560708999633789
115 1305.9514100000001 1325.0407089999999 2339.7260442658717 0.45993876457214355
116 1305.9514100000001 1330.9448901999997 3016.6680273170828 0.46381187438964844
117 1305.9514100000001 1323.5722948999996 1709.9141960550226 0.467710018157959
118 1305.9514100000001 1319.8441100999999 1838.0400641248395 0.4715089797973633
119 1305.9514100000001 1319.0892931999997 1776.6556665585094 0.475355863571167
120 1305.9514100000001 1323.0554952999998 1876.979505351851 0.4791288375854492
121 1305.9514100000001 1320.4018488999998 1538.6564813575792 0.4829859733581543
122 1305.9514100000001 1323.0041502999998 1696.7366642281493 0.4868130683898926
123 1305.9514100000001 1322.5529698999997 2076.2690237535217 0.49060702323913574
124 1305.9514100000001 1322.3964713999997 2636.507368324044 0.49455690383911133
125 1305.9514100000001 1317.4980962 2143.124517475589 0.4985349178314209
126 1305.9514100000001 1324.3833349 1756.1483909506806 0.5023279190063477
127 1305.9514100000001 1322.5831376999997 1443.1533069135648 0.5061929225921631
128 1305.9514100000001 1319.8953538999997 1042.8544462796472 0.5100498199462891
129 1305.9514100000001 1318.1538221999997 975.454872804081 0.5138981342315674
130 1305.9514100000001 1318.0651898999997 893.3213455701798 0.5178780555725098
131 1305.9514100000001 1315.1904345999997 750.5986004745708 0.5219509601593018
132 1305.9514100000001 1312.2484163999998 392.9064762497355 0.5258698463439941
133 1305.9514100000001 1320.1639673999996 1146.5277874157118 0.5297350883483887
134 1305.9514100000001 1313.8330224999997 793.4524132647031 0.5338518619537354
135 1305.9514100000001 1317.3560601999998 1166.7434090873562 0.5379741191864014
136 1305.9514100000001 1322.7549589999994 1461.687999027282 0.5418860912322998
137 1305.9514100000001 1318.8754372999997 1446.3889011333067 0.5457601547241211
138 1305.9514100000001 1321.3795521 1701.854002887407 0.5495939254760742
139 1305.9514100000001 1322.9171806999998 1809.2481487416576 0.5534811019897461
140 1305.9514100000001 1322.5108867999998 2183.683453712693 0.5573849678039551
141 1305.9514100000001 1316.9732902999997 956.427157990582 0.5612130165100098
142 1305.9514100000001 1320.2631817 1707.8318248671305 0.5649778842926025
143 1305.9514100000001 1324.2815365999998 1830.9002236169438 0.5689020156860352
144 1305.9514100000001 1321.3409075999996 1489.009569828774 0.5728559494018555
145 1305.9514100000001 1323.9275378999998 1731.6011205426278 0.5766909122467041
146 1305.9514100000001 1323.2528965999998 2125.680953809466 0.5805788040161133
147 1305.9514100000001 1321.3853546999997 1598.3453251462831 0.5843820571899414
148 1305.9514100000001 1319.7721838999996 1433.2794788332294 0.5882351398468018
149 1305.9514100000001 1315.5725928999996 1128.7609498969935 0.5920789241790771
150 1305.9514100000001 1318.5251580999995 1592.6062019865535 0.5959019660949707
151 1305.9514100000001 1320.2554814999996 1612.1339266926536 0.5997951030731201
152 1305.9514100000001 1321.9893671999996 1634.3845315903777 0.6037020683288574
153 1305.9514100000001 1321.6874526999995 1583.7858297597245 0.6075489521026611
154 1305.9514100000001 1319.6966434999997 1275.2246876350127 0.6116471290588379
155 1305.9514100000001 1320.9061072999998 1736.704318134179 0.6155040264129639
156 1305.9514100000001 1321.2470030999998 1416.4640469708527 0.6193249225616455
157 1305.9514100000001 1320.6891251 1469.4822257461099 0.6232280731201172
158 1305.9514100000001 1315.2128356999997 927.3929377242381 0.627068042755127
159 1305.9514100000001 1316.6487247999996 1253.22545535368 0.6309149265289307
160 1305.9514100000001 1323.6211658999998 1978.438022366615 0.6347401142120361
161 1305.9514100000001 1323.4252399999998 1593.7472201001424 0.6386940479278564
162 1305.9514100000001 1319.3053827999997 1404.633710201287 0.6425299644470215
163 1305.9514100000001 1325.7338433 1744.4410106778307 0.6464409828186035
164 1305.9514100000001 1323.7553142 1381.4330752124815 0.6506099700927734
165 1305.9514100000001 1319.6990030999996 1177.5134902312468 0.6547210216522217
166 1305.9514100000001 1314.9728496999999 845.1759248743904 0.6586489677429199
167 1305.9514100000001 1318.2892964999999 1358.0647442271302 0.6626589298248291
168 1305.9514100000001 1323.9524952 1962.7977092499025 0.6666891574859619
169 1305.9514100000001 1323.7151623999996 1772.133735165522 0.6707019805908203
170 1305.9514100000001 1320.2662590999998 1760.119453610311 0.6746277809143066
171 1305.9514100000001 1315.4613078999996 1209.9742447004464 0.6785070896148682
172 1305.9514100000001 1322.1393498999998 1937.1876292366028 0.682487964630127
173 1305.9514100000001 1323.2217607999999 2008.8964481962505 0.6866998672485352
174 1305.9514100000001 1321.1802644 1746.5827142997648 0.6906461715698242
175 1305.9514100000001 1318.8981520999996 1287.692709994798 0.6945829391479492
176 1305.9514100000001 1319.6511548999997 1560.0308560360854 0.6983540058135986
177 1305.9514100000001 1326.0769225999998 2105.601156476682 0.702207088470459
178 1305.9514100000001 1322.3660772 1483.397461201431 0.7060399055480957
179 1305.9514100000001 1322.7995168999998 1427.1095082718152 0.709967851638794
180 1305.9514100000001 1316.8522749999997 900.6222079886758 0.7138559818267822
181 1305.9514100000001 1320.3242622999999 1015.8483403962991 0.7177407741546631
182 1305.9514100000001 1324.6353723 1502.9908291942868 0.7217209339141846
183 1305.9514100000001 1322.9232822 1483.3788311330195 0.7257139682769775
184 1305.9514100000001 1324.4089572999999 1991.7205555346281 0.7295730113983154
185 1305.9514100000001 1323.5786106999994 2234.5208133361684 0.7334721088409424
186 1305.9514100000001 1326.7280392999999 2643.442230899615 0.737238883972168
187 1305.9514100000001 1318.0263764999995 1286.9720357091605 0.7410697937011719
188 1305.9514100000001 1317.4777420999997 888.1790125376425 0.7448818683624268
189 1305.9514100000001 1320.3274684999997 1107.3814800674613 0.7486929893493652
190 1305.9514100000001 1319.5278380999996 1157.537387261282 0.7526209354400635
191 1305.9514100000001 1322.0362332999998 1428.6537883815693 0.7564098834991455
192 1305.9514100000001 1321.4966705 1273.1283572032742 0.7604029178619385
193 1305.9514100000001 1320.7531345999998 1121.5031078851005 0.764366865158081
194 1305.9514100000001 1315.4150442999996 791.1013959632592 0.7681269645690918
195 1305.9514100000001 1319.0927520999996 1572.3718238172812 0.7719478607177734
196 1305.9514100000001 1321.6714516999998 1697.6613651105706 0.7758097648620605
197 1305.9514100000001 1319.9185884999997 1409.1757451466212 0.77960205078125
198 1305.9514100000001 1317.0563893999997 821.287195860017 0.7833690643310547
199 1305.9514100000001 1316.7926873999997 836.1457893949461 0.7871718406677246
200 1305.9514100000001 1320.9080411999996 1551.4069391332432 0.7909588813781738
201 1305.9514100000001 1322.6345638999999 1619.6747702234466 0.7948141098022461
202 1305.9514100000001 1321.4520942999995 1443.653341809754 0.7988131046295166
203 1305.9514100000001 1324.2425423 1943.878014175703 0.8025989532470703
204 1305.9514100000001 1324.7575547000001 2157.372125397964 0.8063869476318359
205 1305.9514100000001 1320.0503658999996 1217.850238194841 0.810283899307251
206 1305.9514100000001 1318.6419174999996 1046.105704412459 0.8141169548034668
207 1305.9514100000001 1322.0193805999997 1276.3725248523174 0.8179547786712646
208 1305.9514100000001 1322.3440657999995 1656.5861143707145 0.8219008445739746
209 1305.9514100000001 1322.1605858999997 1841.2853022168865 0.8257138729095459
210 1305.9514100000001 1326.1279551 2240.3701509013963 0.8297288417816162
211 1305.9514100000001 1324.8294133 1868.9242791317474 0.833655834197998
212 1305.9514100000001 1323.4376217999995 1624.8626112523011 0.8376209735870361
213 1305.9514100000001 1320.0312568999998 1729.2198600911622 0.8415608406066895
214 1305.9514100000001 1318.4421767999997 1288.0184288487064 0.8454358577728271
215 1305.9514100000001 1320.9967013999997 1730.739663470897 0.8492870330810547
216 1305.9514100000001 1326.8267223 2588.8126633852685 0.8531668186187744
217 1305.9514100000001 1318.7049022999997 1231.255662084474 0.8569297790527344
218 1305.9514100000001 1323.2065965999998 1879.045919925041 0.8607518672943115
219 1305.9514100000001 1320.4620272999996 1643.2288181978436 0.8648037910461426
220 1305.9514100000001 1321.7326701999998 1755.0017498489394 0.8689517974853516
221 1305.9514100000001 1317.0277131999997 1032.296256081833 0.8730578422546387
222 1305.9514100000001 1317.7697127999998 1078.775443378171 0.8771758079528809
223 1305.9514100000001 1319.1607924999998 1394.2962248432318 0.8811957836151123
224 1305.9514100000001 1322.4572897999997 1627.1355825148544 0.8851521015167236
225 1305.9514100000001 1324.2976737999998 1840.0916027826772 0.8891069889068604
226 1305.9514100000001 1320.9594820999998 1280.2329998882458 0.8930859565734863
227 1305.9514100000001 1317.1644639999995 947.4771847160059 0.8970358371734619
228 1305.9514100000001 1322.3271982999995 1554.5165857070388 0.9010429382324219
229 1305.9514100000001 1318.6878838999996 1191.947802832412 0.9050319194793701
230 1305.9514100000001 1317.1410984999998 1120.5044723287938 0.9090290069580078
231 1305.9514100000001 1323.1411659999999 1616.9783458524676 0.9131059646606445
232 1305.9514100000001 1323.3160063999999 1478.6352512815276 0.9169809818267822
233 1305.9514100000001 1320.030268 1198.9091311021994 0.9207661151885986
234 1305.9514100000001 1317.8401465999998 919.0177312868509 0.9245789051055908
235 1305.9514100000001 1316.8172178 814.9112459351517 0.9283730983734131
236 1305.9514100000001 1317.4147678999998 1142.5600642377656 0.9322249889373779
237 1305.9514100000001 1321.7459556 1783.5355014794914 0.9360969066619873
238 1305.9514100000001 1324.0254921 1877.8118490614788 0.9400160312652588
239 1305.9514100000001 1317.4940581999995 1033.652330454845 0.943946123123169
240 1305.9514100000001 1317.8817830999997 1084.8105728223263 0.9477980136871338
241 1305.9514100000001 1319.8619969999997 1477.1225540107898 0.9518749713897705
242 1305.9514100000001 1320.7614633999997 1596.3317677965156 0.9557199478149414
243 1305.9514100000001 1320.4839968999995 1479.4347928650243 0.9594640731811523
244 1305.9514100000001 1319.7694436999996 1424.0049298824463 0.9632978439331055
245 1305.9514100000001 1319.6040402999997 1108.7707424970329 0.9671220779418945
246 1305.9514100000001 1322.8251682999999 1446.0372124502337 0.9709739685058594
247 1305.9514100000001 1322.6837340999998 1271.01540788934 0.9748198986053467
248 1305.9514100000001 1322.3900708999997 1229.611375641406 0.9787118434906006
249 1305.9514100000001 1320.6322324999999 1202.60083404519 0.9824988842010498
The optimum value should be 1305.95141

1305.9514100000001 0.9863440990447998

-------------------------------------------------------------------------------------------------------------------------

ROUND 2:
Generation, best, average, variance, time(s)
0 6219.64434 8664.2561058 895073.3886485151 0.0037267208099365234
1 2671.1994299999997 7994.582746199999 1327217.68442354 0.008841991424560547
2 1456.59933 6722.343569999998 3932904.85589126 0.013427972793579102
3 1456.59933 5062.212516 6096735.955332384 0.01778578758239746
4 1427.6237699999997 3909.6802147000008 4687356.728705145 0.022131919860839844
5 1427.6237699999997 3090.9242209 3904548.148324476 0.026341676712036133
6 1424.29303 2748.3092147 3213373.72109429 0.03041982650756836
7 1422.4954300000002 2511.816997 2784295.995255844 0.03446769714355469
8 1390.66916 2320.5902336 2281191.4029770177 0.03852081298828125
9 1390.66916 2161.9484385999995 1901118.9599765819 0.04263782501220703
10 1390.66916 1949.0288698999998 1143538.920555678 0.046608686447143555
11 1390.66916 1733.3559210999997 688328.3060104434 0.0504758358001709
12 1386.1574499999997 1605.470224 407135.07627417846 0.05447983741760254
13 1386.1574499999997 1551.4265617999997 165170.58104579314 0.05835700035095215
14 1386.1574499999997 1507.0472301999994 100109.51772454652 0.06221270561218262
15 1385.24761 1499.1907876999996 93085.87533868477 0.06601381301879883
16 1371.1614100000002 1479.5313466999994 75053.33754856308 0.0698387622833252
17 1371.1614100000002 1455.5064988 42731.085714105626 0.07371783256530762
18 1370.52173 1440.2349605000002 30653.353284921 0.07768964767456055
19 1346.27614 1425.7609179000003 32710.560472102057 0.08166980743408203
20 1346.27614 1412.6460125 25853.968407624066 0.08551597595214844
21 1333.14695 1409.7987830000002 26366.031144636738 0.08939170837402344
22 1333.14695 1398.2538261999998 23762.464857528554 0.09324789047241211
23 1333.14695 1376.8098971000002 5451.948849790513 0.09705901145935059
24 1333.14695 1368.1244637 5105.092868039795 0.1008758544921875
25 1333.14695 1363.6831871 2329.705733225032 0.10487866401672363
26 1333.14695 1360.0263295 2327.2804703597535 0.10898780822753906
27 1333.14695 1356.862629 2179.758437803201 0.11303973197937012
28 1333.14695 1356.1385665 2207.6128475499963 0.11713790893554688
29 1333.14695 1356.5504763000001 1736.8847705357082 0.12106180191040039
30 1333.08592 1351.6358158 1387.9761861423758 0.12502694129943848
31 1333.08592 1358.3569732000003 2836.8857154098155 0.12946295738220215
32 1333.08592 1352.802514 2156.597955479309 0.13355493545532227
33 1333.08592 1352.2978631000003 1286.1048534000556 0.13748979568481445
34 1324.46379 1350.8249435 1604.0499739883226 0.141373872756958
35 1324.46379 1348.7743195 1736.6679759671063 0.14522790908813477
36 1324.46379 1345.7729923 1373.2283442602077 0.14913082122802734
37 1324.46379 1347.275955 1826.9720760582861 0.15315461158752441
38 1324.46379 1348.2354784000001 1736.618045323969 0.15729188919067383
39 1324.46379 1349.471978 2086.613895102543 0.16110897064208984
40 1324.46379 1345.9677160999997 1889.6020554901384 0.16502976417541504
41 1324.46379 1342.0656176999996 1696.7892222623711 0.16885972023010254
42 1324.46379 1341.0161048 1537.001873657651 0.17262673377990723
43 1324.46379 1335.1142997999998 752.429226646426 0.17642498016357422
44 1324.46379 1334.8180289 856.8236135824322 0.18018579483032227
45 1324.46379 1332.0135598 594.3127468376973 0.18402481079101562
46 1324.46379 1336.8788650999998 1152.9139871427442 0.18784189224243164
47 1324.46379 1337.494366 1150.3289957795355 0.1919107437133789
48 1318.4195300000001 1333.5739674999998 752.9754498684115 0.19584202766418457
49 1318.4195300000001 1333.1477176 814.4113047770927 0.19973182678222656
50 1318.4195300000001 1335.3242546 1151.3273831409851 0.20354294776916504
51 1318.4195300000001 1332.0715209 1037.0425636530447 0.20740199089050293
52 1318.4195300000001 1337.8920976000002 2281.922330825179 0.21117091178894043
53 1318.4195300000001 1335.3488438 1980.7576150028087 0.21507883071899414
54 1318.4195300000001 1334.6152465999999 1699.158428894696 0.21884369850158691
55 1318.4195300000001 1337.5741974000002 2122.800379510795 0.22271084785461426
56 1318.4195300000001 1333.1872929999997 1666.8174603584544 0.22649383544921875
57 1318.4195300000001 1335.9126784000002 1999.342912340493 0.2305457592010498
58 1318.4195300000001 1331.5786956 1377.8569489456158 0.2344198226928711
59 1318.4195300000001 1331.3319207 1199.7234322711356 0.2383708953857422
60 1318.4195300000001 1334.2667942 1536.983295534986 0.24218273162841797
61 1318.4195300000001 1328.4461664 964.1131562210883 0.2459578514099121
62 1318.4195300000001 1327.3531831999999 818.2680874898408 0.2498149871826172
63 1318.4195300000001 1324.8552926000002 456.9492184347174 0.2536008358001709
64 1318.4195300000001 1326.8857079999998 764.3965484838398 0.2574787139892578
65 1318.4195300000001 1328.6795233 1039.537742568471 0.26133179664611816
66 1318.4195300000001 1331.3553811 1092.3508049755258 0.2652738094329834
67 1318.4195300000001 1331.5278858999998 1085.4631337804924 0.2692878246307373
68 1318.4195300000001 1328.9839419 1005.2653399547129 0.2732558250427246
69 1318.4195300000001 1327.1958596 714.0743046463481 0.2773168087005615
70 1318.4195300000001 1331.8286136000002 1530.886298071663 0.2813539505004883
71 1318.4195300000001 1334.3198183 1739.395791260717 0.28533291816711426
72 1318.4195300000001 1333.4065974999999 1356.8255945855904 0.28922390937805176
73 1318.4195300000001 1340.0320305 2467.4932236020295 0.2931530475616455
74 1318.4195300000001 1334.3521564 2200.497427750198 0.2970907688140869
75 1318.4195300000001 1330.712594 1207.0823868544494 0.30135393142700195
76 1318.4195300000001 1335.9212506 2033.705585502516 0.30554962158203125
77 1318.4195300000001 1335.478754 1587.520131013566 0.3094630241394043
78 1318.4195300000001 1332.6436439 1327.0896776673987 0.3133418560028076
79 1318.4195300000001 1329.5967518 1117.4685654478462 0.31749987602233887
80 1318.4195300000001 1328.2062965999999 985.924454428826 0.32139086723327637
81 1318.4195300000001 1326.0913666000001 987.6009376905712 0.3254389762878418
82 1318.4195300000001 1327.4260383 1224.211392631324 0.3294217586517334
83 1318.4195300000001 1332.2266284 2049.571023609996 0.33337974548339844
84 1318.4195300000001 1335.5079183999997 2098.5418065655763 0.33733391761779785
85 1318.4195300000001 1334.0487088999998 1853.3320288426364 0.34135866165161133
86 1317.68316 1332.0430660000002 1797.348598596747 0.3454267978668213
87 1317.68316 1331.2042089000004 1162.7660586026554 0.3493459224700928
88 1317.68316 1333.4657238 1311.221802619628 0.35327887535095215
89 1317.68316 1334.9826688 1481.0590624227877 0.3572268486022949
90 1317.68316 1331.3129372 1263.2165636193001 0.36110877990722656
91 1317.68316 1334.6834497999998 1425.9393270191258 0.3650507926940918
92 1317.68316 1331.1542296 1174.389013338422 0.3688387870788574
93 1317.68316 1333.3479868000002 1380.8336140132055 0.3727278709411621
94 1317.68316 1335.2946599000002 1517.325957662437 0.37665581703186035
95 1317.68316 1336.8154206000002 1863.670198744913 0.38065481185913086
96 1317.68316 1341.6635740000002 2527.397019930731 0.38455700874328613
97 1317.68316 1341.639869 2167.7414104752643 0.38841700553894043
98 1317.68316 1334.8714208 1761.813493766899 0.3922097682952881
99 1317.68316 1333.4415935000004 1784.0810970403863 0.3960838317871094
100 1317.68316 1333.7773118999999 1544.1538916619957 0.399871826171875
101 1317.68316 1329.2098624999999 1233.7606537050813 0.4037797451019287
102 1317.68316 1330.2782349000001 1684.1132523164842 0.4076206684112549
103 1317.68316 1335.9139129 2116.714602850242 0.41148900985717773
104 1317.68316 1327.5814610000002 722.3370123656614 0.41550183296203613
105 1317.68316 1327.7940703 770.9366224541913 0.41945481300354004
106 1310.63147 1330.0611722000003 1198.6473512568803 0.4234349727630615
107 1310.63147 1331.5481882000001 1274.5504489268044 0.4272587299346924
108 1310.63147 1330.2700223000002 1303.3305447109794 0.43124985694885254
109 1310.63147 1326.9272399000004 988.2410521405773 0.4351527690887451
110 1310.63147 1327.2745753000002 1247.7508131852426 0.43912386894226074
111 1310.63147 1322.0150875000002 821.7043325514205 0.4430677890777588
112 1310.63147 1332.9447295 2144.605994926144 0.44695496559143066
113 1310.63147 1326.0425676999998 1294.620456294775 0.45086002349853516
114 1310.63147 1326.8020904999998 1505.3885636282669 0.45488786697387695
115 1310.63147 1324.3247102999999 1373.0939860826766 0.4588279724121094
116 1310.63147 1328.5025385 1583.480111790512 0.46264076232910156
117 1310.63147 1328.9666931999998 1592.2921385847958 0.4665069580078125
118 1310.63147 1328.5836023 1514.0078939052537 0.4702949523925781
119 1310.63147 1327.8113217999999 1763.114989212368 0.4742116928100586
120 1310.63147 1320.6371092 781.6499290537087 0.4781229496002197
121 1310.63147 1323.7805585 1139.8168745029022 0.4819986820220947
122 1310.63147 1326.6194301999997 1145.0740261333597 0.48592376708984375
123 1310.63147 1319.5359220999997 654.9655164366017 0.4898808002471924
124 1310.63147 1324.998146 1752.1400493814845 0.4939267635345459
125 1310.63147 1326.2747932999998 1767.7018623117601 0.49811887741088867
126 1310.63147 1327.9534665999997 1775.957093265291 0.502007007598877
127 1310.63147 1326.2495337999999 1770.4350259516632 0.5059008598327637
128 1310.63147 1330.1761568999998 2110.5987490181487 0.509692907333374
129 1310.63147 1329.7673083 2237.4499518511934 0.5135688781738281
130 1310.63147 1333.0671016 2784.8859379068413 0.5174069404602051
131 1310.63147 1331.4370900000001 2454.9123993103467 0.5211939811706543
132 1310.63147 1329.4836417 2131.197842774088 0.525000810623169
133 1310.63147 1326.6987725 1641.360305057555 0.5290107727050781
134 1310.63147 1327.2154346000002 1667.0721415469868 0.5329017639160156
135 1310.63147 1327.9291858 1850.0379205828185 0.5367398262023926
136 1310.63147 1329.9063891 2377.869825660843 0.540550708770752
137 1310.63147 1326.5117758 1308.4077654431762 0.5443687438964844
138 1305.9514100000001 1330.7393450999998 1588.9682654716055 0.5481839179992676
139 1305.9514100000001 1331.3846523999998 1799.8383476784811 0.5520708560943604
140 1305.9514100000001 1327.8012317999999 1369.5225993881304 0.5560178756713867
141 1305.9514100000001 1327.2975471999996 1476.4589156284906 0.5601069927215576
142 1305.9514100000001 1326.8030977999997 1287.321250022465 0.5640678405761719
143 1305.9514100000001 1323.8916559999998 1260.891038054757 0.5680499076843262
144 1305.9514100000001 1323.3423638 1533.0252729181302 0.5719947814941406
145 1305.9514100000001 1321.9191171999998 1560.098078564804 0.5759298801422119
146 1305.9514100000001 1321.6174689999998 2022.9887351564364 0.5798988342285156
147 1305.9514100000001 1321.5766626999996 1123.2606888250218 0.5838730335235596
148 1305.9514100000001 1327.4643327 2161.867437105311 0.5878629684448242
149 1305.9514100000001 1322.553514 1327.2357036060466 0.5920519828796387
150 1305.9514100000001 1318.5429629999996 1343.15635044412 0.5962498188018799
151 1305.9514100000001 1322.3682098999998 1683.1256682323576 0.6004219055175781
152 1305.9514100000001 1320.8303596999997 1862.9369288148641 0.6046438217163086
153 1305.9514100000001 1324.4856630000002 3060.386951352085 0.6086997985839844
154 1305.9514100000001 1323.2141772999996 1984.6366853219286 0.612785816192627
155 1305.9514100000001 1326.3076053999998 1841.0355428677728 0.6170718669891357
156 1305.9514100000001 1327.5791416999998 2027.9732178436104 0.6212589740753174
157 1305.9514100000001 1329.5169629999998 3197.1633801824737 0.6253478527069092
158 1305.9514100000001 1322.6280239999996 1531.3335350759596 0.6293759346008301
159 1305.9514100000001 1325.8137852 1765.0793939776206 0.6334748268127441
160 1305.9514100000001 1319.9139359999995 1223.2831103724695 0.6376287937164307
161 1305.9514100000001 1317.8509093999996 1172.103717213599 0.6418240070343018
162 1305.9514100000001 1320.1206373999996 1167.1665587322825 0.6460168361663818
163 1305.9514100000001 1318.6721245999997 1020.1746575554317 0.6500699520111084
164 1305.9514100000001 1324.4560812999998 1529.6192927289967 0.6539499759674072
165 1305.9514100000001 1328.5748564 2321.595145505582 0.6579608917236328
166 1305.9514100000001 1323.4946991999998 1779.9488622795582 0.661984920501709
167 1305.9514100000001 1320.9068822999998 1502.659332726389 0.6660008430480957
168 1305.9514100000001 1325.5782773999997 2102.298224730075 0.670072078704834
169 1305.9514100000001 1330.4057882 2192.2402520357514 0.6741428375244141
170 1305.9514100000001 1331.1244586999999 2572.541565118763 0.678178071975708
171 1305.9514100000001 1330.5531767 2509.3385219108864 0.6824038028717041
172 1305.9514100000001 1324.6655742 2092.6536963766453 0.6864497661590576
173 1305.9514100000001 1324.4321611999999 1976.1210779296441 0.6904189586639404
174 1305.9514100000001 1321.4330372999998 1557.143772179664 0.6944198608398438
175 1305.9514100000001 1329.3605572000001 2046.5215625980882 0.6984457969665527
176 1305.9514100000001 1323.2527688 1437.1920616412006 0.7025318145751953
177 1305.9514100000001 1324.470454 1443.1431063545617 0.7065448760986328
178 1305.9514100000001 1323.2692072999996 1738.4550201246986 0.710953950881958
179 1305.9514100000001 1323.9798799999999 1730.323347258731 0.7149548530578613
180 1305.9514100000001 1321.4723703999998 1423.5605344310043 0.7188379764556885
181 1305.9514100000001 1318.2577250999996 1051.43436862273 0.7233448028564453
182 1305.9514100000001 1324.414445 1566.6561306309532 0.7274138927459717
183 1305.9514100000001 1325.5593625 1635.4429410924174 0.7314198017120361
184 1305.9514100000001 1324.4461463 1679.2137910079555 0.7354369163513184
185 1305.9514100000001 1323.7714808999997 1848.8151617708977 0.7395119667053223
186 1305.9514100000001 1320.6535800999998 1389.8777934999544 0.7436108589172363
187 1305.9514100000001 1319.2170269999997 1276.3764979000453 0.7476956844329834
188 1305.9514100000001 1327.4242499999998 2037.1208521953552 0.7518279552459717
189 1305.9514100000001 1324.0843000999998 1779.6296975437551 0.7561299800872803
190 1305.9514100000001 1319.8197363 1144.4152520594105 0.7602918148040771
191 1305.9514100000001 1318.2756037999998 1002.4758360301371 0.7643849849700928
192 1305.9514100000001 1322.6377763999997 1403.698121038804 0.7683639526367188
193 1305.9514100000001 1325.8757415 1961.2889240635454 0.7724318504333496
194 1305.9514100000001 1329.1071143 2026.5502246551134 0.7764468193054199
195 1305.9514100000001 1324.7488697 1568.262094985904 0.7805156707763672
196 1305.9514100000001 1322.2895643 1642.5787365055328 0.7844216823577881
197 1305.9514100000001 1323.3708546999997 2054.6118288917146 0.7884097099304199
198 1305.9514100000001 1327.9623241 2522.7339021158277 0.7924227714538574
199 1305.9514100000001 1325.1978709999999 2064.747160688689 0.7965149879455566
200 1305.9514100000001 1328.1098334 2297.9417544458915 0.8003778457641602
201 1305.9514100000001 1321.9244345 1713.1063690623257 0.804311990737915
202 1305.9514100000001 1326.1239279 1856.8734781551977 0.8082549571990967
203 1305.9514100000001 1325.7443231 1804.761127672436 0.8121488094329834
204 1305.9514100000001 1323.8521226 1625.2954488796736 0.8160219192504883
205 1305.9514100000001 1321.8383340999997 1656.509130119022 0.8198888301849365
206 1305.9514100000001 1320.6736042999996 1371.7167324860504 0.8237648010253906
207 1305.9514100000001 1323.3213903999995 1543.087316524908 0.827617883682251
208 1305.9514100000001 1325.1589004999998 1949.4555336149874 0.8316268920898438
209 1305.9514100000001 1325.3705261999996 1536.4595924130106 0.8354778289794922
210 1305.9514100000001 1320.1547242999995 1111.7623871051721 0.8393847942352295
211 1305.9514100000001 1317.5195699999997 1016.0057074707598 0.8434238433837891
212 1305.9514100000001 1321.0654530999996 1666.0986026297105 0.8475978374481201
213 1305.9514100000001 1325.5096661999999 1816.0704183163432 0.8516039848327637
214 1305.9514100000001 1326.4556820999999 1762.0560803968403 0.8557288646697998
215 1305.9514100000001 1321.5867532999996 1259.5741084038218 0.8597109317779541
216 1305.9514100000001 1323.9113191 1534.2767004337811 0.8637428283691406
217 1305.9514100000001 1330.3493162 2303.5926950151825 0.8678379058837891
218 1305.9514100000001 1330.6994837999998 2940.9232168415574 0.8719816207885742
219 1305.9514100000001 1327.5648852999998 3061.7323703734296 0.8760247230529785
220 1305.9514100000001 1319.7891951999998 1095.6047928362602 0.8800218105316162
221 1305.9514100000001 1322.5514615999998 1078.5011077257275 0.8839349746704102
222 1305.9514100000001 1327.5786080999999 2006.6429753242846 0.8877408504486084
223 1305.9514100000001 1320.5766695999998 1181.4099484247483 0.8915667533874512
224 1305.9514100000001 1316.9210449999998 769.6177404764782 0.8955047130584717
225 1305.9514100000001 1321.4073345999998 1205.3758009376427 0.8994479179382324
226 1305.9514100000001 1319.4291732999998 1024.5165480541384 0.903357744216919
227 1305.9514100000001 1316.6764144999997 892.1642548840167 0.9072906970977783
228 1305.9514100000001 1317.8222438999999 998.0207860449522 0.9112658500671387
229 1305.9514100000001 1325.2242012 1576.3490163649535 0.9151778221130371
230 1305.9514100000001 1324.5391640000003 1304.4640897017466 0.9190149307250977
231 1305.9514100000001 1323.8501463 1501.2625427416613 0.9230027198791504
232 1305.9514100000001 1324.4229657 1512.359666056455 0.926811695098877
233 1305.9514100000001 1321.2324419999995 1327.9528335699824 0.9307918548583984
234 1305.9514100000001 1328.6258877999999 2099.9360071874867 0.934581995010376
235 1305.9514100000001 1330.0259133 2022.9692341768036 0.9385089874267578
236 1305.9514100000001 1326.654767 1771.3535557871237 0.9424858093261719
237 1305.9514100000001 1321.2098300999999 1451.0837186422996 0.9466538429260254
238 1305.9514100000001 1321.7553165999998 1792.6751561769343 0.9507420063018799
239 1305.9514100000001 1330.4699137999999 2376.910524931575 0.9546859264373779
240 1305.9514100000001 1326.9011564 2231.221555226278 0.9586880207061768
241 1305.9514100000001 1325.4782057999996 2116.7867173685368 0.9625718593597412
242 1305.9514100000001 1327.6880661999999 2260.9986880851093 0.9664177894592285
243 1305.9514100000001 1326.5316669 1870.8577391619829 0.9703528881072998
244 1305.9514100000001 1329.6137896999999 2406.473418277567 0.9743387699127197
245 1305.9514100000001 1328.0381105 2152.0787078541307 0.9782876968383789
246 1305.9514100000001 1325.8746205999998 2050.1920914555453 0.9823248386383057
247 1305.9514100000001 1320.7412528999996 1445.0077162648204 0.9864587783813477
248 1305.9514100000001 1318.4738633999996 1192.1450187975022 0.9903726577758789
249 1305.9514100000001 1324.8986277999998 1662.1736030568231 0.9942116737365723
The optimum value should be 1305.95141

1305.9514100000001 0.9979648590087891

-------------------------------------------------------------------------------------------------------------------------

ROUND 3:
Generation, best, average, variance, time(s)
0 6286.65622 8402.3352896 673336.9145100794 0.0034728050231933594
1 3042.5221 8032.3572724 1027137.4509980879 0.00857090950012207
2 2189.66905 6876.718984000001 3460415.6217555576 0.013226985931396484
3 1692.85482 5294.705847499999 4429119.143965557 0.017540931701660156
4 1398.95037 4362.0331615000005 4551051.320464291 0.021795988082885742
5 1398.95037 3471.9534403 4130232.7896823976 0.025960922241210938
6 1338.7429000000002 2898.5838804000005 3360677.2293510665 0.030041933059692383
7 1338.7429000000002 2543.9532421999993 2646896.303330947 0.03412604331970215
8 1338.7429000000002 2141.250757 1602859.5570271546 0.0382077693939209
9 1338.7429000000002 1880.8720094000005 1045277.2077800946 0.042266845703125
10 1338.7429000000002 1716.6148195 662317.3815537464 0.04611086845397949
11 1330.19648 1650.6915399000002 530967.8262117119 0.050067901611328125
12 1330.19648 1555.8191716000008 255322.9430498115 0.05397605895996094
13 1305.9514100000001 1516.8401895000002 194358.45733415525 0.057811737060546875
14 1305.9514100000001 1476.7242698000005 139388.81905561165 0.06167483329772949
15 1305.9514100000001 1428.5293703000002 63056.88036762561 0.06552886962890625
16 1305.9514100000001 1394.7136562000003 39755.93374600881 0.0695648193359375
17 1305.9514100000001 1381.4343911000003 36460.480707102186 0.07368588447570801
18 1305.9514100000001 1368.5165209000002 31517.407649174253 0.07789301872253418
19 1305.9514100000001 1367.9674632 31941.110645171826 0.08192777633666992
20 1305.9514100000001 1363.3614225000001 31658.823279303644 0.08575201034545898
21 1305.9514100000001 1356.1471766000002 27876.357861713557 0.0895848274230957
22 1305.9514100000001 1349.0584045000003 27290.476937690917 0.09350895881652832
23 1305.9514100000001 1341.9063008000003 21022.134707949186 0.09743881225585938
24 1305.9514100000001 1341.2755449 19187.610466252558 0.1017158031463623
25 1305.9514100000001 1329.5893712999998 2246.0325361363703 0.10577678680419922
26 1305.9514100000001 1325.9957047999999 1985.1139427044532 0.1096639633178711
27 1305.9514100000001 1325.8270823999999 1689.4624257801013 0.11362385749816895
28 1305.9514100000001 1327.1195758 1758.07108110531 0.11766695976257324
29 1305.9514100000001 1330.0777588 2487.55677460902 0.12169599533081055
30 1305.9514100000001 1323.9864311000001 1557.6683624968696 0.12557482719421387
31 1305.9514100000001 1328.4480844 2262.0714622245264 0.12942790985107422
32 1305.9514100000001 1333.7116613 3187.2391919589636 0.13326406478881836
33 1305.9514100000001 1329.2951206999999 2844.8537869863426 0.13720011711120605
34 1305.9514100000001 1330.9391725 2526.1237081090203 0.1410820484161377
35 1305.9514100000001 1325.9907826 1902.9408593265096 0.14500975608825684
36 1305.9514100000001 1326.6446446 1869.3558493935955 0.14890170097351074
37 1305.9514100000001 1329.7858404999997 2142.1916093121695 0.15293192863464355
38 1305.9514100000001 1324.1491882999999 1942.1161824941048 0.15706992149353027
39 1305.9514100000001 1324.570282 1652.0157878883308 0.1609649658203125
40 1305.9514100000001 1325.4877906 1736.1830610435684 0.16478466987609863
41 1305.9514100000001 1328.9416801999998 2299.958525242618 0.16855907440185547
42 1305.9514100000001 1321.7980767 1736.755669344156 0.1723949909210205
43 1305.9514100000001 1326.7037976 1639.356563711664 0.17627191543579102
44 1305.9514100000001 1324.7230155999998 1464.854743213137 0.18003606796264648
45 1305.9514100000001 1329.8296281 2620.4759018417976 0.18387985229492188
46 1305.9514100000001 1326.3354759000001 2083.1630618334743 0.18781375885009766
47 1305.9514100000001 1323.5510711999998 1648.325491051685 0.19188880920410156
48 1305.9514100000001 1318.5930015999995 1038.9040324748898 0.19595003128051758
49 1305.9514100000001 1325.6858787999997 2802.781645335933 0.19978594779968262
50 1305.9514100000001 1320.8785256999995 2031.2372332469472 0.2036740779876709
51 1305.9514100000001 1321.0385033999999 1982.0418540061064 0.20754289627075195
52 1305.9514100000001 1321.3515768999996 2056.2550006754623 0.21142792701721191
53 1305.9514100000001 1318.4430327999996 1217.0886914961804 0.21520781517028809
54 1305.9514100000001 1318.2875070999996 1056.1690914260957 0.21915578842163086
55 1305.9514100000001 1320.7145406999998 1226.0838148671633 0.22309398651123047
56 1305.9514100000001 1318.7380595999996 1345.0004248348894 0.2270979881286621
57 1305.9514100000001 1323.2506259999998 1648.3207894968675 0.23099207878112793
58 1305.9514100000001 1320.5234661999996 1233.310812066647 0.2349097728729248
59 1305.9514100000001 1319.7267210999996 1155.271046441777 0.23869681358337402
60 1305.9514100000001 1320.4936639999996 1229.6985377207736 0.24253296852111816
61 1305.9514100000001 1319.9907984999995 1320.87426915449 0.24641180038452148
62 1305.9514100000001 1319.2934175999999 1305.2805518339026 0.25018882751464844
63 1305.9514100000001 1317.8558557999995 1240.2143031403684 0.2541077136993408
64 1305.9514100000001 1320.8977866999996 1516.4157679031412 0.2579529285430908
65 1305.9514100000001 1321.4677431999996 1583.1557413936919 0.2618439197540283
66 1305.9514100000001 1324.1722247999996 1503.670806180425 0.26576781272888184
67 1305.9514100000001 1324.3454783999998 1493.0937479153733 0.2697420120239258
68 1305.9514100000001 1322.8796060999998 1302.56679836485 0.2736208438873291
69 1305.9514100000001 1320.2002609999995 1265.9573791847097 0.27748990058898926
70 1305.9514100000001 1324.4330541999998 1867.0245939313743 0.28121280670166016
71 1305.9514100000001 1320.1974619999996 1642.311412403878 0.2850821018218994
72 1305.9514100000001 1325.4005012999999 2001.2304427971137 0.28879404067993164
73 1305.9514100000001 1328.7893365999998 2540.7791556430325 0.2926368713378906
74 1305.9514100000001 1323.5951644999996 1560.8162119837582 0.29646778106689453
75 1305.9514100000001 1320.2797439999997 1401.4999839686786 0.30033183097839355
76 1305.9514100000001 1321.6966667999995 1609.857486272999 0.30422091484069824
77 1305.9514100000001 1320.3312737999995 1541.357693437165 0.3082008361816406
78 1305.9514100000001 1323.2139895999996 1788.6838905137288 0.31205177307128906
79 1305.9514100000001 1321.6369547999996 1373.8718460880145 0.3160228729248047
80 1305.9514100000001 1318.6336832999996 1253.7833702382443 0.31987786293029785
81 1305.9514100000001 1317.7698569999995 1169.6090494542734 0.32364487648010254
82 1305.9514100000001 1323.1455669999996 1472.4103266411882 0.32760190963745117
83 1305.9514100000001 1325.1263711 1636.9979535998928 0.3313639163970947
84 1305.9514100000001 1325.0158012999998 1876.2721999764606 0.33524584770202637
85 1305.9514100000001 1326.9659542999998 2004.4175405495253 0.3390929698944092
86 1305.9514100000001 1325.7869024999998 1874.7906549771224 0.3430469036102295
87 1305.9514100000001 1322.9807848999997 1596.1881680303402 0.34693074226379395
88 1305.9514100000001 1321.1335771999998 1207.3580635698484 0.35081005096435547
89 1305.9514100000001 1319.2737397999997 1006.3215653830749 0.3546280860900879
90 1305.9514100000001 1322.4755694999997 1452.3809270261147 0.35843992233276367
91 1305.9514100000001 1323.3179000999996 1558.2925613593914 0.36223793029785156
92 1305.9514100000001 1321.7841167 1381.3305498167774 0.36603689193725586
93 1305.9514100000001 1321.3447835999998 1414.3438293685813 0.3699789047241211
94 1305.9514100000001 1321.471629 1221.5356854773354 0.3740427494049072
95 1305.9514100000001 1325.7461762 1952.2366288350954 0.3779318332672119
96 1305.9514100000001 1322.3797121999999 1485.1221362966576 0.3818647861480713
97 1305.9514100000001 1322.0159969999995 1503.4463030161403 0.3857388496398926
98 1305.9514100000001 1322.7200654999997 1557.6248943091623 0.3894989490509033
99 1305.9514100000001 1327.1433654999998 2233.0062285559115 0.3933248519897461
100 1305.9514100000001 1324.7635022999998 2131.2793052529028 0.3971419334411621
101 1305.9514100000001 1320.9646889999997 1811.6258103648577 0.4009709358215332
102 1305.9514100000001 1315.8170409 904.8959345085589 0.40474390983581543
103 1305.9514100000001 1322.4408646999996 1440.5302104677332 0.40866875648498535
104 1305.9514100000001 1319.1294040999999 1323.277788298393 0.412585973739624
105 1305.9514100000001 1324.3091138999998 1916.762728050381 0.41650891304016113
106 1305.9514100000001 1329.4371983999997 2196.6722495225763 0.4204428195953369
107 1305.9514100000001 1330.860373 2361.7238739166155 0.42430686950683594
108 1305.9514100000001 1326.5496821999998 2036.0786878447836 0.42815589904785156
109 1305.9514100000001 1324.4784097999998 1746.5914430229284 0.4319138526916504
110 1305.9514100000001 1328.3591316 2331.6532805549177 0.43575286865234375
111 1305.9514100000001 1329.4486995 2578.669082389997 0.4395449161529541
112 1305.9514100000001 1325.6260978 2095.7732654860847 0.4433441162109375
113 1305.9514100000001 1321.8244866999996 1578.2926672956323 0.4472370147705078
114 1305.9514100000001 1321.7983399999998 1404.9623874660338 0.45105791091918945
115 1305.9514100000001 1321.3167727999999 1595.5615503857332 0.45506978034973145
116 1305.9514100000001 1324.3071884999997 1761.3478859542665 0.4590177536010742
117 1305.9514100000001 1323.2717401 1521.190614197276 0.4628939628601074
118 1305.9514100000001 1319.8448027999998 1285.564034543526 0.46671390533447266
119 1305.9514100000001 1321.5408458999998 1471.7588356382016 0.47048282623291016
120 1305.9514100000001 1321.0384136999999 1239.1201597242145 0.47422194480895996
121 1305.9514100000001 1321.9148696999996 1711.9542442516163 0.47809290885925293
122 1305.9514100000001 1321.1774135999995 1265.3950943442771 0.4819200038909912
123 1305.9514100000001 1323.8582227 1605.6952721812268 0.48589468002319336
124 1305.9514100000001 1322.5744832999997 1624.7425807726418 0.4897429943084717
125 1305.9514100000001 1324.2895228999998 1696.3179700285086 0.4937429428100586
126 1305.9514100000001 1321.2293923999998 1445.2266694249222 0.4976978302001953
127 1305.9514100000001 1319.3891377999998 1154.1059910305441 0.5015509128570557
128 1305.9514100000001 1323.2310038999997 1475.7473172464495 0.50534987449646
129 1305.9514100000001 1319.5462053999997 1200.5375440213206 0.5092027187347412
130 1305.9514100000001 1322.2525265999998 1604.7005490766467 0.5130338668823242
131 1305.9514100000001 1320.2482308999997 1354.5539975469228 0.5168440341949463
132 1305.9514100000001 1321.5749657999997 1422.4506923289102 0.5207417011260986
133 1305.9514100000001 1323.2420479999998 1547.7156076906097 0.5246310234069824
134 1305.9514100000001 1326.9588845 2159.5753837986426 0.5286068916320801
135 1305.9514100000001 1325.3025943 2212.5746034606523 0.532588005065918
136 1305.9514100000001 1325.4951775 2456.097151470365 0.5364189147949219
137 1305.9514100000001 1330.1861259 2406.2795085450407 0.540215015411377
138 1305.9514100000001 1328.3732405 1805.6944001826018 0.5440959930419922
139 1305.9514100000001 1322.9573308999998 1384.3683695637797 0.5479657649993896
140 1305.9514100000001 1320.3247319999998 1142.5078624039063 0.5518879890441895
141 1305.9514100000001 1320.1156615999996 1222.5365554292991 0.5557107925415039
142 1305.9514100000001 1321.8492179999998 1739.7993143730762 0.5595078468322754
143 1305.9514100000001 1321.5385622999997 1305.280602329428 0.5633828639984131
144 1305.9514100000001 1331.0552332 2725.4592797268265 0.5672328472137451
145 1305.9514100000001 1329.3337803 2161.637120991942 0.5711798667907715
146 1305.9514100000001 1325.1214833999998 1673.629606965503 0.5750079154968262
147 1305.9514100000001 1326.1069201 1755.2495433489503 0.5787928104400635
148 1305.9514100000001 1323.6117297999997 1657.372961904064 0.582676887512207
149 1305.9514100000001 1322.1662322999996 1420.4922338976478 0.5865399837493896
150 1305.9514100000001 1320.0959095999997 1321.681732766824 0.5903537273406982
151 1305.9514100000001 1322.4070069999998 1680.834041906185 0.5942440032958984
152 1305.9514100000001 1322.9195484999998 1620.4516226384303 0.5981178283691406
153 1305.9514100000001 1327.5032864999998 2121.6634252822932 0.6019868850708008
154 1305.9514100000001 1322.2840861999998 1667.1415434221783 0.6060099601745605
155 1305.9514100000001 1328.8680419999998 2108.2746820285556 0.6099989414215088
156 1305.9514100000001 1325.0515630999998 1886.7694113193568 0.6138849258422852
157 1305.9514100000001 1326.8508335 2148.196061941984 0.6176297664642334
158 1305.9514100000001 1322.2193323999995 1623.4995143406816 0.621492862701416
159 1305.9514100000001 1321.8058948999999 2005.3689136494515 0.6254048347473145
160 1305.9514100000001 1324.7156578000001 2148.522740420103 0.6291780471801758
161 1305.9514100000001 1328.0048264999998 2272.534676617266 0.6329638957977295
162 1305.9514100000001 1323.5822885999996 1836.9621558809251 0.6369609832763672
163 1305.9514100000001 1316.8237547999995 1081.0338251381847 0.6408748626708984
164 1305.9514100000001 1320.4761620999998 1545.3309700580166 0.644758939743042
165 1305.9514100000001 1320.5558264999997 1539.208247285193 0.648688793182373
166 1305.9514100000001 1325.2905572 2139.1349426039337 0.6525728702545166
167 1305.9514100000001 1324.7066525999999 2113.3015855770795 0.6563549041748047
168 1305.9514100000001 1324.6244082999997 2098.962582946234 0.6602859497070312
169 1305.9514100000001 1327.4774773 2120.505444597788 0.6640658378601074
170 1305.9514100000001 1325.264919 1714.3929466843326 0.6679558753967285
171 1305.9514100000001 1323.6111960999997 1553.9122154635581 0.6719019412994385
172 1305.9514100000001 1319.6015071999998 1135.6021825246257 0.675832986831665
173 1305.9514100000001 1318.1853846 1059.1329909054746 0.6798198223114014
174 1305.9514100000001 1319.0900731999998 1199.4132415052077 0.6837248802185059
175 1305.9514100000001 1322.0686466999998 1587.164439212663 0.6876118183135986
176 1305.9514100000001 1320.7711257999995 1345.9854923347948 0.6914348602294922
177 1305.9514100000001 1326.7528453 2359.226298305636 0.6952857971191406
178 1305.9514100000001 1332.1887291 2673.3699125536177 0.6989948749542236
179 1305.9514100000001 1325.4147790999998 2388.251129554809 0.7029240131378174
180 1305.9514100000001 1324.2650509999999 1776.1610673316086 0.7068147659301758
181 1305.9514100000001 1326.4763027 1805.5796034873356 0.7107129096984863
182 1305.9514100000001 1324.6335513 1631.6146623928612 0.7146189212799072
183 1305.9514100000001 1325.6555656 1916.5955727031728 0.7186229228973389
184 1305.9514100000001 1327.5709797999998 1693.4829760716011 0.7224791049957275
185 1305.9514100000001 1327.9783340000001 2041.170153683072 0.7263779640197754
186 1305.9514100000001 1327.3770048999995 2010.8908539441536 0.7302618026733398
187 1305.9514100000001 1321.6832037999995 1471.9448854142577 0.7340810298919678
188 1305.9514100000001 1323.0595670999996 1478.5673035604234 0.7379376888275146
189 1305.9514100000001 1319.7925108999998 1091.3214224326362 0.741905689239502
190 1305.9514100000001 1319.8604365 1209.5729020526626 0.7458188533782959
191 1305.9514100000001 1323.4607805999997 2166.2553426324866 0.7497236728668213
192 1305.9514100000001 1318.3571425999999 1227.306049086135 0.7536487579345703
193 1305.9514100000001 1322.3584646999998 1207.4734540740449 0.757638692855835
194 1305.9514100000001 1328.6222360999998 2138.637163606136 0.7615458965301514
195 1305.9514100000001 1323.0517138999996 1603.003994553306 0.7653460502624512
196 1305.9514100000001 1326.1937223999996 1872.8691222181335 0.7692379951477051
197 1305.9514100000001 1325.6259853 1749.0766004788195 0.7730097770690918
198 1305.9514100000001 1321.1708231999999 1338.133619452909 0.7768497467041016
199 1305.9514100000001 1323.083459 1273.646448607155 0.7806267738342285
200 1305.9514100000001 1320.3804899999998 1267.915385627327 0.7843949794769287
201 1305.9514100000001 1320.4068559999996 1141.3655935322347 0.7882180213928223
202 1305.9514100000001 1327.7392906999999 2219.8066872351633 0.7921319007873535
203 1305.9514100000001 1324.18734 1404.3951618822673 0.7960460186004639
204 1305.9514100000001 1321.8442662999996 1533.9025921233383 0.799933910369873
205 1305.9514100000001 1314.6212954 582.9121669813353 0.8038578033447266
206 1305.9514100000001 1320.1976163 1334.2511340030749 0.8078887462615967
207 1305.9514100000001 1323.2089065999999 1285.1385309047619 0.811924934387207
208 1305.9514100000001 1320.0940285999998 1020.4458150083955 0.8157868385314941
209 1305.9514100000001 1321.7647630999998 1389.4078522351501 0.8197827339172363
210 1305.9514100000001 1325.4803952999998 1650.2828353897785 0.8237569332122803
211 1305.9514100000001 1324.161023 1638.5407588198993 0.8277387619018555
212 1305.9514100000001 1321.6015076999997 1355.4187205925573 0.8318676948547363
213 1305.9514100000001 1326.0406719 1570.2170900514238 0.8359098434448242
214 1305.9514100000001 1326.8825537999999 1812.381268974946 0.8398449420928955
215 1305.9514100000001 1322.4997709999996 1295.9409779902153 0.8438010215759277
216 1305.9514100000001 1320.3445895999996 1138.4546909771266 0.8477439880371094
217 1305.9514100000001 1322.2679940999997 1833.7424743605482 0.8516068458557129
218 1305.9514100000001 1319.1097414999997 1122.449150645324 0.8555219173431396
219 1305.9514100000001 1320.0773468999996 1566.7580490652442 0.8594160079956055
220 1305.9514100000001 1320.0756427999995 1524.7897268757522 0.8633408546447754
221 1305.9514100000001 1320.6570198999998 1299.7846528886569 0.8672890663146973
222 1305.9514100000001 1319.9514833999995 1183.4136858424433 0.8713219165802002
223 1305.9514100000001 1321.4303518999996 1365.5368083701758 0.8751609325408936
224 1305.9514100000001 1321.5930634999997 1255.9266449199695 0.8790137767791748
225 1305.9514100000001 1324.7715817 2379.710458109324 0.8828310966491699
226 1305.9514100000001 1325.046848 1784.7282789868148 0.8867278099060059
227 1305.9514100000001 1322.1533183999998 1559.1938333789617 0.8905439376831055
228 1305.9514100000001 1323.0591499999998 1976.5231740671575 0.8944737911224365
229 1305.9514100000001 1325.2736621000001 1909.3540334436932 0.8984487056732178
230 1305.9514100000001 1324.1019808 1736.5227744958847 0.9024250507354736
231 1305.9514100000001 1326.817179 1941.0686057518376 0.9063410758972168
232 1305.9514100000001 1330.1874161 2473.853540909847 0.9102969169616699
233 1305.9514100000001 1325.7017733999999 1908.631559310343 0.9141669273376465
234 1305.9514100000001 1330.6315458 2780.8583458284243 0.9180488586425781
235 1305.9514100000001 1329.184438 3040.563560626955 0.9218719005584717
236 1305.9514100000001 1325.0502998 2284.0970421684956 0.925757884979248
237 1305.9514100000001 1327.5096938 2425.9400932790168 0.9295847415924072
238 1305.9514100000001 1329.9536231999998 2828.2757441973836 0.9334368705749512
239 1305.9514100000001 1326.8975094 2681.8755122763396 0.9372549057006836
240 1305.9514100000001 1323.6294051999998 1803.1596750387928 0.9412217140197754
241 1305.9514100000001 1325.1204430999999 2100.3326179469354 0.9451718330383301
242 1305.9514100000001 1320.4432671999998 1600.057581405145 0.9491407871246338
243 1305.9514100000001 1323.3518281999998 1769.054250399494 0.953035831451416
244 1305.9514100000001 1316.3068773999996 850.8472941226754 0.9567909240722656
245 1305.9514100000001 1318.0785883999997 1029.8004111389623 0.9606359004974365
246 1305.9514100000001 1322.3245385999999 1255.6514050526673 0.9643750190734863
247 1305.9514100000001 1320.9167186 1199.9466236933135 0.9681429862976074
248 1305.9514100000001 1328.1918962 2280.015846691288 0.971977949142456
249 1305.9514100000001 1329.5776835 2195.14180078109 0.9758498668670654
The optimum value should be 1305.95141

1305.9514100000001 0.9797549247741699

