INSTANCE: MO2

TOTAL GENERATION IS: 250

-------------------------------------------------------------------------------------------------------------------------

ROUND 1:
Generation, best, average, variance, time(s)
0 7167.05997 9289.899177299998 1046807.6845829724 0.0036499500274658203
1 4065.12508 8887.723201699999 1251067.2768005466 0.008913040161132812
2 2213.38765 7714.707710999998 3389430.160522849 0.013677120208740234
3 1844.7739000000001 6045.5294251000005 4919589.588940881 0.0180971622467041
4 1639.31731 4935.7606055 5570972.747226509 0.02253103256225586
5 1512.82978 4214.5586305 5598040.660780984 0.026661157608032227
6 1512.82978 3716.1261323999997 4404838.236532893 0.030820131301879883
7 1490.73902 3324.9341362000005 3353254.3190098866 0.03520703315734863
8 1480.55768 2895.6761178 2742962.5672848076 0.03957080841064453
9 1480.55768 2597.0750464 2286829.913306188 0.043869972229003906
10 1466.4402099999998 2234.0805557999997 1429700.1970818094 0.048082828521728516
11 1466.4402099999998 1977.5269202999996 657141.8881034618 0.052262067794799805
12 1466.4402099999998 1835.0638529999999 436399.8767335865 0.056385040283203125
13 1432.35732 1745.6836013000002 358989.3330219579 0.060363054275512695
14 1432.35732 1637.0704325000002 225347.76625997756 0.06443595886230469
15 1432.35732 1571.6881047 121935.49261446945 0.06883001327514648
16 1432.35732 1554.9717616000003 123203.73701306751 0.07310986518859863
17 1432.35732 1542.4049237 105595.1810277208 0.07715892791748047
18 1432.35732 1527.3940817 99383.59070888313 0.08130502700805664
19 1432.35732 1524.8621257000004 97936.52676316634 0.08533287048339844
20 1432.35732 1512.6984091000004 94606.77701623591 0.08935999870300293
21 1432.35732 1499.8294742 53050.95578086726 0.09373307228088379
22 1432.35732 1489.1894630000002 26089.80561937157 0.09760880470275879
23 1432.35732 1472.5179157999999 14052.923473267349 0.10154891014099121
24 1432.35732 1470.7836696000002 11898.828787018087 0.10571908950805664
25 1432.35732 1460.5566909 5625.646923907426 0.1097860336303711
26 1432.35732 1461.8941012000003 3967.2392666451638 0.1136939525604248
27 1432.35732 1457.5100636 2882.064972130796 0.11772418022155762
28 1432.35732 1455.4281564000003 3226.1174188645696 0.12179708480834961
29 1432.35732 1457.4920192000002 3183.908880926402 0.12587213516235352
30 1432.35732 1451.6205159 2118.006803686778 0.12990212440490723
31 1432.35732 1450.9152636000001 2290.561205615385 0.13408994674682617
32 1432.35732 1449.1793222000001 2440.853476636201 0.13827300071716309
33 1432.35732 1448.162929 2081.4308801345155 0.14229488372802734
34 1432.35732 1450.8177780000003 2205.847971039135 0.1461789608001709
35 1432.35732 1449.1191122000005 2047.0555562124541 0.15024089813232422
36 1432.35732 1453.620062 3139.7222892873815 0.15451598167419434
37 1432.35732 1452.9649029 3174.037103450361 0.15846800804138184
38 1432.35732 1454.963312 3577.2665414067146 0.16242289543151855
39 1432.35732 1453.9986529000003 3140.906728728247 0.16640210151672363
40 1432.35732 1452.2915240000002 3529.576072032381 0.17032504081726074
41 1432.35732 1455.28887 3624.117999628226 0.17417502403259277
42 1432.35732 1454.2284046000004 2625.8860686534877 0.17813706398010254
43 1432.35732 1448.0844980000004 1613.4688109855547 0.18209600448608398
44 1432.35732 1445.1508889000002 1304.7479264758383 0.18613386154174805
45 1432.35732 1447.4557788 1503.8748782088317 0.19020795822143555
46 1432.35732 1447.26007 1555.6414767982922 0.19422578811645508
47 1432.35732 1447.8137564999997 1464.2396848810602 0.19825100898742676
48 1432.35732 1451.3876838999995 1835.783507464539 0.2020869255065918
49 1432.35732 1451.5668056999996 2190.026182231967 0.20613408088684082
50 1432.35732 1447.8295546 1398.9350510850252 0.21009206771850586
51 1432.35732 1449.2714253000001 1521.6375818529375 0.21399593353271484
52 1432.35732 1451.1494763 2047.946639177832 0.21782612800598145
53 1432.35732 1451.1630732000003 2122.3161207883454 0.2217268943786621
54 1432.35732 1452.1787805 2195.514922209833 0.2257080078125
55 1432.35732 1447.2027885 1599.5886313248025 0.2296440601348877
56 1432.35732 1451.0573079000003 2221.9062216689995 0.2335679531097412
57 1432.35732 1451.2117947 2135.0572461457205 0.23752188682556152
58 1432.35732 1445.3386775000004 1194.7192897823618 0.2412872314453125
59 1432.35732 1445.5766603 1257.3587801564966 0.24514293670654297
60 1432.35732 1447.7267352000001 1648.1515593706354 0.24891996383666992
61 1432.35732 1443.8005864 1118.2825927440256 0.25296688079833984
62 1432.35732 1444.5884699000003 1142.4624734660151 0.25702595710754395
63 1432.35732 1448.2853436999999 1616.8322530518071 0.2610440254211426
64 1432.35732 1448.4798035999995 1749.1682652970487 0.2651231288909912
65 1432.35732 1454.7980285 2017.8863746225952 0.26915407180786133
66 1432.35732 1447.1726276000002 1241.5942761915776 0.2729341983795166
67 1432.35732 1443.8358639 1288.6093006197918 0.2767658233642578
68 1432.35732 1443.9842681999999 1224.166909393245 0.28070807456970215
69 1432.35732 1448.7552746000001 1672.4533658305227 0.28450989723205566
70 1432.35732 1446.9396335000001 1496.0753752854012 0.2885129451751709
71 1432.35732 1449.979835 2149.970092527918 0.292435884475708
72 1432.35732 1447.3416308 1704.2477757596673 0.29631781578063965
73 1432.35732 1446.7391425 1422.0550894260298 0.30014514923095703
74 1432.35732 1450.1082904000002 1802.4872535085146 0.3042411804199219
75 1432.35732 1447.7481318 1702.7647050421344 0.3081390857696533
76 1432.35732 1452.4989182000002 2102.892243594798 0.3120601177215576
77 1432.35732 1444.3770973 943.2332219495465 0.316176176071167
78 1432.35732 1446.9208391000002 1444.0995443138806 0.3202171325683594
79 1432.35732 1443.5141366000003 1214.0610273390005 0.32428407669067383
80 1432.35732 1445.9781319 1985.8186931046957 0.32829785346984863
81 1432.35732 1444.6295816000002 1244.8603353684625 0.3322310447692871
82 1432.35732 1442.2064605 922.2231257565604 0.33626389503479004
83 1432.35732 1444.8426257 1698.265258879983 0.34033894538879395
84 1432.35732 1442.8904624000002 1445.038353401238 0.34434986114501953
85 1432.35732 1445.2944473000002 1396.330934706345 0.34827685356140137
86 1432.35732 1446.2962668000005 1145.288630453667 0.35217714309692383
87 1432.35732 1449.1109544 1855.7901780712896 0.3559989929199219
88 1432.35732 1443.108666 1002.5913155949763 0.3598299026489258
89 1432.35732 1443.4634811000003 1061.2696142679547 0.36385607719421387
90 1432.35732 1444.5792003000001 1721.8206401773348 0.3678169250488281
91 1432.35732 1445.6718527000003 1426.913623792202 0.37172818183898926
92 1432.35732 1447.9329069 1399.263009182624 0.37560296058654785
93 1432.35732 1448.2848738 1560.1489583509328 0.3796069622039795
94 1432.35732 1451.7608343 2355.722488224383 0.3834528923034668
95 1432.35732 1447.8726358 2048.8884616564997 0.38736796379089355
96 1432.35732 1450.6091119000002 1987.9115100686208 0.3912498950958252
97 1432.35732 1457.4114019 2486.21906166376 0.39516687393188477
98 1432.35732 1456.2402406000003 3274.8843924889266 0.39900684356689453
99 1432.35732 1450.2609466000001 2179.993147725725 0.4028139114379883
100 1432.35732 1442.8263832 1251.1836779432758 0.40660977363586426
101 1432.35732 1445.4033483 1357.3740008746017 0.41045403480529785
102 1432.35732 1446.5882308 1659.7415218958631 0.4143941402435303
103 1432.35732 1450.6323822999998 2649.1814877879597 0.41823601722717285
104 1432.35732 1446.2734917 1426.3606827524336 0.42231011390686035
105 1432.35732 1444.7449298 1396.2381704118095 0.42632484436035156
106 1432.35732 1447.5895698000002 1638.6392186361036 0.4303710460662842
107 1432.35732 1453.6646640000001 2129.121097916149 0.4343578815460205
108 1432.35732 1451.6380198000002 2500.3160470869066 0.4383840560913086
109 1432.35732 1454.9734674000001 2954.131161168404 0.4421849250793457
110 1432.35732 1453.1083885000003 2666.7766149383747 0.4462850093841553
111 1432.35732 1450.7729619000002 1633.2217770346022 0.4502530097961426
112 1432.35732 1456.0999216000002 2522.9825663217507 0.45440006256103516
113 1432.35732 1452.0990046 2248.291923559782 0.4582991600036621
114 1432.35732 1453.8020754000004 2524.6815973734833 0.4621701240539551
115 1432.35732 1449.5080557000003 2051.4561917659516 0.4659550189971924
116 1432.35732 1445.4190170000004 1311.2096911746835 0.4698629379272461
117 1432.35732 1453.4591757000003 2174.0050289279175 0.4737241268157959
118 1432.35732 1453.7996649000002 2340.4998364206467 0.47757887840270996
119 1432.35732 1454.6077965000002 2863.5213259027355 0.48142504692077637
120 1432.35732 1452.9489822 2707.690603475744 0.4852731227874756
121 1432.35732 1445.7943415 1438.8458162344511 0.48919010162353516
122 1432.35732 1444.2379561 1302.9423862408557 0.4931309223175049
123 1432.35732 1445.6639210000003 1355.060773903394 0.49712681770324707
124 1432.35732 1445.6577085000004 1487.6843278668246 0.5009698867797852
125 1432.35732 1445.0993276000002 1746.5814578551922 0.5048801898956299
126 1432.35732 1442.4153509000002 1181.0977311491206 0.5088679790496826
127 1432.35732 1439.9357105000004 935.4106920544539 0.5127599239349365
128 1432.35732 1443.1516982 1287.3142291890065 0.5167069435119629
129 1432.35732 1447.9148626000003 1871.3680498016815 0.5206210613250732
130 1432.35732 1449.1241050000006 1349.6010787682742 0.5243980884552002
131 1432.35732 1444.3096484000002 1235.8010666022687 0.5285449028015137
132 1432.35732 1452.7330707000003 2209.561511431075 0.5323200225830078
133 1432.35732 1454.7193198000002 2481.2787987198258 0.5363681316375732
134 1432.35732 1459.4663229000005 2944.9312789455935 0.5405890941619873
135 1432.35732 1457.5787306000002 2729.9261036355956 0.5447089672088623
136 1432.35732 1456.0331917000003 2568.0716444921363 0.5488319396972656
137 1432.35732 1450.3453129000002 1950.0017563919146 0.5527548789978027
138 1432.35732 1454.4567746000002 2101.093048886529 0.5566771030426025
139 1432.35732 1454.3575918000001 2230.704942312974 0.5605990886688232
140 1432.35732 1455.5243034999999 2549.108434727579 0.5645461082458496
141 1432.35732 1448.8464306 1598.5185901024684 0.5685508251190186
142 1432.35732 1445.9836591000005 1230.961179517867 0.5723559856414795
143 1432.35732 1447.1574267000003 1406.7430317107771 0.5762619972229004
144 1432.35732 1449.3193787 1411.9068505474806 0.5802450180053711
145 1432.35732 1443.3077820000003 1084.5517751520576 0.5845329761505127
146 1432.35732 1443.3286345000001 1240.727823885212 0.588737964630127
147 1432.35732 1445.8910873000004 1185.184997403461 0.593048095703125
148 1432.35732 1444.4327958000001 1683.7378203214219 0.5973618030548096
149 1432.35732 1449.0778542000003 2215.3031035914646 0.601668119430542
150 1432.35732 1452.2911022 2237.4913546454554 0.6056110858917236
151 1432.35732 1457.5395974000003 3475.191823247652 0.6095778942108154
152 1432.35732 1458.4770526000002 3663.1116587691586 0.6138200759887695
153 1432.35732 1452.5002475000003 2101.386511446785 0.618013858795166
154 1432.35732 1452.5368326000003 2101.1707892304325 0.6221699714660645
155 1432.35732 1453.8066860000001 2866.813837109857 0.6261849403381348
156 1432.35732 1454.6242336000003 3077.314479776045 0.6302680969238281
157 1432.35732 1445.2842027 1748.0446615570954 0.6344828605651855
158 1432.35732 1449.7080573000003 1961.558774867207 0.6386721134185791
159 1432.35732 1450.8734847000003 2130.1945694179317 0.6428611278533936
160 1432.35732 1450.7837964999999 1833.467885626978 0.6470170021057129
161 1432.35732 1454.8695698 2462.5924147203923 0.6510839462280273
162 1432.35732 1452.0369615999996 2243.564568118898 0.6552140712738037
163 1432.35732 1450.4933404999997 1935.2578739044807 0.6594719886779785
164 1432.35732 1451.6897876 1899.3787319483436 0.6634290218353271
165 1432.35732 1453.3624545000002 2319.3180725251364 0.6674149036407471
166 1432.35732 1454.9208284000001 2410.4423232621766 0.6714639663696289
167 1432.35732 1456.4783918 2680.899750246608 0.6755309104919434
168 1432.35732 1450.6217251 1688.522851660929 0.6796169281005859
169 1432.35732 1456.3651820000002 2348.773849299974 0.6835589408874512
170 1432.35732 1454.1141007000003 1966.9284964640124 0.687608003616333
171 1432.35732 1453.6438025000004 2353.6467190062726 0.6918148994445801
172 1432.35732 1442.4856780000002 1246.6878555902417 0.6958589553833008
173 1432.35732 1446.7410651 1504.6605348082587 0.6997261047363281
174 1432.35732 1450.3820551000003 1818.9266068954887 0.7037169933319092
175 1432.35732 1451.2792837000002 2230.0039338611623 0.7077338695526123
176 1432.35732 1460.0891660000002 3291.687548234479 0.7117099761962891
177 1432.35732 1455.9106307 2372.5430253652116 0.7158730030059814
178 1432.35732 1452.6752952000002 1974.5330733571038 0.719980001449585
179 1432.35732 1448.6659849 1465.1417498825874 0.7238149642944336
180 1432.35732 1451.6786973000003 1812.48084239849 0.7280218601226807
181 1432.35732 1451.4789418000003 2196.5925257789386 0.7320938110351562
182 1432.35732 1450.2745293 2139.787608808458 0.7360389232635498
183 1432.35732 1444.4412916 1337.171886526802 0.7401762008666992
184 1432.35732 1446.2969701 1692.2549876409737 0.7440750598907471
185 1432.35732 1456.3373069 2436.216220165102 0.7480790615081787
186 1432.35732 1455.5381522999999 2341.310230696236 0.7520771026611328
187 1432.35732 1448.9786060000001 1510.2662175097607 0.7561650276184082
188 1432.35732 1445.7019572 1186.37077660239 0.7602670192718506
189 1432.35732 1452.0346086 2491.9046302264956 0.7640979290008545
190 1432.35732 1452.1119509 2271.1847709842864 0.7679212093353271
191 1432.35732 1453.2715241000003 2246.512109104312 0.7720530033111572
192 1432.35732 1453.6451633000004 1993.6162914808492 0.775982141494751
193 1432.35732 1455.8803678 2466.446838121438 0.779792070388794
194 1432.35732 1445.2336816000004 1209.9189254478792 0.7835979461669922
195 1432.35732 1448.1525576 1590.6770115341442 0.7876400947570801
196 1432.35732 1446.515253 1410.3746315682383 0.7919201850891113
197 1432.35732 1452.9945221000003 2026.4553489952032 0.7961101531982422
198 1432.35732 1455.9119819000002 2562.243226339805 0.7999300956726074
199 1432.35732 1458.3293204000001 3448.494635878076 0.8040590286254883
200 1432.35732 1456.8273727 3331.7655076585 0.8082840442657471
201 1432.35732 1451.5611485000002 2304.7756338285235 0.812385082244873
202 1432.35732 1452.0742127000005 2404.012808813972 0.8163390159606934
203 1432.35732 1452.0845755000003 2496.64715400272 0.8202319145202637
204 1432.35732 1446.2119236000005 1840.288360024137 0.8240859508514404
205 1432.35732 1449.4552381 2073.4926539892917 0.8281641006469727
206 1432.35732 1455.3917668000001 2866.502783042266 0.8321220874786377
207 1432.35732 1452.5236133 2461.8335728365414 0.8360638618469238
208 1432.35732 1448.2267036000003 1864.2271209777437 0.83986496925354
209 1432.35732 1448.5809539 1320.5370791580676 0.8436920642852783
210 1432.35732 1442.220322 830.8034421704665 0.8477470874786377
211 1432.35732 1444.1943361000003 909.871787813103 0.8516249656677246
212 1432.35732 1439.3758833 657.2335835890543 0.8555359840393066
213 1432.35732 1444.8866110000004 1127.2647503322773 0.8593578338623047
214 1432.35732 1447.9556534000003 1487.3506107134247 0.8631880283355713
215 1432.35732 1451.8336818000002 2036.320169323645 0.8672640323638916
216 1432.35732 1448.9957978999998 1614.7262435096418 0.8712959289550781
217 1432.35732 1446.3017672 1159.3115617062563 0.8751327991485596
218 1432.35732 1442.2136951000002 844.4663236258976 0.8789870738983154
219 1432.35732 1444.9565389000002 1004.8755071724864 0.8828558921813965
220 1432.35732 1444.7096896 1087.0655303738617 0.8866097927093506
221 1432.35732 1444.4607853 1303.2298650050498 0.8904099464416504
222 1432.35732 1447.8456881999998 1332.45184022585 0.89457106590271
223 1432.35732 1445.7091176999998 1186.9669455939804 0.8985080718994141
224 1432.35732 1447.2350859 1518.292143797185 0.90242600440979
225 1432.35732 1444.916662 1202.6772781564528 0.9065179824829102
226 1432.35732 1443.8995441 1008.5363414420551 0.9105331897735596
227 1432.35732 1443.0475682000001 836.5240037381607 0.9148478507995605
228 1432.35732 1442.5452073000001 1278.9832197349608 0.918997049331665
229 1432.35732 1442.3934193000002 1385.1311717042531 0.9232099056243896
230 1432.35732 1447.4352692999998 2051.8200981891778 0.9271259307861328
231 1432.35732 1445.3044537000003 1754.2927035202547 0.9311249256134033
232 1432.35732 1446.5892895000004 1527.3042227763874 0.9350671768188477
233 1432.35732 1449.1723312000004 1840.157554791371 0.9396100044250488
234 1432.35732 1450.2065992 1842.39323288896 0.9438672065734863
235 1432.35732 1448.7073058000003 1737.4174812846409 0.9479379653930664
236 1432.35732 1446.9432708000002 1359.7039734349237 0.9517428874969482
237 1432.35732 1448.9361109 1748.8024666509186 0.9558620452880859
238 1432.35732 1442.3361585999999 1209.2705785169805 0.9602611064910889
239 1432.35732 1444.0661072000003 1672.9180014892759 0.9642281532287598
240 1432.35732 1447.5571008000002 2050.9330953438744 0.9682879447937012
241 1432.35732 1449.3258943000003 2465.8822615754525 0.9724040031433105
242 1432.35732 1450.6808836000002 1974.9933343432158 0.9764180183410645
243 1432.35732 1446.9504510000002 1803.6662561240273 0.980579137802124
244 1432.35732 1442.1490818999998 963.6540117012385 0.9845161437988281
245 1432.35732 1440.4194857 821.02384369337 0.988347053527832
246 1432.35732 1442.5335534 929.3750203850619 0.9923160076141357
247 1432.35732 1444.6531569 1431.8650801123117 0.9964540004730225
248 1432.35732 1440.9066636000002 875.3456839685244 1.0004332065582275
249 1432.35732 1440.000731 840.5335513662666 1.0043058395385742
The optimum value should be 1432.36

1432.35732 1.0080959796905518

-------------------------------------------------------------------------------------------------------------------------

ROUND 2:
Generation, best, average, variance, time(s)
0 7325.184519999999 9414.967091 775719.283524159 0.0035278797149658203
1 2969.37754 8801.6822748 1476033.1124052657 0.008903026580810547
2 2041.4621199999997 7631.4968092 4676246.141266266 0.013650894165039062
3 1878.9077599999998 5810.682117099998 7221415.179823522 0.018170833587646484
4 1612.4372999999998 4781.8615098 7059416.231553115 0.02264690399169922
5 1612.4372999999998 4002.0440914000005 5921122.295666902 0.02702188491821289
6 1610.3978800000002 3490.8747352999994 5072998.071882093 0.03133988380432129
7 1582.5928700000002 2962.1356516 3492009.3714541937 0.03543686866760254
8 1582.5928700000002 2589.9550858 2371143.704294416 0.03942513465881348
9 1573.9415800000002 2354.9530958000005 2035832.6362961112 0.04353690147399902
10 1521.0515100000002 2098.7947446000003 1282453.4345754148 0.04782891273498535
11 1474.2458100000003 1939.2510137000004 837396.8275685348 0.05199384689331055
12 1474.2458100000003 1772.4403575000003 463697.79102016054 0.05586576461791992
13 1474.2458100000003 1682.0905417000001 204024.48285141337 0.05988311767578125
14 1474.2458100000003 1635.0289174000002 134677.2482493503 0.06391286849975586
15 1474.2458100000003 1590.4002836 122542.04463148159 0.06814074516296387
16 1458.38093 1591.8947677000003 120663.86773386724 0.07212281227111816
17 1458.38093 1574.834471 107093.97236376244 0.07603311538696289
18 1452.8990300000003 1533.9781771000003 24935.67328091175 0.08025979995727539
19 1449.5980900000002 1512.1514110000003 21904.767046483896 0.08428812026977539
20 1449.5980900000002 1504.9717806 21103.453056271388 0.08837485313415527
21 1449.5980900000002 1503.8370630000004 21781.93576852252 0.09242081642150879
22 1449.5980900000002 1497.7017309000005 20521.938979477105 0.09639406204223633
23 1449.5980900000002 1493.7378690000003 20016.247866158745 0.10046911239624023
24 1449.5980900000002 1498.1154371000005 20313.428586559632 0.10437297821044922
25 1449.5980900000002 1483.8353060000002 10386.490973144157 0.10823297500610352
26 1449.5980900000002 1489.7262152000005 11232.644172048878 0.11261391639709473
27 1449.5980900000002 1480.600472 9900.23921368046 0.1165609359741211
28 1449.5980900000002 1485.9022546999997 11549.761951068289 0.12055683135986328
29 1449.5980900000002 1486.2664486 8413.529761755259 0.12475299835205078
30 1449.5980900000002 1485.7044658000004 8534.50033999781 0.1287229061126709
31 1449.5980900000002 1475.1255492000005 6540.8810372625185 0.13261985778808594
32 1449.5980900000002 1473.5650105000002 6278.100222616027 0.13648009300231934
33 1449.5980900000002 1460.9270738000005 1461.4800957897232 0.14046072959899902
34 1449.5980900000002 1466.5414004000006 2054.7350784175906 0.14433884620666504
35 1449.5980900000002 1469.1918164000006 2639.648937201965 0.14817476272583008
36 1449.5980900000002 1465.4648105000003 2633.547014772667 0.1523118019104004
37 1449.5980900000002 1461.7181147000003 1453.1568560972962 0.15626883506774902
38 1449.5980900000002 1468.0253013000006 2153.7860119382462 0.1601870059967041
39 1449.5980900000002 1469.9082800000003 2743.950086272494 0.16408181190490723
40 1449.5980900000002 1465.7528935000003 1774.3814946789937 0.1679549217224121
41 1449.5980900000002 1467.9675297000003 2123.7607582509836 0.17177391052246094
42 1449.5980900000002 1468.2994263000007 1957.9259934412999 0.17559099197387695
43 1449.5980900000002 1474.1357938000003 3030.577419988897 0.17932987213134766
44 1449.5980900000002 1473.8117866000002 3141.068312529208 0.18321800231933594
45 1449.5980900000002 1467.4864923000005 1847.4778393925471 0.1870720386505127
46 1449.5980900000002 1466.3180701000006 1691.4959143648107 0.19097089767456055
47 1449.5980900000002 1469.5213099000007 2763.8204244100134 0.1948108673095703
48 1449.5980900000002 1470.1215460000008 2066.4063753706255 0.19870901107788086
49 1449.5980900000002 1472.0343835000003 2788.8672922951678 0.20258092880249023
50 1449.5980900000002 1479.7961495000009 3711.8915534288694 0.2063429355621338
51 1449.5980900000002 1472.6745345000004 2856.9402870609338 0.2100379467010498
52 1449.5980900000002 1469.4097568000007 2182.396527654495 0.21384191513061523
53 1449.5980900000002 1463.8798965 1409.7559977252233 0.21770691871643066
54 1449.5980900000002 1473.0538626000002 2788.8601700254867 0.22156977653503418
55 1449.5980900000002 1474.1775953000001 2767.7604637327017 0.2253859043121338
56 1449.5980900000002 1465.7876587000003 1862.7994794069505 0.22950100898742676
57 1449.5980900000002 1465.0570450000002 1532.9746486120002 0.23370599746704102
58 1449.5980900000002 1467.0956366 1896.884818536123 0.23769712448120117
59 1432.35732 1469.3194399 2053.0626845559136 0.24148201942443848
60 1432.35732 1469.0937784000002 1679.3746056965247 0.24769377708435059
61 1432.35732 1465.0931739000005 1551.776107036632 0.25775599479675293
62 1432.35732 1468.5690232000002 2621.1645547705434 0.2622048854827881
63 1432.35732 1467.6078087000005 3199.428666353797 0.26653480529785156
64 1432.35732 1461.6864613 2900.6276801253907 0.2711958885192871
65 1432.35732 1466.7855977000006 2682.201591661798 0.27530884742736816
66 1432.35732 1464.5498269000004 2900.600991259826 0.2806270122528076
67 1432.35732 1456.9061360000005 2020.1829840529047 0.28467798233032227
68 1432.35732 1457.9479663000002 2177.185003895972 0.2891578674316406
69 1432.35732 1461.4873086000005 2450.0564261913228 0.29479193687438965
70 1432.35732 1458.5592351000003 2391.7001032771386 0.29991793632507324
71 1432.35732 1455.7810247000002 2475.388257399424 0.3040337562561035
72 1432.35732 1448.8321984999995 1497.2377678400853 0.3094499111175537
73 1432.35732 1457.7009280000002 2461.2384514180267 0.31386399269104004
74 1432.35732 1462.5768488 4001.086337606129 0.3179328441619873
75 1432.35732 1452.4483140000002 2513.8276861544678 0.3222939968109131
76 1432.35732 1457.1347022000002 2579.603987565011 0.3261268138885498
77 1432.35732 1455.1816693 2149.6029178496024 0.33000779151916504
78 1432.35732 1446.8838283000002 1344.9872158215624 0.3345189094543457
79 1432.35732 1450.8416536000002 1812.205046315557 0.3389320373535156
80 1432.35732 1452.8107665 1924.7187943185238 0.34502196311950684
81 1432.35732 1448.5771660000005 1731.53390044005 0.36279988288879395
82 1432.35732 1453.3051767000004 2155.096508952697 0.3676879405975342
83 1432.35732 1454.2292561000002 2108.0246304406364 0.3717629909515381
84 1432.35732 1452.0760559 1898.7579600197892 0.3760859966278076
85 1432.35732 1449.9406084000002 1696.132547749448 0.38071513175964355
86 1432.35732 1451.0732439000003 2191.6605720723533 0.3849308490753174
87 1432.35732 1453.3162078 2421.068104273901 0.3889038562774658
88 1432.35732 1450.7653880000005 1897.959761075691 0.39336299896240234
89 1432.35732 1451.2927266000002 2234.611376441592 0.39788293838500977
90 1432.35732 1448.3320139000002 1882.7793175037386 0.4021000862121582
91 1432.35732 1451.9182786000001 3013.7067131634335 0.4063990116119385
92 1432.35732 1452.4700976000001 3169.8863683864893 0.41055989265441895
93 1432.35732 1455.3013273000001 3371.675761908884 0.41447877883911133
94 1432.35732 1457.8026408000003 2987.7461776179143 0.41884708404541016
95 1432.35732 1457.3464854000003 2860.5959205798695 0.4229550361633301
96 1432.35732 1461.2121694000002 3581.43779509019 0.42713403701782227
97 1432.35732 1453.9973952 2824.98526908587 0.4309399127960205
98 1432.35732 1457.8788041 3374.159111848579 0.43493199348449707
99 1432.35732 1450.8525073 2666.6177993888514 0.43921804428100586
100 1432.35732 1454.0453571000003 2650.091756177702 0.4433858394622803
101 1432.35732 1455.4187037000002 2739.666952920148 0.44735193252563477
102 1432.35732 1457.1954859000002 2628.4746875743695 0.45128679275512695
103 1432.35732 1452.2655515 1946.5734063398227 0.45525693893432617
104 1432.35732 1451.8087335999999 1837.292905290561 0.45937108993530273
105 1432.35732 1452.7058833 1782.9304868888794 0.4632227420806885
106 1432.35732 1455.0376496 2270.451206940473 0.46715402603149414
107 1432.35732 1456.7964268000003 2187.0270082615384 0.47119998931884766
108 1432.35732 1456.7089868 2135.8367118861615 0.4751880168914795
109 1432.35732 1456.3782126000003 2114.355690456089 0.4793379306793213
110 1432.35732 1454.8976941 2314.581534051442 0.48326897621154785
111 1432.35732 1454.7642506000002 2158.9041580414178 0.4870460033416748
112 1432.35732 1458.5476441 2810.383913530488 0.4910118579864502
113 1432.35732 1456.6880448 2518.15892034142 0.4951019287109375
114 1432.35732 1454.3231948999999 2462.1619295908877 0.4993250370025635
115 1432.35732 1451.1643221000004 2151.3739661601476 0.5035879611968994
116 1432.35732 1446.4047959999998 1625.7117088108246 0.5075228214263916
117 1432.35732 1446.8092119000003 1597.3713156476579 0.5113170146942139
118 1432.35732 1443.9251640000002 1298.4109288891489 0.5153169631958008
119 1432.35732 1448.1788080000001 1336.3174794282043 0.519183874130249
120 1432.35732 1448.9815908 2417.2822957870253 0.5229120254516602
121 1432.35732 1450.7734325000004 2388.2713993757943 0.5272190570831299
122 1432.35732 1450.9421779000002 1806.7428675642905 0.5311157703399658
123 1432.35732 1456.076974 2943.963066361731 0.5349078178405762
124 1432.35732 1456.2628026999998 2891.074250008879 0.5387139320373535
125 1432.35732 1458.7585243000003 2950.244137462062 0.5430307388305664
126 1432.35732 1459.0240717000001 3044.872710067948 0.5473618507385254
127 1432.35732 1452.8275732000004 1941.128347491678 0.5516159534454346
128 1432.35732 1447.5644920999998 1430.2858882516655 0.55564284324646
129 1432.35732 1449.5298262000003 1745.3981615019893 0.5597310066223145
130 1432.35732 1452.2762778000001 2222.630403798021 0.5638649463653564
131 1432.35732 1455.3305458000002 2933.1898758534744 0.567741870880127
132 1432.35732 1453.0325070000001 2990.272862100852 0.571631908416748
133 1432.35732 1457.0704669000002 3586.7543705619846 0.5755729675292969
134 1432.35732 1453.698673 3295.6014712942315 0.5795719623565674
135 1432.35732 1451.7044936 2600.5329927700673 0.5835590362548828
136 1432.35732 1455.2811842000003 2700.572531501543 0.587548017501831
137 1432.35732 1453.8252991000002 2406.568820477781 0.5917568206787109
138 1432.35732 1454.1766083 2437.652382594633 0.5961117744445801
139 1432.35732 1454.8815045000001 2251.0689258072325 0.6003389358520508
140 1432.35732 1453.2666527000003 2821.3637411179516 0.6046669483184814
141 1432.35732 1453.0521904000002 2837.9002211801526 0.6089279651641846
142 1432.35732 1454.2003559000002 3141.908840252003 0.6129798889160156
143 1432.35732 1455.292248 3039.3621214602986 0.6170909404754639
144 1432.35732 1450.1347232 2416.3507035160383 0.621006965637207
145 1432.35732 1446.4765003000002 1370.5039021953035 0.6249778270721436
146 1432.35732 1443.1935435999999 1201.0672261021339 0.6290428638458252
147 1432.35732 1448.2270112 1662.5954682396723 0.633152961730957
148 1432.35732 1451.7799201000003 1902.8299386437925 0.637099027633667
149 1432.35732 1447.5602292 1719.5444701318324 0.6409480571746826
150 1432.35732 1451.1068341000002 2036.052518542593 0.6452066898345947
151 1432.35732 1452.8502215 2931.4374362673234 0.6492788791656494
152 1432.35732 1455.4377583 2329.503700912734 0.6532669067382812
153 1432.35732 1455.7998834 2525.35728056904 0.657261848449707
154 1432.35732 1453.4045669999998 2155.532225693268 0.6613078117370605
155 1432.35732 1454.5899079 2064.6158593321734 0.6654648780822754
156 1432.35732 1453.6892513000003 1969.4183611844728 0.6696147918701172
157 1432.35732 1451.8940719000002 1739.858098992662 0.6735360622406006
158 1432.35732 1447.6242809000003 1356.1501183815808 0.677833080291748
159 1432.35732 1444.6543268 1246.5041695790096 0.6819930076599121
160 1432.35732 1451.6271269 2096.8443894647394 0.685966968536377
161 1432.35732 1450.0834726 1721.3946956029854 0.6898918151855469
162 1432.35732 1457.7853637 2606.5187503612838 0.6938419342041016
163 1432.35732 1452.1848799000002 1928.1978572208004 0.6979427337646484
164 1432.35732 1450.5502246 1620.1678760081095 0.7020087242126465
165 1432.35732 1449.6568063 1947.8077316326737 0.7060317993164062
166 1432.35732 1447.1180439 1781.9128140647645 0.7100749015808105
167 1432.35732 1453.4241411 2044.7270461423648 0.7140278816223145
168 1432.35732 1450.9483401 1756.8856625886367 0.7179117202758789
169 1432.35732 1451.9225820000001 2517.957214444503 0.7219719886779785
170 1432.35732 1460.3129584 4337.571048835947 0.7259049415588379
171 1432.35732 1454.8278869 2341.266755652907 0.7299449443817139
172 1432.35732 1450.6399528000004 1801.8917898371528 0.7338099479675293
173 1432.35732 1452.2657829000004 1801.176415021385 0.7381668090820312
174 1432.35732 1454.1538431000001 1977.736738705862 0.7423670291900635
175 1432.35732 1452.4852279000002 2010.6167949773546 0.746772050857544
176 1432.35732 1448.8179262000003 1598.5260552309912 0.7509698867797852
177 1432.35732 1450.5802300000003 2083.920180266793 0.7549498081207275
178 1432.35732 1448.7547690000001 1722.287097534888 0.7588579654693604
179 1432.35732 1451.7750648 2115.75520995183 0.762894868850708
180 1432.35732 1446.7554438 1378.0183677923458 0.7669808864593506
181 1432.35732 1449.6888237 1618.5728323363523 0.7709450721740723
182 1432.35732 1449.9121944 2321.536266707532 0.7748219966888428
183 1432.35732 1446.9370082000003 1690.6997725836013 0.7789859771728516
184 1432.35732 1451.3944975000004 1957.7391151417378 0.7828559875488281
185 1432.35732 1455.3633399 2514.279771313015 0.7870838642120361
186 1432.35732 1454.9965363000001 2624.5007595547595 0.7912757396697998
187 1432.35732 1457.2206267000001 3070.214055955918 0.7954418659210205
188 1432.35732 1452.5786065000004 2452.224570045588 0.7995049953460693
189 1432.35732 1451.2233074 2661.91984662723 0.8033506870269775
190 1432.35732 1443.7482047000003 1157.8689565856246 0.80712890625
191 1432.35732 1447.2633473 1562.2485952135728 0.811103105545044
192 1432.35732 1448.5838100000005 1849.2367427501665 0.815248966217041
193 1432.35732 1454.4618582 2458.191835888553 0.8197777271270752
194 1432.35732 1447.8374268999999 1406.776241920026 0.8240220546722412
195 1432.35732 1453.2665733000001 2315.183042731515 0.828204870223999
196 1432.35732 1451.1696957000001 2372.3179789449205 0.8321218490600586
197 1432.35732 1447.4346693000002 1620.8843205478986 0.8361527919769287
198 1432.35732 1445.6342882000004 1398.2768723423544 0.8401920795440674
199 1432.35732 1445.0017241000003 1159.9884037346874 0.8442339897155762
200 1432.35732 1440.3849768 535.0636885169769 0.8482398986816406
201 1432.35732 1448.6966719000002 1666.4861670925102 0.8520889282226562
202 1432.35732 1446.5855460999999 1299.1297286523538 0.8561649322509766
203 1432.35732 1446.1719749 1322.0704586908544 0.8601329326629639
204 1432.35732 1447.1418018999998 1411.616691609496 0.863994836807251
205 1432.35732 1444.3812491 1112.3175112578879 0.868232011795044
206 1432.35732 1443.0267081000002 1089.6323533661853 0.8724439144134521
207 1432.35732 1446.9886002000003 1560.4406918232976 0.876533031463623
208 1432.35732 1447.9260164 1862.7395184403222 0.8804607391357422
209 1432.35732 1447.0936047000002 1589.7396185830976 0.884314775466919
210 1432.35732 1444.6077125000002 1238.7862854445793 0.8882989883422852
211 1432.35732 1440.5604217000002 976.0939627815227 0.8922269344329834
212 1432.35732 1441.4888808 927.4904825796816 0.8962807655334473
213 1432.35732 1446.6713617 1597.0870443716524 0.9003567695617676
214 1432.35732 1450.5971362000003 1783.7055670274278 0.9042758941650391
215 1432.35732 1446.0768266000002 1362.0056465792923 0.9080939292907715
216 1432.35732 1447.9427852000001 1530.2563366487966 0.9121909141540527
217 1432.35732 1451.2430140000004 1798.6975013616568 0.9162209033966064
218 1432.35732 1446.0618201000002 1484.9990094271666 0.9204339981079102
219 1432.35732 1445.0538218000002 1202.3472805746167 0.9244198799133301
220 1432.35732 1451.5531586000004 1861.3241897383775 0.9282729625701904
221 1432.35732 1450.5965609 1603.8625592531482 0.9326207637786865
222 1432.35732 1450.6741375000001 1724.077509209471 0.9365870952606201
223 1432.35732 1455.7794670000003 2384.435673384309 0.9406349658966064
224 1432.35732 1450.9357617 1844.949385529511 0.9446380138397217
225 1432.35732 1455.3033264000003 2730.210092378945 0.948512077331543
226 1432.35732 1454.8591541 2656.923847892835 0.9527058601379395
227 1432.35732 1456.4151301000002 3625.1727991835 0.9569108486175537
228 1432.35732 1450.8637721000005 2609.4622986676045 0.9607980251312256
229 1432.35732 1447.3358446000004 1773.2385560006335 0.9647970199584961
230 1432.35732 1450.1623955 1743.1726283453247 0.9689140319824219
231 1432.35732 1448.4775001000003 1527.0900041843684 0.9731378555297852
232 1432.35732 1446.4936114000004 1321.4876869547638 0.977550745010376
233 1432.35732 1451.2105093000002 2834.532737367874 0.9815378189086914
234 1432.35732 1455.3815050000003 3431.4958481479425 0.9860019683837891
235 1432.35732 1454.0752362000003 3316.2025296695083 0.9901478290557861
236 1432.35732 1456.4296412 3666.249787342034 0.9945359230041504
237 1432.35732 1450.5634939000001 2054.6580952894856 0.998931884765625
238 1432.35732 1450.7522393000004 2151.938398122859 1.0027530193328857
239 1432.35732 1453.2099426000004 2015.3978228856254 1.0072178840637207
240 1432.35732 1450.4171913 1595.7373006747696 1.0112950801849365
241 1432.35732 1451.2775494000002 3075.314586013287 1.0153379440307617
242 1432.35732 1445.9338204 1293.0473365082623 1.019423007965088
243 1432.35732 1448.5455866000002 1626.9568184121638 1.0234439373016357
244 1432.35732 1452.6581088000003 2013.5468982590492 1.0273959636688232
245 1432.35732 1453.5721207000001 1896.5961859281763 1.0313069820404053
246 1432.35732 1455.5013086000004 2168.975699879289 1.0352468490600586
247 1432.35732 1456.0166107999999 2458.1020715583527 1.039146900177002
248 1432.35732 1450.8575887000002 1830.253550150538 1.043158769607544
249 1432.35732 1448.9279885000003 1467.6386574492835 1.0470757484436035
The optimum value should be 1432.36

1432.35732 1.0509021282196045

-------------------------------------------------------------------------------------------------------------------------

ROUND 3:
Generation, best, average, variance, time(s)
0 7948.005690000001 9533.618005499999 776504.6905654025 0.0034601688385009766
1 3719.76708 9173.108950799999 987715.4645860838 0.00855398178100586
2 2193.3205399999997 7967.4207259999985 4085495.8987089167 0.013241291046142578
3 1648.721 6752.462296499999 6327486.442536383 0.01774311065673828
4 1633.94993 5306.221620400001 7042068.51844965 0.022407054901123047
5 1633.94993 4389.1655648 6984638.226212673 0.026809215545654297
6 1606.6131500000004 3625.6146305 5430696.099529153 0.03130197525024414
7 1606.6131500000004 3091.4399876999996 3700368.592062411 0.03563499450683594
8 1591.7773700000002 2796.833851300001 3328410.907317835 0.03995513916015625
9 1591.7773700000002 2473.8526594 2173117.5428030402 0.044164180755615234
10 1490.91626 2117.1448747 1114638.860960762 0.04825401306152344
11 1490.91626 1938.3639292 552904.847153209 0.05222320556640625
12 1480.3541499999997 1803.2856814999998 285097.80591827957 0.05613231658935547
13 1480.3541499999997 1718.7798222000001 215840.05965309835 0.060012102127075195
14 1468.43761 1664.4957948999997 189600.36003208943 0.06394410133361816
15 1456.60555 1613.2178302999998 140789.8810107726 0.06785321235656738
16 1456.60555 1597.7121475000001 131561.87282436286 0.07201528549194336
17 1456.60555 1585.7471542000003 132682.64069699807 0.07600116729736328
18 1456.60555 1551.6859437000003 91874.59932850048 0.0801999568939209
19 1456.60555 1527.5653379000005 68397.18980242913 0.08431601524353027
20 1456.60555 1518.2067966000002 68451.97714061066 0.08835005760192871
21 1456.60555 1516.1599943000006 68376.75696951941 0.09229326248168945
22 1456.60555 1484.9377168000003 11245.642062967732 0.09638094902038574
23 1456.60555 1489.5258647000003 11657.62572604652 0.10040712356567383
24 1456.60555 1489.3656747 11370.104047842724 0.10437512397766113
25 1432.35732 1486.1256321000005 4028.5288575640134 0.10831999778747559
26 1432.35732 1483.0009912 4059.034643304048 0.11229228973388672
27 1432.35732 1471.9407886000001 4113.4824806936995 0.11653423309326172
28 1432.35732 1461.6255287000001 2019.7574768209656 0.12047004699707031
29 1432.35732 1462.7697396000003 2145.4816714237304 0.12432599067687988
30 1432.35732 1462.5471986999996 2554.7382891203206 0.1282031536102295
31 1432.35732 1459.1308040000001 2191.782300728593 0.13213324546813965
32 1432.35732 1455.4569983000004 1915.432928389767 0.13618898391723633
33 1432.35732 1454.1140648 1998.8729531177617 0.1401360034942627
34 1432.35732 1458.7178264000001 2362.002698036906 0.14428234100341797
35 1432.35732 1457.4481582 2226.027304284206 0.14823317527770996
36 1432.35732 1450.8173477999999 1908.8619951286628 0.1522982120513916
37 1432.35732 1454.6140652000001 2185.912977196973 0.15618515014648438
38 1432.35732 1453.5115301 2209.7438392551385 0.16011714935302734
39 1432.35732 1453.0185832 1914.4336068337714 0.16412115097045898
40 1432.35732 1451.4890460000001 1724.6713974197698 0.16800713539123535
41 1432.35732 1455.2115469999999 2329.327151400538 0.17186737060546875
42 1432.35732 1453.3083262999999 2312.1915297006058 0.17571806907653809
43 1432.35732 1452.6877663999996 2041.9766168001795 0.17956829071044922
44 1432.35732 1452.8343025999995 1999.0799084968107 0.18334507942199707
45 1432.35732 1456.8675107 2384.844478853693 0.18728208541870117
46 1432.35732 1457.4536032 2520.9231714891775 0.19167709350585938
47 1432.35732 1452.6429924000001 1805.0195935423171 0.19553208351135254
48 1432.35732 1450.7330407000002 1842.111274887376 0.19982695579528809
49 1432.35732 1457.1238010000002 3106.278796683394 0.2041761875152588
50 1432.35732 1455.6258441 2650.7707478206758 0.20839405059814453
51 1432.35732 1455.2870688 2613.68714814447 0.21262598037719727
52 1432.35732 1449.6876427000002 1899.7356215015016 0.21673130989074707
53 1432.35732 1447.5288437000002 1461.0964769775376 0.22139501571655273
54 1432.35732 1449.8963459 1809.0297589808602 0.22538018226623535
55 1432.35732 1445.9606144000002 1436.1554735566335 0.22966718673706055
56 1432.35732 1449.0991414999999 1594.229688469993 0.23391222953796387
57 1432.35732 1443.3980417000002 878.0868296164508 0.23808908462524414
58 1432.35732 1444.9540485000002 1267.8412017769772 0.2420811653137207
59 1432.35732 1447.9162977000003 1444.7604386600124 0.24598932266235352
60 1432.35732 1447.3484474 2101.194472806621 0.24995803833007812
61 1432.35732 1444.5223172 1228.4070910313787 0.2539050579071045
62 1432.35732 1446.1290388 1373.1784817608045 0.2577972412109375
63 1432.35732 1452.0108485 1791.4956595220842 0.2617201805114746
64 1432.35732 1447.3898445 1313.0415317322093 0.26578688621520996
65 1432.35732 1449.3575042000002 1426.992784969411 0.2697470188140869
66 1432.35732 1451.1644703999998 1656.06464428868 0.27411913871765137
67 1432.35732 1447.6347185999996 1216.3445522178097 0.2781829833984375
68 1432.35732 1452.2830672 1831.7183683291628 0.2821829319000244
69 1432.35732 1452.2996763000003 1772.9678231326645 0.28623318672180176
70 1432.35732 1449.4404527000004 1579.3740239869558 0.2903099060058594
71 1432.35732 1447.4732872000004 1634.5832297464567 0.2945730686187744
72 1432.35732 1452.2305502000004 2122.3728099852046 0.2987179756164551
73 1432.35732 1455.3492304 2162.4882617161493 0.3028602600097656
74 1432.35732 1452.6278351 2483.5102463477833 0.3074932098388672
75 1432.35732 1448.7003732 1842.4904390637948 0.311582088470459
76 1432.35732 1451.6088844 2144.246814261623 0.31565022468566895
77 1432.35732 1452.8818417999998 2483.7769220171067 0.3197462558746338
78 1432.35732 1455.8086015 2662.037653029313 0.32384204864501953
79 1432.35732 1451.4907488 1911.0672170398402 0.3280141353607178
80 1432.35732 1443.7654008000004 1230.0925963762181 0.33205509185791016
81 1432.35732 1451.7782791999998 2334.527391913042 0.33621716499328613
82 1432.35732 1445.6148348 1530.3811957202033 0.34039306640625
83 1432.35732 1450.1846844999998 2262.1282251434154 0.3445851802825928
84 1432.35732 1447.7427774000003 1668.0147343915564 0.3488011360168457
85 1432.35732 1445.4604673000001 1245.4884602257955 0.3530151844024658
86 1432.35732 1447.4802063000002 1514.0438241158915 0.3571500778198242
87 1432.35732 1451.9937958 1905.185964811962 0.36129021644592285
88 1432.35732 1449.2965027000005 1607.434681730462 0.36540699005126953
89 1432.35732 1448.1225948000001 1786.4612489607064 0.36946702003479004
90 1432.35732 1444.9298953000002 1590.6152803816647 0.3735220432281494
91 1432.35732 1444.6181457000002 1573.0792443295584 0.3776431083679199
92 1432.35732 1444.2925380000001 1521.2036858437548 0.3818073272705078
93 1432.35732 1448.3350090000001 2081.847348269654 0.38573503494262695
94 1432.35732 1448.1417915000002 1534.9383303526906 0.38970112800598145
95 1432.35732 1450.2363759 1529.7961979299487 0.393679141998291
96 1432.35732 1452.1611817000003 1598.1206987779528 0.3978869915008545
97 1432.35732 1453.1787720000002 2274.507772404654 0.40314412117004395
98 1432.35732 1447.2664622000002 1254.8371199689484 0.40708303451538086
99 1432.35732 1445.8687687000001 1192.3095522882695 0.41141510009765625
100 1432.35732 1442.8285595000002 1145.2785845131689 0.41574525833129883
101 1432.35732 1448.1387268000003 1747.28005764331 0.4199490547180176
102 1432.35732 1451.0578564000002 2039.1015655599 0.4239649772644043
103 1432.35732 1448.9417599 1802.9070777895622 0.42792725563049316
104 1432.35732 1444.1074481 1180.3655213635757 0.4319171905517578
105 1432.35732 1445.2038425 1259.5400819746956 0.43593621253967285
106 1432.35732 1448.9404944999999 2143.7780106388827 0.4399881362915039
107 1432.35732 1449.1036370000004 1599.1611536189944 0.4440741539001465
108 1432.35732 1456.2748535000003 2594.8550668141734 0.4482440948486328
109 1432.35732 1447.8583062000002 1985.5215864965278 0.4525582790374756
110 1432.35732 1444.2560599 1407.7753649302613 0.4569380283355713
111 1432.35732 1449.4581946000003 1843.3619632645266 0.461590051651001
112 1432.35732 1444.4451324 1223.805333227419 0.46584105491638184
113 1432.35732 1446.5968325000003 1459.4772156921608 0.4699280261993408
114 1432.35732 1449.972422 1709.7566065795959 0.47396302223205566
115 1432.35732 1451.6268082000001 1846.5747698790537 0.4778780937194824
116 1432.35732 1448.5557215000001 1557.5565858070079 0.481781005859375
117 1432.35732 1448.4052793 1394.002132911414 0.4857001304626465
118 1432.35732 1451.6796222000005 2075.4089751517035 0.48951101303100586
119 1432.35732 1451.2355630000006 1881.5502013179564 0.4935340881347656
120 1432.35732 1443.7711671000004 1266.4581941305921 0.49747514724731445
121 1432.35732 1442.6601454000001 1121.35585717215 0.5013692378997803
122 1432.35732 1444.8533420000003 1260.2934681080399 0.5053191184997559
123 1432.35732 1449.3642386000001 1826.308485812608 0.5092391967773438
124 1432.35732 1457.0245257 2375.327953501208 0.5131499767303467
125 1432.35732 1454.2263647 2231.9406330969896 0.5171389579772949
126 1432.35732 1451.6268695000003 1934.4325477983791 0.5211551189422607
127 1432.35732 1452.2016073 2082.1528923744468 0.5252041816711426
128 1432.35732 1453.9805098 2105.172531161036 0.5291180610656738
129 1432.35732 1449.4981285000003 1934.19382400813 0.5331301689147949
130 1432.35732 1449.0250216 1623.4983603877488 0.5370681285858154
131 1432.35732 1452.7062344000003 1953.8966733192638 0.540837287902832
132 1432.35732 1444.7884600000002 1235.480104800196 0.5448052883148193
133 1432.35732 1454.2921334000002 2359.7252287638526 0.5486390590667725
134 1432.35732 1454.4611696000002 2377.8099172518846 0.5525813102722168
135 1432.35732 1453.6548755000001 2362.367878446405 0.5564382076263428
136 1432.35732 1460.6309281000001 3044.6612208402175 0.5603070259094238
137 1432.35732 1460.0693373000001 3363.0385451503257 0.5643260478973389
138 1432.35732 1458.76032 3083.6024505648984 0.5683021545410156
139 1432.35732 1451.0180126000005 2383.0160699038374 0.5720682144165039
140 1432.35732 1452.2172237000004 1974.1384726163876 0.5762372016906738
141 1432.35732 1453.6066064000001 2322.0192328525677 0.5803332328796387
142 1432.35732 1460.8135451000003 3737.9265869989244 0.5844061374664307
143 1432.35732 1456.5520910000005 2914.80629325708 0.58833909034729
144 1432.35732 1454.7138381 2837.2967607884075 0.5924422740936279
145 1432.35732 1455.4947860000002 2715.7786426330917 0.596555233001709
146 1432.35732 1451.2433533000003 2335.246663563731 0.6004953384399414
147 1432.35732 1450.6178623000003 2503.333254282445 0.6044690608978271
148 1432.35732 1450.2246834000002 2052.429515544147 0.608485221862793
149 1432.35732 1452.6236619000001 2334.723215000639 0.6124119758605957
150 1432.35732 1446.2735564000002 1765.1784273581434 0.6163022518157959
151 1432.35732 1447.8973664000002 1752.622424300594 0.6202661991119385
152 1432.35732 1449.6574623000001 1534.5921872248334 0.6242132186889648
153 1432.35732 1455.7219170000003 2666.9204864051662 0.6281731128692627
154 1432.35732 1450.5346843 1946.3299941170887 0.6321101188659668
155 1432.35732 1448.5249531 1465.1509533057924 0.6360189914703369
156 1432.35732 1449.8158391999998 1687.956135138236 0.6398942470550537
157 1432.35732 1449.8053479 1545.8269908763527 0.6437361240386963
158 1432.35732 1446.2051051999997 1444.1141913846632 0.6476671695709229
159 1432.35732 1441.5080038000003 1465.0076902766502 0.6516282558441162
160 1432.35732 1441.9273043000003 1220.8581567553986 0.6555452346801758
161 1432.35732 1445.0786049000003 1484.2378992133176 0.6594090461730957
162 1432.35732 1452.7197755000004 2157.4084702639657 0.6633191108703613
163 1432.35732 1444.2136251000004 1271.0594766234178 0.6672201156616211
164 1432.35732 1446.8538457 1374.9417567832515 0.6710400581359863
165 1432.35732 1445.7539654000002 1168.2357556024397 0.6748490333557129
166 1432.35732 1439.7079084 615.0062549944525 0.6788811683654785
167 1432.35732 1438.6560535000003 580.6288980236884 0.6829550266265869
168 1432.35732 1445.2943524000002 1310.8373961757557 0.6868801116943359
169 1432.35732 1447.6551386 1572.4814901465684 0.6907641887664795
170 1432.35732 1447.4777567 1614.2596582954873 0.6947381496429443
171 1432.35732 1448.7360526000002 1952.5298209911437 0.6987621784210205
172 1432.35732 1453.1837626000001 2346.949810920913 0.7026450634002686
173 1432.35732 1449.7479082 2265.0544695869376 0.7064840793609619
174 1432.35732 1448.0009442 2100.2236341211524 0.7104401588439941
175 1432.35732 1451.7169418000003 2481.199913182199 0.7144122123718262
176 1432.35732 1446.2893460999999 1527.7639282041014 0.7184913158416748
177 1432.35732 1455.0225778999998 2284.316626776003 0.7224531173706055
178 1432.35732 1450.1267070000001 1984.8179491096173 0.7263052463531494
179 1432.35732 1446.8192504 1677.6978939209957 0.730330228805542
180 1432.35732 1450.1245801 2052.1213444513937 0.734248161315918
181 1432.35732 1447.3812226999999 1487.8548602391159 0.7381300926208496
182 1432.35732 1445.4595951000001 1306.6238543269778 0.7420382499694824
183 1432.35732 1440.8987371999997 758.3180854689366 0.7460470199584961
184 1432.35732 1442.8803179000001 990.3315942603876 0.7499420642852783
185 1432.35732 1442.3151407 1260.742672202658 0.7538950443267822
186 1432.35732 1443.5124461 1271.0640138220008 0.7579081058502197
187 1432.35732 1446.5984400000002 1758.4746194088168 0.7619080543518066
188 1432.35732 1445.4425308 1344.8239743018523 0.7661051750183105
189 1432.35732 1444.5663237000003 1448.3841348455892 0.7699401378631592
190 1432.35732 1443.9598858 1594.7763462852058 0.7738430500030518
191 1432.35732 1443.0216864000004 1120.7898261546977 0.7777752876281738
192 1432.35732 1441.6316106999998 983.2478181386681 0.7816531658172607
193 1432.35732 1445.3640218 1309.3425140584632 0.7855291366577148
194 1432.35732 1443.7120241 906.7509426037359 0.7894511222839355
195 1432.35732 1445.4873793 1274.364177525783 0.7933461666107178
196 1432.35732 1449.2603347 1546.1849435528313 0.7971911430358887
197 1432.35732 1445.4018866 986.2096272322793 0.801016092300415
198 1432.35732 1446.8272204999996 1061.9483794515709 0.8048672676086426
199 1432.35732 1452.8604596000002 1956.3080043002146 0.8089210987091064
200 1432.35732 1446.1032687000004 1274.20782487307 0.8130812644958496
201 1432.35732 1447.8162858999997 1975.8973588919866 0.8170340061187744
202 1432.35732 1451.9933695000002 1977.106068746501 0.8207740783691406
203 1432.35732 1452.3050715000002 1865.123991828995 0.8249211311340332
204 1432.35732 1449.9630429 1611.3342459699227 0.8293180465698242
205 1432.35732 1450.294584 1619.149235457263 0.8333680629730225
206 1432.35732 1451.9430223000004 2033.7354289985926 0.8373880386352539
207 1432.35732 1453.2226259 2679.5913417925462 0.8414170742034912
208 1432.35732 1451.7659975 2780.034216514695 0.8454611301422119
209 1432.35732 1450.6531433000002 1978.0098352567304 0.8494341373443604
210 1432.35732 1448.4471197 1396.3526013726382 0.8535220623016357
211 1432.35732 1443.1000631000002 1503.9074701027107 0.857490062713623
212 1432.35732 1449.9476394 2142.5935654137297 0.8615312576293945
213 1432.35732 1448.9934272 1692.5836129540608 0.8654751777648926
214 1432.35732 1442.3859098 916.5398910924612 0.8694720268249512
215 1432.35732 1447.3164221000002 1281.7777252682117 0.8734321594238281
216 1432.35732 1444.6730727000001 1104.3089046733926 0.8772869110107422
217 1432.35732 1448.3952398 1904.8610420722048 0.8811342716217041
218 1432.35732 1446.7283451 1723.1092387171968 0.8850083351135254
219 1432.35732 1451.6250688999999 2256.234402958104 0.8888132572174072
220 1432.35732 1449.9239280000004 2017.9981677166202 0.8926091194152832
221 1432.35732 1443.8992976999998 1115.8055936043265 0.8965961933135986
222 1432.35732 1439.7484085000003 752.1232938386823 0.9005460739135742
223 1432.35732 1442.4818812 1082.2893858271004 0.9046080112457275
224 1432.35732 1444.1916008 1098.5175856347335 0.9085283279418945
225 1432.35732 1443.3785304000003 990.5161626304233 0.912534236907959
226 1432.35732 1451.882653 2083.020735734068 0.9164612293243408
227 1432.35732 1454.1472146 2514.469436471822 0.9203143119812012
228 1432.35732 1452.2145252000003 2550.882792516149 0.9241752624511719
229 1432.35732 1448.5623529000002 1679.7312541011127 0.9280500411987305
230 1432.35732 1448.8282779 1962.1231221880146 0.9320211410522461
231 1432.35732 1450.4918647000002 2129.602233364825 0.9359769821166992
232 1432.35732 1449.8599457999999 2493.9370941664056 0.9398002624511719
233 1432.35732 1443.6624544000003 969.8648635960925 0.9436743259429932
234 1432.35732 1444.1531834000002 980.7375614854151 0.9476931095123291
235 1432.35732 1446.5907222 1316.1190556383838 0.9515910148620605
236 1432.35732 1448.6411003000003 1574.0927934585798 0.9553952217102051
237 1432.35732 1443.6570288000003 1024.7474077706834 0.9592530727386475
238 1432.35732 1448.5801972000004 1410.0140245546372 0.9630041122436523
239 1432.35732 1448.6346892000001 1499.4912406774085 0.9669761657714844
240 1432.35732 1445.9953475000002 1355.7985030040138 0.9708311557769775
241 1432.35732 1448.0067677000002 1411.5700726012751 0.9747111797332764
242 1432.35732 1446.4306321000001 1390.195160322324 0.9786911010742188
243 1432.35732 1449.6746246 1710.695643773346 0.9826772212982178
244 1432.35732 1447.5294677000004 1629.0773436919035 0.9865121841430664
245 1432.35732 1447.1089384 1352.7629037345898 0.9906072616577148
246 1432.35732 1450.8410897000003 1961.1834396277256 0.9945611953735352
247 1432.35732 1448.4042193 1601.597424700669 0.9983780384063721
248 1432.35732 1447.7319699000002 1813.5514743089807 1.0026912689208984
249 1432.35732 1446.0609225 1474.7786437896436 1.0067410469055176
The optimum value should be 1432.36

1432.35732 1.0105831623077393

