INSTANCE: MO3

TOTAL GENERATION IS: 250

-------------------------------------------------------------------------------------------------------------------------

ROUND 1:
Generation, best, average, variance, time(s)
0 7592.52892 9953.4509986 902817.5782347778 0.0036401748657226562
1 2740.83251 9396.454489099999 1360203.1325986495 0.008980035781860352
2 2044.8853700000002 7621.4109722 5625852.99373871 0.013900041580200195
3 1832.40657 6064.528292899999 7807496.060101572 0.018862247467041016
4 1679.26633 4961.297970299999 7213818.498890809 0.023083209991455078
5 1679.26633 3989.2505309 5518224.388295635 0.027648210525512695
6 1679.26633 3489.8594584 4516500.139225995 0.031903982162475586
7 1679.26633 3138.3930939 3885905.8020137767 0.03620409965515137
8 1650.6821100000002 2722.3838536000003 2882593.7602827554 0.04044389724731445
9 1650.6821100000002 2427.6650314000003 2071636.6784406474 0.044489145278930664
10 1619.06422 2256.2440356 1701531.3166557297 0.048409223556518555
11 1619.06422 2077.002731 984880.4380853021 0.052451133728027344
12 1619.06422 1959.091184 626314.042623225 0.056922197341918945
13 1619.06422 1856.1560499 370695.8445136445 0.06121397018432617
14 1555.90216 1800.2001054 225004.1967928058 0.06540799140930176
15 1542.3729000000003 1769.0906728 198547.0554439495 0.06979012489318848
16 1542.3729000000003 1742.8242866 185328.96108919452 0.07417917251586914
17 1542.3729000000003 1735.3922344 176388.7114859214 0.07888007164001465
18 1542.3729000000003 1682.8704472 124774.45571321754 0.08315801620483398
19 1542.3729000000003 1626.1978334 49757.1775454046 0.08705425262451172
20 1542.3729000000003 1623.4376300000001 51164.411171929874 0.09101605415344238
21 1542.3729000000003 1605.1377790000001 23665.083359367232 0.09502410888671875
22 1542.3729000000003 1592.7715287 12803.907524880597 0.0990133285522461
23 1542.3729000000003 1578.6882791000003 7740.390703346539 0.10315132141113281
24 1542.3729000000003 1568.1963030999998 5947.957137010637 0.10730409622192383
25 1542.3729000000003 1571.2097285 6762.404939489494 0.11131501197814941
26 1542.3729000000003 1572.9129362999997 7299.309284229856 0.11531615257263184
27 1542.3729000000003 1565.2950450999997 6134.677256395011 0.11948513984680176
28 1542.3729000000003 1567.8374298 6911.942246669021 0.12333011627197266
29 1533.49192 1565.1154596 5550.567498299195 0.12741613388061523
30 1533.49192 1579.1800300999998 5959.459959129472 0.1313931941986084
31 1533.49192 1586.0635201999999 6931.737189100963 0.1353759765625
32 1533.09618 1572.0410951 2721.2795183097423 0.13938522338867188
33 1533.09618 1570.2166669000007 1820.6971012943366 0.1434481143951416
34 1533.09618 1571.3064693000001 2830.7901091832855 0.14737701416015625
35 1533.09618 1567.2637695 2865.627167505032 0.1513810157775879
36 1533.09618 1569.4087267000002 4182.4517786793385 0.15553903579711914
37 1533.09618 1559.6947936999998 3145.5415831959945 0.1596071720123291
38 1533.09618 1563.9080014 3032.3410890681275 0.16350126266479492
39 1533.09618 1559.2836368999997 3461.811984487036 0.16753411293029785
40 1533.09618 1564.0262024999997 5836.489623848293 0.17152118682861328
41 1533.09618 1564.8731879999998 6197.201265513889 0.17592716217041016
42 1533.09618 1557.7931422 2629.982673369782 0.17980122566223145
43 1533.09618 1555.0218163 2318.4957990504176 0.18372893333435059
44 1533.09618 1555.6293447999997 2551.5811570213764 0.1880810260772705
45 1533.09618 1555.229275 2230.050320264742 0.19247913360595703
46 1533.09618 1551.0137221999998 1769.5892501288838 0.19665002822875977
47 1533.09618 1547.7714614999998 1166.884188255105 0.20065999031066895
48 1533.09618 1553.5210316999999 2096.8546343867297 0.2046830654144287
49 1533.09618 1549.1043394999997 2065.7438967087846 0.20868420600891113
50 1533.09618 1556.6970479 2832.3746923421004 0.2126610279083252
51 1533.09618 1546.2900701 1389.9087865802492 0.21665120124816895
52 1533.09618 1545.8367449 1129.3298246836328 0.22063112258911133
53 1533.09618 1546.7695814 1333.334882995391 0.22464323043823242
54 1533.09618 1550.5125436999997 2147.1791454857766 0.22861313819885254
55 1533.09618 1552.8791156 1930.8683176468624 0.2325892448425293
56 1533.09618 1553.6248742999999 2068.084435194011 0.23640704154968262
57 1533.09618 1549.3286778 1644.356199214757 0.24015116691589355
58 1533.09618 1546.9760009 1749.4205403223032 0.24398493766784668
59 1533.09618 1543.2830394999996 1968.8147791693418 0.24784421920776367
60 1533.09618 1543.797412 2021.5031842375108 0.2516438961029053
61 1533.09618 1547.7988807 1481.721441379536 0.25543808937072754
62 1521.4727300000004 1552.0735837 1908.1644462053957 0.25923800468444824
63 1521.4727300000004 1551.7660661000004 2094.2455223483726 0.2630021572113037
64 1521.4727300000004 1550.5046316000005 1934.104329198818 0.2669498920440674
65 1521.4727300000004 1542.7878110000006 1323.181322381677 0.27083301544189453
66 1521.4727300000004 1542.7220616000004 1971.5755041534403 0.2747800350189209
67 1521.4727300000004 1542.5524183000005 2521.2291641499432 0.27863001823425293
68 1521.4727300000004 1548.6466951000004 3476.713364888829 0.2825160026550293
69 1521.4727300000004 1550.3069003000005 3342.734525065948 0.28653812408447266
70 1521.4727300000004 1540.9346052000008 2025.9679278373837 0.2904801368713379
71 1521.4727300000004 1543.6397001000007 2531.368862478046 0.29439711570739746
72 1521.4727300000004 1543.475465000001 2204.4974276207467 0.2982940673828125
73 1521.4727300000004 1546.0998829000007 2324.5991720971547 0.30229711532592773
74 1521.4727300000004 1541.758775000001 2419.012876074168 0.3063628673553467
75 1521.4727300000004 1541.3577477000006 1900.263955754707 0.310330867767334
76 1521.4727300000004 1544.5483943000008 2040.1030159048846 0.31407809257507324
77 1521.4727300000004 1538.8706550000009 1402.1263198244474 0.31784510612487793
78 1521.4727300000004 1541.8891691000006 1896.4572072479389 0.3216431140899658
79 1521.4727300000004 1537.697999300001 1686.4190099906693 0.3255040645599365
80 1521.4727300000004 1540.995554600001 2016.9894903992506 0.32933712005615234
81 1521.4727300000004 1545.6929446000008 2879.9518493147457 0.33326125144958496
82 1521.4727300000004 1542.2920048000008 2355.9521047422477 0.337238073348999
83 1521.4727300000004 1544.1675272000011 2739.9707687770965 0.3411571979522705
84 1521.4727300000004 1546.332918700001 2752.7039235972006 0.34508705139160156
85 1521.4727300000004 1549.111480000001 2457.424301069332 0.34894609451293945
86 1521.4727300000004 1541.013264100001 1759.2406614850875 0.35283899307250977
87 1521.4727300000004 1540.593859600001 1676.3190758180508 0.3566269874572754
88 1521.4727300000004 1534.5059001000004 1315.056273035493 0.3605930805206299
89 1521.4727300000004 1539.2760973000009 1747.236485529083 0.3645031452178955
90 1521.4727300000004 1539.851959600001 1901.0481905957429 0.36838603019714355
91 1521.4727300000004 1538.395358100001 1885.624757809518 0.37222933769226074
92 1521.4727300000004 1540.0133413000005 2550.3159005613697 0.3760960102081299
93 1521.4727300000004 1541.381593800001 2728.977202910404 0.38016605377197266
94 1521.4727300000004 1542.310824400001 2912.5982068615044 0.3841111660003662
95 1521.4727300000004 1548.007934700001 3417.2672434886795 0.38801002502441406
96 1521.4727300000004 1548.4948761000007 3252.421620348094 0.391895055770874
97 1521.4727300000004 1551.2601429000006 4292.624020578849 0.3956942558288574
98 1521.4727300000004 1553.0035691000005 4807.551031172291 0.3996710777282715
99 1521.4727300000004 1543.166257000001 3502.407355216398 0.4035782814025879
100 1521.4727300000004 1538.4345378000007 3701.4806409975013 0.40741991996765137
101 1521.4727300000004 1533.4076038000012 1208.9262628047832 0.41185593605041504
102 1521.4727300000004 1538.6224654000007 2011.1559086996879 0.41596388816833496
103 1521.4727300000004 1540.0226801000008 1664.4825508965241 0.42015695571899414
104 1521.4727300000004 1542.3890977000008 2371.927632394773 0.42429614067077637
105 1521.4727300000004 1540.9998824000006 2141.851505029994 0.4281911849975586
106 1521.4727300000004 1542.0317303000008 2498.4705572957623 0.43200206756591797
107 1521.4727300000004 1537.8168562000005 1516.7881980042107 0.4358689785003662
108 1521.4727300000004 1535.387380900001 1031.690535004988 0.4396841526031494
109 1521.4727300000004 1534.8825707000008 1391.8954728995209 0.44359517097473145
110 1521.4727300000004 1531.7025724000007 748.5589418522381 0.4473752975463867
111 1521.4727300000004 1533.0610018000007 1297.6095814448136 0.45122528076171875
112 1521.4727300000004 1536.7067229000008 2082.2465547877523 0.4552781581878662
113 1521.4727300000004 1538.4765905000008 1738.0284241324969 0.45911097526550293
114 1521.4727300000004 1538.4210110000013 1551.535948916273 0.46285510063171387
115 1521.4727300000004 1535.1987582000008 1218.608023534187 0.46666908264160156
116 1521.4727300000004 1534.926574200001 1176.9769440384837 0.47042322158813477
117 1521.4727300000004 1534.267043500001 1220.1813172809734 0.47426795959472656
118 1521.4727300000004 1536.6453278000006 1756.0285460505117 0.4780611991882324
119 1521.4727300000004 1539.9279297000007 2570.463011050496 0.48191308975219727
120 1521.4727300000004 1535.9583593000011 1583.224356212765 0.48571300506591797
121 1521.4727300000004 1536.332951000001 1913.595430102087 0.48960018157958984
122 1521.4727300000004 1535.1869711000008 1328.9410911862751 0.49362802505493164
123 1521.4727300000004 1537.953199500001 1696.7390594537774 0.49770188331604004
124 1521.4727300000004 1539.8169862000009 1721.8169748858775 0.5017821788787842
125 1521.4727300000004 1540.223143700001 1636.827456972839 0.5056719779968262
126 1521.4727300000004 1537.4618650000007 1424.5159612615953 0.509580135345459
127 1521.4727300000004 1541.9422202000005 2099.5325825144614 0.5134871006011963
128 1521.4727300000004 1538.0702978000004 1701.8222894567748 0.5174322128295898
129 1521.4727300000004 1542.248794800001 2256.246142802472 0.5212481021881104
130 1521.4727300000004 1537.2230536000009 1474.6199671143645 0.5250141620635986
131 1521.4727300000004 1542.804938800001 2807.2198988502296 0.5289642810821533
132 1521.4727300000004 1544.531669500001 2926.6782195421397 0.5328750610351562
133 1521.4727300000004 1546.7696987000008 3139.1662886206423 0.5367162227630615
134 1521.4727300000004 1544.9603495000008 2488.8815785203055 0.5405731201171875
135 1521.4727300000004 1539.986613000001 2146.2798934009593 0.5443201065063477
136 1521.4727300000004 1534.9613008000008 1387.1125809404655 0.5481290817260742
137 1521.4727300000004 1535.4095990000008 1463.1403459557107 0.552009105682373
138 1521.4727300000004 1543.4084772000008 2411.695811700197 0.5558459758758545
139 1521.4727300000004 1545.214959200001 2548.4432383255744 0.5596330165863037
140 1521.4727300000004 1539.122381100001 1743.8715545901985 0.5635061264038086
141 1521.4727300000004 1542.140796700001 2197.0083702427196 0.5674741268157959
142 1521.4727300000004 1545.1337928000005 2335.2216441303385 0.571439266204834
143 1521.4727300000004 1541.4071551000006 2007.9095394232709 0.5752711296081543
144 1521.4727300000004 1538.3694637000008 1582.8061401465043 0.579056978225708
145 1521.4727300000004 1539.2238332000009 1513.898624471581 0.5828402042388916
146 1521.4727300000004 1538.6453214000007 1576.5840248144714 0.586712121963501
147 1521.4727300000004 1541.3655636000008 1751.3765715023883 0.5905470848083496
148 1521.4727300000004 1539.918959700001 1924.8918380919145 0.5943710803985596
149 1521.4727300000004 1547.112375000001 2570.6806376932104 0.5981802940368652
150 1521.4727300000004 1539.091598600001 1561.291586818044 0.6019840240478516
151 1521.4727300000004 1536.262627500001 1314.6245947979035 0.6059420108795166
152 1521.4727300000004 1539.7318227000007 1551.0919714379997 0.6098661422729492
153 1521.4727300000004 1537.3052684000008 1229.7334668300794 0.6136682033538818
154 1521.4727300000004 1535.3747021000008 1271.2026421520363 0.6175220012664795
155 1521.4727300000004 1537.7877704000011 1509.3303412460457 0.6212313175201416
156 1521.4727300000004 1537.331546500001 1728.8300606073278 0.625075101852417
157 1521.4727300000004 1542.253713000001 2702.5631751197843 0.6287271976470947
158 1521.4727300000004 1539.2544932000008 1473.103660556549 0.6325690746307373
159 1521.4727300000004 1533.4582222000008 1049.713793629206 0.6363790035247803
160 1521.4727300000004 1532.925401600001 946.853107164382 0.6402299404144287
161 1521.4727300000004 1532.3366915000008 1066.2455801164265 0.6442470550537109
162 1521.4727300000004 1536.0615357000008 1717.7302008748995 0.6481742858886719
163 1521.4727300000004 1533.4504025000008 1570.1484314973643 0.6520581245422363
164 1521.4727300000004 1530.669409000001 934.2082693334908 0.6558260917663574
165 1521.4727300000004 1532.822876900001 1310.6741531475097 0.6595900058746338
166 1521.4727300000004 1531.319509900001 990.6742638903307 0.6634261608123779
167 1521.4727300000004 1534.070796300001 1298.8737073058078 0.6672041416168213
168 1521.4727300000004 1536.771820200001 1613.8837752584084 0.6710259914398193
169 1521.4727300000004 1532.660572900001 1188.614146290121 0.6748940944671631
170 1521.4727300000004 1535.1566348000008 1718.5301549364349 0.678865909576416
171 1521.4727300000004 1532.0085501000005 1605.1223895182723 0.6827771663665771
172 1521.4727300000004 1539.7027447000007 2508.410045103205 0.6866121292114258
173 1521.4727300000004 1541.7379836000007 2352.3436288629223 0.6904809474945068
174 1521.4727300000004 1545.6502720000008 2866.97055966458 0.6947782039642334
175 1521.4727300000004 1548.2199720000008 3187.6146105241364 0.698958158493042
176 1521.4727300000004 1550.7279696000007 3097.0135360244435 0.7033631801605225
177 1521.4727300000004 1543.6763444000005 2969.0845064755467 0.7074980735778809
178 1521.4727300000004 1539.8739743000012 1949.6991362333972 0.7116270065307617
179 1521.4727300000004 1536.1277838000012 1771.0604437700524 0.7161810398101807
180 1521.4727300000004 1537.929913500001 1801.0397109526039 0.7202849388122559
181 1521.4727300000004 1536.226320500001 1176.969284687192 0.7241699695587158
182 1521.4727300000004 1539.911143100001 1679.3999104671811 0.7279860973358154
183 1521.4727300000004 1539.8712506000008 1870.3542231413885 0.7318940162658691
184 1521.4727300000004 1539.319159700001 2041.491204170638 0.7358620166778564
185 1521.4727300000004 1536.6729756000007 1335.0390963613268 0.7398121356964111
186 1521.4727300000004 1539.9843681000011 1687.625637263732 0.7437670230865479
187 1521.4727300000004 1536.696861200001 1826.0189633434961 0.7477781772613525
188 1521.4727300000004 1540.9149979000008 1969.6063141916977 0.751798152923584
189 1521.4727300000004 1541.8359776000007 1840.2395195296601 0.7559430599212646
190 1521.4727300000004 1537.9978757000008 1474.9975462161383 0.7599320411682129
191 1521.4727300000004 1536.2237340000006 1312.5814596283963 0.7639539241790771
192 1521.4727300000004 1537.1897524000008 1378.8321055594433 0.7679202556610107
193 1521.4727300000004 1538.4955419000005 1392.376170063571 0.7718451023101807
194 1521.4727300000004 1538.5580587000004 1792.336378079062 0.7757701873779297
195 1521.4727300000004 1541.021179600001 2140.255975642606 0.7795782089233398
196 1521.4727300000004 1536.5706178000007 2008.430517508976 0.7834219932556152
197 1521.4727300000004 1535.559361600001 1628.2816164356182 0.7872731685638428
198 1521.4727300000004 1532.5341311000009 1330.5739999741438 0.7912740707397461
199 1521.4727300000004 1532.789082700001 1144.8665856357468 0.7951219081878662
200 1521.4727300000004 1535.973227200001 1429.0469670561888 0.7989552021026611
201 1521.4727300000004 1536.827665000001 1358.1902260825927 0.8027842044830322
202 1521.4727300000004 1532.449098900001 841.1519072454603 0.8066251277923584
203 1521.4727300000004 1532.8726195000008 803.4049301288125 0.8105051517486572
204 1521.4727300000004 1538.131919100001 1423.5314191635052 0.814345121383667
205 1521.4727300000004 1540.341977200001 1786.6845288367972 0.818169116973877
206 1521.4727300000004 1544.231955700001 2676.337218957939 0.8219499588012695
207 1521.4727300000004 1545.0098635000008 3307.1002545472047 0.8257102966308594
208 1521.4727300000004 1537.899118700001 1722.1300853281268 0.829725980758667
209 1521.4727300000004 1535.626723500001 1462.404451111377 0.8335320949554443
210 1521.4727300000004 1533.580320800001 1367.4629201641455 0.8373010158538818
211 1521.4727300000004 1536.7128243000009 1690.2330825380204 0.8411431312561035
212 1521.4727300000004 1540.234964600001 1939.1538044614665 0.845020055770874
213 1521.4727300000004 1535.841238300001 1556.5523289906473 0.8488330841064453
214 1521.4727300000004 1536.5275610000012 1714.4121132086013 0.8526091575622559
215 1521.4727300000004 1535.457480400001 1625.7763897247203 0.8563809394836426
216 1521.4727300000004 1535.8928788000007 1394.9945996253946 0.8601880073547363
217 1521.4727300000004 1532.5243033000008 1079.9058109966513 0.8639941215515137
218 1521.4727300000004 1535.246961600001 1109.3093113913133 0.867988109588623
219 1521.4727300000004 1536.7565320000008 1467.6714533807028 0.8718211650848389
220 1521.4727300000004 1537.4666489000008 1671.4484770580589 0.8756461143493652
221 1521.4727300000004 1537.9334158000006 1650.4662155359374 0.879425048828125
222 1521.4727300000004 1535.9831462000009 1356.344715148363 0.8832342624664307
223 1521.4727300000004 1534.391696600001 1150.7758998814438 0.8870611190795898
224 1521.4727300000004 1533.717113100001 1321.593279502529 0.8909299373626709
225 1521.4727300000004 1534.6207410000006 1166.25476917837 0.894758939743042
226 1521.4727300000004 1537.1933693000005 1100.1688280566639 0.8985850811004639
227 1521.4727300000004 1535.596661400001 1284.7638087604098 0.9025852680206299
228 1521.4727300000004 1535.6774248000008 1257.1148642859725 0.906541109085083
229 1521.4727300000004 1533.0931136000006 870.078355531333 0.9103302955627441
230 1521.4727300000004 1535.837739700001 1460.6862725155331 0.9145920276641846
231 1521.4727300000004 1529.824578300001 695.6191884752403 0.9187941551208496
232 1521.4727300000004 1536.987096700001 1547.853656574201 0.9227361679077148
233 1521.4727300000004 1537.6903245000008 1817.3606021825035 0.9267921447753906
234 1521.4727300000004 1540.4582549000008 2242.7025490350748 0.9305980205535889
235 1521.4727300000004 1534.9986612000012 2520.1609659760406 0.9348859786987305
236 1521.4727300000004 1538.831592600001 3310.6408373731606 0.939237117767334
237 1521.4727300000004 1550.4049328000008 4507.06513155482 0.9435341358184814
238 1521.4727300000004 1546.782899000001 3722.2218007856204 0.9476540088653564
239 1521.4727300000004 1543.125863400001 2509.337024704647 0.9516050815582275
240 1521.4727300000004 1543.6030109000008 2040.8920365667107 0.9555032253265381
241 1521.4727300000004 1539.1083708000008 1642.3011560452214 0.9594111442565918
242 1521.4727300000004 1546.1252240000008 2928.686897513207 0.9632940292358398
243 1521.4727300000004 1535.622148700001 1602.8890363323446 0.9671649932861328
244 1521.4727300000004 1536.2066647000008 1591.562359335689 0.9709880352020264
245 1521.4727300000004 1537.1876776000008 1557.5069768739654 0.9747991561889648
246 1521.4727300000004 1542.093072000001 2551.476911054673 0.9787571430206299
247 1521.4727300000004 1545.6441050000008 2975.327676047606 0.9827671051025391
248 1521.4727300000004 1547.1054610000006 3101.7251831195977 0.9866828918457031
249 1521.4727300000004 1547.2214131000007 2433.284930970002 0.9906229972839355
The optimum value should be 1516.77300

1521.4727300000004 0.9946188926696777

-------------------------------------------------------------------------------------------------------------------------

ROUND 2:
Generation, best, average, variance, time(s)
0 7427.58333 9840.7273791 931745.8616459296 0.003445148468017578
1 3510.81416 9178.933206400001 1072320.762227497 0.008475303649902344
2 2261.3213800000003 8194.8063688 3302203.387032736 0.013052940368652344
3 1818.1652599999998 6738.068805500001 6658313.140746899 0.017394065856933594
4 1724.36884 5323.067846999999 8112644.655224076 0.021620988845825195
5 1723.7532 4470.1252176 6181225.6568952985 0.025734901428222656
6 1580.5585400000002 3672.3475817999993 5472804.197828362 0.02984905242919922
7 1580.5585400000002 3195.9759808999997 4971755.996707048 0.03380894660949707
8 1580.5585400000002 2795.1884835 3475377.551138339 0.03778409957885742
9 1580.5585400000002 2444.7925620000005 2557461.2124955226 0.0418550968170166
10 1580.5585400000002 2302.9370715000005 2051323.4462128943 0.04581093788146973
11 1580.5585400000002 2152.7550883000004 1780370.7592058873 0.04965925216674805
12 1580.5585400000002 1980.4965988000001 921181.2342953813 0.05341315269470215
13 1580.5585400000002 1864.0319061 619749.285088066 0.05728316307067871
14 1580.5585400000002 1815.7601182 478944.9779331646 0.061042070388793945
15 1580.5585400000002 1746.5646961000002 249266.23735228265 0.06489300727844238
16 1580.5585400000002 1701.6470757000002 214431.25037606317 0.06875300407409668
17 1580.5585400000002 1688.8232056000002 196648.05317630596 0.07258820533752441
18 1532.6097300000001 1654.4730266000001 90722.18279309486 0.07647204399108887
19 1532.6097300000001 1616.4010500000002 22171.535070000566 0.08044600486755371
20 1532.6097300000001 1592.8285147 4756.05125315322 0.08442497253417969
21 1532.6097300000001 1585.2069927999996 4769.064034749046 0.08824825286865234
22 1532.6097300000001 1581.8534613000002 5065.524373708323 0.09205102920532227
23 1532.6097300000001 1569.9125119999999 3761.650382655463 0.0958700180053711
24 1532.6097300000001 1567.5367711 4050.414592855806 0.09972810745239258
25 1532.6097300000001 1558.8410833999997 2981.7227999902993 0.10351896286010742
26 1532.6097300000001 1559.7794806 3120.7251179835653 0.10726404190063477
27 1532.6097300000001 1567.4607440000002 3780.1068495747722 0.11112618446350098
28 1532.6097300000001 1561.2819263000001 3215.9063575152663 0.11496400833129883
29 1532.6097300000001 1552.0631203999997 2094.6645495403063 0.11893820762634277
30 1532.6097300000001 1551.8466419000001 2926.3165975295224 0.12278103828430176
31 1532.6097300000001 1554.0382031 2139.2455642622663 0.1266021728515625
32 1532.6097300000001 1550.7735058 1981.2341921435298 0.13042211532592773
33 1532.6097300000001 1551.7058246000001 2230.129389544692 0.1343092918395996
34 1532.6097300000001 1552.7916137000002 2140.625569542496 0.1381089687347412
35 1532.6097300000001 1555.3882207 2377.666314742013 0.14187407493591309
36 1532.6097300000001 1549.4379098 1869.3666823873393 0.1456162929534912
37 1532.6097300000001 1552.3222521 2194.890637855334 0.14935922622680664
38 1532.6097300000001 1549.0734733 1815.9205272713648 0.15320515632629395
39 1532.6097300000001 1543.0173369000001 1238.3484656086696 0.15711522102355957
40 1532.6097300000001 1541.9782789 1053.115258797708 0.16098713874816895
41 1532.6097300000001 1554.4100595 3267.972748714911 0.1648099422454834
42 1532.6097300000001 1551.3676353 2716.130937486051 0.16857600212097168
43 1532.6097300000001 1550.6531554 2872.56516332558 0.17229604721069336
44 1528.4660800000004 1546.9691165 2143.627719582233 0.17612814903259277
45 1528.4660800000004 1550.9244479000001 2370.275575695391 0.1799330711364746
46 1528.4660800000004 1546.6619732000004 1287.830746458764 0.1839890480041504
47 1528.4660800000004 1552.4968948000005 2061.442343615123 0.18819093704223633
48 1528.4660800000004 1550.7702743000004 1706.7009744005845 0.19241714477539062
49 1528.4660800000004 1554.2674668000004 2493.495482174485 0.19640398025512695
50 1528.4660800000004 1551.0440100000005 1844.8317493908698 0.20025014877319336
51 1528.4660800000004 1558.0061176000006 2926.1993827299452 0.20411920547485352
52 1528.4660800000004 1558.1600849000006 3055.7137351237425 0.20796489715576172
53 1528.4660800000004 1554.0901365000009 2866.5763405787848 0.21179819107055664
54 1521.4727300000004 1550.464016400001 2004.6371495444753 0.21564316749572754
55 1521.4727300000004 1549.6863648000005 2247.8743000127342 0.21950006484985352
56 1521.4727300000004 1540.6478163000004 1122.4313626669887 0.22336602210998535
57 1521.4727300000004 1542.3612900000007 2436.8564159725706 0.22727298736572266
58 1521.4727300000004 1542.9309182000009 2370.799917952081 0.23131704330444336
59 1521.4727300000004 1542.4688172000006 2617.9483039754577 0.23523211479187012
60 1521.4727300000004 1546.2835359000007 2179.424798506139 0.23900222778320312
61 1521.4727300000004 1542.2678790000004 1880.515599902061 0.24296307563781738
62 1521.4727300000004 1539.5636328000007 1759.6365581324592 0.2468111515045166
63 1521.4727300000004 1542.2645883000007 1817.0474932330644 0.2507181167602539
64 1521.4727300000004 1542.9847439000005 2204.8502053871566 0.25479912757873535
65 1521.4727300000004 1542.386035900001 2289.1070135673663 0.2587580680847168
66 1521.4727300000004 1540.441445200001 1978.063480059349 0.26258301734924316
67 1521.4727300000004 1535.223153700001 1380.1493856505579 0.2665591239929199
68 1521.4727300000004 1536.8383387000008 1493.0782155170878 0.27057528495788574
69 1521.4727300000004 1535.401888200001 1010.8318591730225 0.2744913101196289
70 1521.4727300000004 1536.901364200001 1171.514391355335 0.27834129333496094
71 1521.4727300000004 1540.3053159000008 1564.2995216397446 0.28220701217651367
72 1521.4727300000004 1536.7333934000012 1423.2829963256245 0.28617310523986816
73 1521.4727300000004 1538.354451800001 1597.2098849221254 0.2899661064147949
74 1521.4727300000004 1536.747238800001 1584.630737625626 0.293795108795166
75 1521.4727300000004 1538.4379964000007 2141.299781266894 0.29805588722229004
76 1521.4727300000004 1535.621622300001 1837.6928223099974 0.3022451400756836
77 1521.4727300000004 1537.387579300001 1781.0616171497352 0.30653810501098633
78 1521.4727300000004 1544.748063600001 3195.6767135647538 0.3107120990753174
79 1521.4727300000004 1543.165707300001 2724.7104132642794 0.3145711421966553
80 1521.4727300000004 1547.6670679000008 3121.0532192677706 0.3189089298248291
81 1521.4727300000004 1540.733868800001 1995.821338484385 0.322983980178833
82 1521.4727300000004 1543.943793500001 2415.469783954605 0.32697606086730957
83 1521.4727300000004 1540.571100600001 1737.1471574687719 0.33086204528808594
84 1521.4727300000004 1541.2772647000008 1683.1002962779332 0.3347280025482178
85 1521.4727300000004 1537.912221600001 1848.3479325522806 0.338547945022583
86 1521.4727300000004 1541.9576794000009 2882.297420333329 0.34258317947387695
87 1521.4727300000004 1543.629895900001 2900.548702372093 0.346545934677124
88 1521.4727300000004 1540.359901500001 1641.7642053175653 0.3503549098968506
89 1521.4727300000004 1534.5043899000011 1360.9386974484794 0.35416197776794434
90 1521.4727300000004 1536.634722300001 1643.178135023913 0.35796093940734863
91 1521.4727300000004 1541.5476390000008 2104.4996430364276 0.3619511127471924
92 1521.4727300000004 1538.8040188000007 1728.0017135309445 0.3661041259765625
93 1521.4727300000004 1540.6480239000005 1895.2586178626113 0.3701162338256836
94 1521.4727300000004 1537.269966600001 1126.4093118474818 0.3740811347961426
95 1521.4727300000004 1539.288076800001 1291.4273656676771 0.37805604934692383
96 1521.4727300000004 1538.7643022000009 1280.9509962070683 0.3820381164550781
97 1521.4727300000004 1541.4851627000007 1684.0668326504913 0.385911226272583
98 1521.4727300000004 1538.501662900001 1384.3266160647825 0.38966822624206543
99 1521.4727300000004 1536.8436799000012 1411.1965687565305 0.39348506927490234
100 1521.4727300000004 1537.934704400001 1892.4636854400183 0.39727210998535156
101 1521.4727300000004 1543.1867430000011 2365.0410989727966 0.40108489990234375
102 1521.4727300000004 1538.8174725000008 1492.5680989499417 0.4050581455230713
103 1521.4727300000004 1541.409546600001 1781.3234340765537 0.40894412994384766
104 1516.7730000000001 1544.568638600001 1792.789547788572 0.41281890869140625
105 1516.7730000000001 1545.6793581000009 1568.2248841201406 0.4167790412902832
106 1516.7730000000001 1541.7747924000007 1674.3448842844007 0.42081522941589355
107 1516.7730000000001 1545.2179228000005 2053.61484047347 0.42463111877441406
108 1516.7730000000001 1543.9973715000003 2243.828817077095 0.42845797538757324
109 1516.7730000000001 1544.571342 2796.8846797489923 0.4322319030761719
110 1516.7730000000001 1538.8986860000002 1760.4524685202557 0.4360520839691162
111 1516.7730000000001 1540.1583296 1942.0471283450825 0.4400041103363037
112 1516.7730000000001 1540.9791575 2130.14004372383 0.4437539577484131
113 1516.7730000000001 1544.4680998999997 2899.486639486804 0.44765710830688477
114 1516.7730000000001 1532.9981461999998 1506.9499894711605 0.45165205001831055
115 1516.7730000000001 1534.9752534999998 2011.9419942619688 0.45565223693847656
116 1516.7730000000001 1535.6749445 2106.5970314482024 0.45955991744995117
117 1516.7730000000001 1535.8882598 1628.03120439289 0.4633779525756836
118 1516.7730000000001 1539.794017 2074.3889579284983 0.4670741558074951
119 1516.7730000000001 1538.1002284999997 2222.0811194561034 0.4708261489868164
120 1516.7730000000001 1535.1509300000002 1608.1132213857315 0.474545955657959
121 1516.7730000000001 1529.8300827000003 1169.9578455957048 0.47828102111816406
122 1516.7730000000001 1535.7905221000003 1915.7633408228846 0.4820981025695801
123 1516.7730000000001 1535.8178049 2069.847287890906 0.48584604263305664
124 1516.7730000000001 1539.4023053000003 2242.337530258553 0.4896671772003174
125 1516.7730000000001 1531.5638146000001 1334.0136051427583 0.49359893798828125
126 1516.7730000000001 1531.054028 1556.7768848907197 0.497420072555542
127 1516.7730000000001 1538.9196230999996 3042.1072100856063 0.5012402534484863
128 1516.7730000000001 1532.1212581999998 2000.7028697210196 0.5050170421600342
129 1516.7730000000001 1529.5874803999998 1458.9294614390033 0.5088541507720947
130 1516.7730000000001 1528.7486851 1194.5300846875298 0.5126399993896484
131 1516.7730000000001 1529.9507187 1084.8771789379082 0.5164570808410645
132 1516.7730000000001 1536.1998744 1872.3486961349988 0.520272970199585
133 1516.7730000000001 1532.1446756999999 1508.447011396266 0.5240981578826904
134 1516.7730000000001 1536.0833851 1861.225655588159 0.5279700756072998
135 1516.7730000000001 1535.5615887 1975.4864441128414 0.5318310260772705
136 1516.7730000000001 1535.8594498999998 2577.9064325517134 0.5356431007385254
137 1516.7730000000001 1531.4546479 1408.3040621441617 0.539351224899292
138 1516.7730000000001 1538.5067676 3096.004684656139 0.5431492328643799
139 1516.7730000000001 1531.2857697 2204.8201318898905 0.5468881130218506
140 1516.7730000000001 1533.2808524 1970.166065591396 0.5507581233978271
141 1516.7730000000001 1533.3290108 1931.24855881971 0.5545852184295654
142 1516.7730000000001 1528.8554855 1140.0337408189225 0.5583329200744629
143 1516.7730000000001 1531.2540368 1305.2839159223056 0.5620741844177246
144 1516.7730000000001 1533.8067452999999 1683.2254547722353 0.5659430027008057
145 1516.7730000000001 1532.9262188 1958.596736738662 0.5699310302734375
146 1516.7730000000001 1530.3593639999997 2015.08835971215 0.5738551616668701
147 1516.7730000000001 1528.7848466999997 1962.5194409951284 0.5776321887969971
148 1516.7730000000001 1528.9896976999996 1449.3944294895493 0.5814089775085449
149 1516.7730000000001 1532.3617994999995 1320.492633123858 0.585319995880127
150 1516.7730000000001 1534.8012163999997 1678.9084739360221 0.5893480777740479
151 1516.7730000000001 1531.9781762999999 1437.5792472439655 0.5933551788330078
152 1516.7730000000001 1529.1325403999997 1143.1967130117898 0.5972490310668945
153 1516.7730000000001 1527.6223287999999 1432.9125365616553 0.6010451316833496
154 1516.7730000000001 1530.5304984 1425.7556272994093 0.6050512790679932
155 1516.7730000000001 1531.8434632999997 2139.7025423304394 0.6088681221008301
156 1516.7730000000001 1538.9890222 2940.083464077362 0.6126751899719238
157 1516.7730000000001 1535.6623349 1772.8969669986518 0.6165211200714111
158 1516.7730000000001 1531.6573657000001 1573.1932284171867 0.6203839778900146
159 1516.7730000000001 1533.9937542999999 1777.091830292826 0.6241862773895264
160 1516.7730000000001 1530.7031204999998 1505.8775128581876 0.6280388832092285
161 1516.7730000000001 1530.6636213 1625.2690719102043 0.6317720413208008
162 1516.7730000000001 1536.3251327 2604.5605514500103 0.6355781555175781
163 1516.7730000000001 1540.8279616 2664.0452495546424 0.6394040584564209
164 1516.7730000000001 1538.6486082000004 2208.6211446621437 0.6435401439666748
165 1516.7730000000001 1541.4401976999998 2477.3132458357913 0.647489070892334
166 1516.7730000000001 1533.5666371 1666.5214825795456 0.6513819694519043
167 1516.7730000000001 1530.1168847 1321.3012018385866 0.6552131175994873
168 1516.7730000000001 1527.5969912999997 998.3744718370676 0.6589992046356201
169 1516.7730000000001 1534.1975892 1815.0473749415542 0.6630079746246338
170 1516.7730000000001 1538.8686744 2453.7090429032532 0.6669461727142334
171 1516.7730000000001 1535.2783912 1820.2446883352914 0.6707682609558105
172 1516.7730000000001 1534.4665678 1985.9526766229444 0.6747159957885742
173 1516.7730000000001 1537.764342 2625.64223946811 0.6787919998168945
174 1516.7730000000001 1530.9346719 1237.163619075067 0.6831040382385254
175 1516.7730000000001 1534.5852553000002 1557.103022142938 0.6871991157531738
176 1516.7730000000001 1533.9015123000001 1850.27655146398 0.6912200450897217
177 1516.7730000000001 1531.4020633000002 1417.0715691363753 0.6952080726623535
178 1516.7730000000001 1534.0900258 1953.020195452676 0.699181079864502
179 1516.7730000000001 1536.9152385999998 2049.8726118736568 0.7032063007354736
180 1516.7730000000001 1531.105712 1444.0850199639412 0.7072100639343262
181 1516.7730000000001 1528.28036 1047.1132866885132 0.7111721038818359
182 1516.7730000000001 1533.9066866 1694.7952037734858 0.715203046798706
183 1516.7730000000001 1529.1627505999998 1216.8529490240785 0.7194511890411377
184 1516.7730000000001 1537.9338791999999 2266.826022954278 0.7234439849853516
185 1516.7730000000001 1538.4270437 2289.832271447968 0.7272992134094238
186 1516.7730000000001 1541.9553464 2764.264746989385 0.7310421466827393
187 1516.7730000000001 1541.8761172 2943.6631178439966 0.7348222732543945
188 1516.7730000000001 1534.2366321999998 1846.0686496467931 0.7385342121124268
189 1516.7730000000001 1527.4773537 1124.2409265718538 0.7423350811004639
190 1516.7730000000001 1534.1759710999997 2228.058645309398 0.7460911273956299
191 1516.7730000000001 1536.4974751999998 2786.2028578964355 0.7498281002044678
192 1516.7730000000001 1535.9049968999998 2669.9231415829267 0.7536780834197998
193 1516.7730000000001 1534.2709845999998 1774.05639099189 0.7575681209564209
194 1516.7730000000001 1531.7569592999998 1467.13123717962 0.761415958404541
195 1516.7730000000001 1533.1961310000002 1968.4497266241153 0.7652642726898193
196 1516.7730000000001 1532.4582512 2033.2335730788548 0.7690010070800781
197 1516.7730000000001 1538.3744563999999 2613.594682244615 0.77276611328125
198 1516.7730000000001 1535.7787855999998 2176.579682122904 0.776536226272583
199 1516.7730000000001 1540.6141893 2380.272160464816 0.7802402973175049
200 1516.7730000000001 1537.2838674 2365.911133930077 0.7839651107788086
201 1516.7730000000001 1531.8888824999997 1827.9560926068805 0.7876920700073242
202 1516.7730000000001 1534.5047227999999 2323.293777735342 0.7914590835571289
203 1516.7730000000001 1528.5070419999997 1753.3272297005203 0.7953553199768066
204 1516.7730000000001 1524.2685840999998 895.9179764812266 0.7991960048675537
205 1516.7730000000001 1524.0374141000002 770.0466093675473 0.8029811382293701
206 1516.7730000000001 1534.7277592999997 1772.3937784527848 0.8067920207977295
207 1516.7730000000001 1536.7692997999995 1946.3685798450288 0.8105449676513672
208 1516.7730000000001 1536.6489739999995 2137.4718260358177 0.8143019676208496
209 1516.7730000000001 1529.2341871999995 1364.8478958484902 0.8181109428405762
210 1516.7730000000001 1532.8236565 1580.5423339471354 0.821958065032959
211 1516.7730000000001 1536.7163676 2062.839461056326 0.8257999420166016
212 1516.7730000000001 1535.1264378999997 2554.9203330561877 0.8296470642089844
213 1516.7730000000001 1535.0481475 3189.250168440811 0.8335831165313721
214 1516.7730000000001 1528.2851015 1003.4066198677033 0.8374142646789551
215 1516.7730000000001 1532.5522318 1350.0376886255326 0.8411471843719482
216 1516.7730000000001 1529.2979837999999 1216.5163607741636 0.8450219631195068
217 1516.7730000000001 1528.3725123999998 849.3698333945034 0.8488452434539795
218 1516.7730000000001 1526.439472 870.5495611344875 0.8526771068572998
219 1516.7730000000001 1532.6474535000002 1583.6270988746965 0.856564998626709
220 1516.7730000000001 1532.6504112 2113.9847832105283 0.8604049682617188
221 1516.7730000000001 1528.5449416000001 1521.1137109273159 0.8642270565032959
222 1516.7730000000001 1530.5787838999997 1767.6914314719284 0.868048906326294
223 1516.7730000000001 1532.7063913 1729.461368650467 0.872185230255127
224 1516.7730000000001 1533.9313727 1688.0921351344348 0.8761460781097412
225 1516.7730000000001 1536.4555357 1995.3675290703584 0.8798789978027344
226 1516.7730000000001 1539.7544011999998 2431.309863613531 0.8836522102355957
227 1516.7730000000001 1535.5674015 2028.839096992871 0.8874151706695557
228 1516.7730000000001 1536.8439882999999 2233.115353833299 0.8911631107330322
229 1516.7730000000001 1530.7461463999996 1370.7266924731762 0.8949630260467529
230 1516.7730000000001 1523.956021 635.1142514262848 0.8986420631408691
231 1516.7730000000001 1526.8760768999998 936.8855776568009 0.9024720191955566
232 1516.7730000000001 1530.4434498 1488.363768095127 0.9062709808349609
233 1516.7730000000001 1536.5517356999999 2390.607196397774 0.9102542400360107
234 1516.7730000000001 1532.4192735 1761.9524392670658 0.9140610694885254
235 1516.7730000000001 1530.1407301999998 1147.0343064672752 0.917896032333374
236 1516.7730000000001 1527.2715937999997 743.8988045248857 0.921673059463501
237 1516.7730000000001 1529.7227191999998 1576.1787604508409 0.9255392551422119
238 1516.7730000000001 1525.3524834 760.5451862939573 0.9292991161346436
239 1516.7730000000001 1526.8671472999997 815.0308264027932 0.9330933094024658
240 1516.7730000000001 1529.8139668000001 1136.5280825377174 0.9369122982025146
241 1516.7730000000001 1532.0560733999998 1261.078597848582 0.9406452178955078
242 1516.7730000000001 1536.1330877 2192.1870087196444 0.9446620941162109
243 1516.7730000000001 1534.4778914 1841.9226494937873 0.9488801956176758
244 1516.7730000000001 1537.3694636999999 2469.164388966218 0.952869176864624
245 1516.7730000000001 1536.5107295999996 1969.5603616992125 0.9568052291870117
246 1516.7730000000001 1542.6023421999998 2749.321216451039 0.9607832431793213
247 1516.7730000000001 1537.7055575 2247.0423031762243 0.964771032333374
248 1516.7730000000001 1534.6696460000003 1764.4990744574002 0.968670129776001
249 1516.7730000000001 1535.3904020999998 2359.7063887420877 0.9728362560272217
The optimum value should be 1516.77300

1516.7730000000001 0.9766230583190918

-------------------------------------------------------------------------------------------------------------------------

ROUND 3:
Generation, best, average, variance, time(s)
0 7149.331690000001 10087.047916500002 893019.0872172704 0.003651142120361328
1 2756.5465700000004 9533.0472667 1495772.2187185923 0.008803844451904297
2 2324.9799000000003 7664.530783699999 8349211.62730361 0.01346588134765625
3 1884.0183800000002 6290.117867599999 8980858.00217074 0.01793694496154785
4 1776.26224 4974.187618 8586463.557905126 0.02215886116027832
5 1714.43827 4341.210940000001 7165470.581141155 0.02636098861694336
6 1714.43827 3372.0835115 4712111.171811906 0.03048419952392578
7 1680.2101499999999 2886.6225067000005 3265654.5612213244 0.034612178802490234
8 1625.98166 2570.244183 2336475.806117119 0.03867197036743164
9 1623.7847399999996 2336.12839 1666518.1859523773 0.04277205467224121
10 1582.1344800000002 2209.6981377999996 1210140.5171146353 0.0467221736907959
11 1516.7730000000001 2095.6030568999995 1014377.6709278953 0.050562143325805664
12 1516.7730000000001 2031.0583742999997 893468.8754898963 0.054377079010009766
13 1516.7730000000001 1841.3594758000002 374514.64740086475 0.05822014808654785
14 1516.7730000000001 1798.1174734 317719.51081862004 0.06206107139587402
15 1516.7730000000001 1749.5182900999998 302820.78533569595 0.06587409973144531
16 1516.7730000000001 1720.1797788999997 274532.8428026417 0.06969928741455078
17 1516.7730000000001 1693.9766386999995 219903.27637385356 0.07357287406921387
18 1516.7730000000001 1647.5837506999999 155876.41446527527 0.07755708694458008
19 1516.7730000000001 1634.4336597 149191.22918628363 0.08152508735656738
20 1516.7730000000001 1622.8501699 141777.01928787722 0.08550524711608887
21 1516.7730000000001 1615.518157 132313.22720048338 0.08929109573364258
22 1516.7730000000001 1604.7226489 125569.19195349375 0.0931401252746582
23 1516.7730000000001 1584.7239640999999 117650.65008868798 0.09692597389221191
24 1516.7730000000001 1580.0672241 117620.47074090492 0.10071802139282227
25 1516.7730000000001 1582.4510913 117721.29660224933 0.10457301139831543
26 1516.7730000000001 1566.6706044999999 123873.30324757325 0.10847592353820801
27 1516.7730000000001 1539.2113629 3466.879142334652 0.1123800277709961
28 1516.7730000000001 1533.9279006999998 3211.2658213750237 0.11640000343322754
29 1516.7730000000001 1537.9578528999998 2605.176576666705 0.12033319473266602
30 1516.7730000000001 1528.9769445999998 1269.4825264326996 0.12414407730102539
31 1516.7730000000001 1529.0248254 1505.9844460542206 0.12795805931091309
32 1516.7730000000001 1531.0542591999997 1817.422974473142 0.13176608085632324
33 1516.7730000000001 1532.4524766 1862.4437042690024 0.13556694984436035
34 1516.7730000000001 1529.9074705 1995.3969215764391 0.1393899917602539
35 1516.7730000000001 1530.8714056 2282.2559844607304 0.14314603805541992
36 1516.7730000000001 1527.2349531999998 1122.9708132108885 0.14693307876586914
37 1516.7730000000001 1529.4684521999998 1627.1878761824655 0.1506938934326172
38 1516.7730000000001 1526.2360258999997 1104.7385533945492 0.15456604957580566
39 1516.7730000000001 1531.8334499999996 1569.738379388482 0.1583409309387207
40 1516.7730000000001 1531.0309019 1375.010700975682 0.16208124160766602
41 1516.7730000000001 1530.9475548 1405.5319281177183 0.1659259796142578
42 1516.7730000000001 1532.0846617 1855.6776109097075 0.16983604431152344
43 1516.7730000000001 1535.9695849 2405.2325260445173 0.17370104789733887
44 1516.7730000000001 1534.4717821 2342.8054531076527 0.17760324478149414
45 1516.7730000000001 1533.7558926000002 2023.555999723066 0.18159914016723633
46 1516.7730000000001 1532.7472770999998 1905.2437728729578 0.18544387817382812
47 1516.7730000000001 1531.1920947 1583.0831871343946 0.1892402172088623
48 1516.7730000000001 1529.2159548000002 1498.2052556561164 0.19324398040771484
49 1516.7730000000001 1535.5019341 2300.0581118771906 0.19705605506896973
50 1516.7730000000001 1539.6506799000003 2513.3579159528817 0.20081305503845215
51 1516.7730000000001 1536.3410365 2394.9339014777343 0.20464706420898438
52 1516.7730000000001 1530.7218432 1784.9033207677476 0.20847225189208984
53 1516.7730000000001 1536.4088510999998 2143.0863980946497 0.21218204498291016
54 1516.7730000000001 1533.9296005999997 1926.6701084371575 0.21594905853271484
55 1516.7730000000001 1535.3964636999997 2147.4674964350233 0.21982502937316895
56 1516.7730000000001 1533.3745967999996 2311.067360061606 0.22369909286499023
57 1516.7730000000001 1525.511002 773.067840935479 0.2275230884552002
58 1516.7730000000001 1525.1888576999997 948.4575837205289 0.23133611679077148
59 1516.7730000000001 1527.6593040999996 1069.5605204880653 0.23505806922912598
60 1516.7730000000001 1529.0802071999997 1129.043213209372 0.238861083984375
61 1516.7730000000001 1528.0685700999998 1161.1908730905132 0.24257397651672363
62 1516.7730000000001 1532.8987356999999 2242.9853518949285 0.24635100364685059
63 1516.7730000000001 1533.6319363999999 2475.95011961041 0.2500300407409668
64 1516.7730000000001 1529.6755718 1384.5558806327856 0.2538330554962158
65 1516.7730000000001 1531.105171 1628.4087185299663 0.25757813453674316
66 1516.7730000000001 1532.5651859 1862.9237104807987 0.26134514808654785
67 1516.7730000000001 1539.7674183999998 2508.6334525327347 0.2652130126953125
68 1516.7730000000001 1540.0915549999997 2641.116732490925 0.26914310455322266
69 1516.7730000000001 1527.4657127999997 1269.5064966953817 0.27301788330078125
70 1516.7730000000001 1530.2118586 1479.2088864241719 0.2767930030822754
71 1516.7730000000001 1531.5493491999996 1683.0763281773893 0.28057193756103516
72 1516.7730000000001 1526.0126785999996 1024.982213828219 0.284365177154541
73 1516.7730000000001 1528.0070822999999 1391.7416913369896 0.2881760597229004
74 1516.7730000000001 1527.4017321 1097.786727459674 0.29186201095581055
75 1516.7730000000001 1533.4191374 1942.0300790677325 0.2956371307373047
76 1516.7730000000001 1532.4824641999999 1992.4195395644388 0.2993311882019043
77 1516.7730000000001 1527.0221594999998 1238.2875841763293 0.30304694175720215
78 1516.7730000000001 1525.7913761 959.862771913434 0.30701398849487305
79 1516.7730000000001 1528.4864325999997 1322.5047218106838 0.3108031749725342
80 1516.7730000000001 1539.3982684 3021.4093893604136 0.31452202796936035
81 1516.7730000000001 1541.471412 3426.2736054765573 0.3182699680328369
82 1516.7730000000001 1538.7255114000002 3113.4464347757084 0.32200002670288086
83 1516.7730000000001 1538.7718525999999 3436.9740934105694 0.32575011253356934
84 1516.7730000000001 1538.2639637999998 2636.9130859805214 0.3294539451599121
85 1516.7730000000001 1538.8991502000001 2752.8971614013817 0.3332650661468506
86 1516.7730000000001 1533.4884223000001 2103.139376788045 0.33707499504089355
87 1516.7730000000001 1534.6445703 2211.0028262015003 0.3407449722290039
88 1516.7730000000001 1536.3047619 1944.7881957223235 0.34467220306396484
89 1516.7730000000001 1535.9548765 2019.399522538078 0.3485541343688965
90 1516.7730000000001 1534.4739393 1880.6502155470635 0.352431058883667
91 1516.7730000000001 1533.2705481 1577.0274144213035 0.3561570644378662
92 1516.7730000000001 1530.0275818 1546.2914204786734 0.3599891662597656
93 1516.7730000000001 1529.2807398000002 1489.4854295592356 0.3637681007385254
94 1516.7730000000001 1528.0723475 1503.399070599259 0.3675978183746338
95 1516.7730000000001 1523.5656491000002 667.5169532568526 0.37135910987854004
96 1516.7730000000001 1525.791972 945.7331240532517 0.375244140625
97 1516.7730000000001 1526.8554692999999 1108.4353581864311 0.37909698486328125
98 1516.7730000000001 1530.2761526999998 1207.6492730742964 0.38303494453430176
99 1516.7730000000001 1527.7711143 1083.0412239508057 0.38690805435180664
100 1516.7730000000001 1534.1972269 1883.7285385410023 0.3906590938568115
101 1516.7730000000001 1528.0640700000001 1197.4639286728625 0.394442081451416
102 1516.7730000000001 1528.0967008 1238.6984827204108 0.39821290969848633
103 1516.7730000000001 1529.5727859999997 1615.128727932151 0.40198802947998047
104 1516.7730000000001 1532.9277869 2006.0034913258453 0.40594911575317383
105 1516.7730000000001 1534.9843111999999 2310.9935721637794 0.4098188877105713
106 1516.7730000000001 1531.8566505999997 1691.9392032057801 0.413621187210083
107 1516.7730000000001 1536.923092 2181.345822975935 0.4174611568450928
108 1516.7730000000001 1529.2459698999999 1448.5555967744194 0.4212760925292969
109 1516.7730000000001 1526.0834083 1091.9702768585487 0.42505621910095215
110 1516.7730000000001 1524.769697 797.232908216516 0.4288060665130615
111 1516.7730000000001 1529.114005 1387.405328098065 0.43254995346069336
112 1516.7730000000001 1536.0980063000002 2295.06626892265 0.4363129138946533
113 1516.7730000000001 1537.2177878000002 2264.9725858017373 0.4400479793548584
114 1516.7730000000001 1541.7865054000001 2758.2602088943427 0.4438202381134033
115 1516.7730000000001 1541.5429637 2642.8014870574902 0.4476308822631836
116 1516.7730000000001 1539.4149183 2828.6597302376845 0.4515340328216553
117 1516.7730000000001 1538.6466797999997 2740.9224163791073 0.4554870128631592
118 1516.7730000000001 1538.9425735 3249.9260720263906 0.45940685272216797
119 1516.7730000000001 1534.7484297 3357.9447283588584 0.46324896812438965
120 1516.7730000000001 1531.3617043000004 1599.422183340729 0.4670522212982178
121 1516.7730000000001 1534.6465287 2240.2505570338 0.4707942008972168
122 1516.7730000000001 1533.2732982000002 1818.25120334456 0.4746840000152588
123 1516.7730000000001 1532.9975673 1797.153805144891 0.4784889221191406
124 1516.7730000000001 1524.412166 958.1333994246687 0.4822962284088135
125 1516.7730000000001 1529.4607131 1756.979937971977 0.4861471652984619
126 1516.7730000000001 1527.1681343 1607.410702296546 0.4899590015411377
127 1516.7730000000001 1528.8404945999998 1653.397464941386 0.49391913414001465
128 1516.7730000000001 1533.4133990999999 2496.9824450904443 0.49773502349853516
129 1516.7730000000001 1533.9465975000003 2304.203580523493 0.5015890598297119
130 1516.7730000000001 1533.8897895999999 1797.1141274319543 0.5054061412811279
131 1516.7730000000001 1530.7927330999999 1518.915616292528 0.5092041492462158
132 1516.7730000000001 1532.2643011999999 1737.2301758500178 0.5130319595336914
133 1516.7730000000001 1531.7219997999998 1604.3016459552455 0.5167791843414307
134 1516.7730000000001 1535.0489361999998 1925.2800314228073 0.520719051361084
135 1516.7730000000001 1532.0127768999998 1582.2163634683768 0.5246002674102783
136 1516.7730000000001 1531.1109000999998 1346.3711038137837 0.5285699367523193
137 1516.7730000000001 1535.9539903 1887.7858013783216 0.5324850082397461
138 1516.7730000000001 1531.1555675 1665.1950648049212 0.5364298820495605
139 1516.7730000000001 1531.3841533 1763.7416845530918 0.5401020050048828
140 1516.7730000000001 1533.3719597 1984.6856361967668 0.5439670085906982
141 1516.7730000000001 1532.2668821 1841.6922604006875 0.5477681159973145
142 1516.7730000000001 1530.8393975999998 1466.5651528539634 0.5515320301055908
143 1516.7730000000001 1527.8706234999997 1211.6515255963723 0.5553390979766846
144 1516.7730000000001 1528.1418935 1230.8664067496056 0.5592160224914551
145 1516.7730000000001 1525.6628420000002 967.5064142548337 0.5631229877471924
146 1516.7730000000001 1528.8838173999998 1375.2016225425136 0.5670280456542969
147 1516.7730000000001 1523.3388337999997 787.0417420292754 0.5710201263427734
148 1516.7730000000001 1529.6633038 1745.1617538266105 0.5746960639953613
149 1516.7730000000001 1534.028613 1913.8976016261038 0.5785832405090332
150 1516.7730000000001 1533.8216094999998 1943.1710710426303 0.5823121070861816
151 1516.7730000000001 1536.5879321999998 2681.847248884713 0.586198091506958
152 1516.7730000000001 1534.0721922999999 2161.628207005036 0.5900082588195801
153 1516.7730000000001 1533.7294473999998 1962.2670223820512 0.593796968460083
154 1516.7730000000001 1529.9602099999997 2111.5393496563593 0.5975561141967773
155 1516.7730000000001 1529.8741900999999 1187.3197514277701 0.6012930870056152
156 1516.7730000000001 1528.8799519 1251.5715716994775 0.6051878929138184
157 1516.7730000000001 1535.2229554000003 2217.86624740439 0.6090431213378906
158 1516.7730000000001 1534.0514813 1910.5792387792012 0.6128730773925781
159 1516.7730000000001 1538.9757749 2404.7294201337845 0.61676025390625
160 1516.7730000000001 1536.9944587 2259.9835678584336 0.6208090782165527
161 1516.7730000000001 1537.8686308 2248.3110749285993 0.6247601509094238
162 1516.7730000000001 1537.1223731999999 2286.2255323972227 0.6286699771881104
163 1516.7730000000001 1532.7740804 1605.1132224684384 0.6324501037597656
164 1516.7730000000001 1528.0770401 1066.2962719336056 0.6363270282745361
165 1516.7730000000001 1530.1305154999998 1358.6618094100295 0.6401879787445068
166 1516.7730000000001 1532.8412786000001 1662.580830330174 0.6442000865936279
167 1516.7730000000001 1529.8174245999999 1333.2474280973047 0.648043155670166
168 1516.7730000000001 1532.4985705999998 1601.0530169822564 0.6518690586090088
169 1516.7730000000001 1529.1848443000001 1192.9008990438297 0.6556549072265625
170 1516.7730000000001 1527.1905105 1054.2400693739082 0.6595070362091064
171 1516.7730000000001 1527.0796113000001 1078.91293697749 0.6633210182189941
172 1516.7730000000001 1532.098109 1939.9875455245533 0.6672580242156982
173 1516.7730000000001 1533.4038386999998 2321.3783448794256 0.6711828708648682
174 1516.7730000000001 1536.6719839999998 2648.2669624292625 0.6750879287719727
175 1516.7730000000001 1535.3525561 2277.4231497274395 0.679084062576294
176 1516.7730000000001 1535.6868920999998 1831.2221485517716 0.6832189559936523
177 1516.7730000000001 1537.4564972 2234.4905714143742 0.6871492862701416
178 1516.7730000000001 1540.1265193000002 2728.607982597071 0.6911001205444336
179 1516.7730000000001 1537.7038815 2318.1681672942636 0.694972038269043
180 1516.7730000000001 1533.5444455000002 1797.2339118003517 0.6989772319793701
181 1516.7730000000001 1537.1649825 2283.627968113245 0.7029409408569336
182 1516.7730000000001 1534.3155682999998 2107.7996875386434 0.7068250179290771
183 1516.7730000000001 1534.2952292000002 2831.6394598710735 0.7106940746307373
184 1516.7730000000001 1532.2142494999998 2617.8490140603767 0.7145318984985352
185 1516.7730000000001 1535.0604134000002 3088.568225656035 0.7185370922088623
186 1516.7730000000001 1534.0865399000002 2578.1606973998964 0.7225098609924316
187 1516.7730000000001 1536.917521 2738.3627744614564 0.7263960838317871
188 1516.7730000000001 1536.2734028 1741.0070226063865 0.7301380634307861
189 1516.7730000000001 1530.8248039 1648.3499544522213 0.7339000701904297
190 1516.7730000000001 1529.6508651 1197.008409852469 0.737678050994873
191 1516.7730000000001 1530.4972629999997 1343.6120548217832 0.7414431571960449
192 1516.7730000000001 1535.7010210999997 2658.110988914715 0.7453351020812988
193 1516.7730000000001 1538.4938366999997 2810.6498358312483 0.7490360736846924
194 1516.7730000000001 1534.6456474 2702.7750644636503 0.7529470920562744
195 1516.7730000000001 1529.4385154999995 2029.569004009424 0.7568411827087402
196 1516.7730000000001 1534.3112070999998 2126.6176629646966 0.7608330249786377
197 1516.7730000000001 1537.9018141999998 2350.517661074522 0.7646238803863525
198 1516.7730000000001 1540.7523064999998 2571.749327558223 0.7685599327087402
199 1516.7730000000001 1532.0634865999998 1491.4296090539567 0.7723050117492676
200 1516.7730000000001 1534.3510511999996 2027.3411475759092 0.7760121822357178
201 1516.7730000000001 1534.0253869999997 1914.6143114974222 0.7797560691833496
202 1516.7730000000001 1537.1157513999997 2367.2070015947397 0.7835540771484375
203 1516.7730000000001 1532.8569522 1994.3756386995374 0.7874300479888916
204 1516.7730000000001 1530.9641038999998 1558.8767579091818 0.7914168834686279
205 1516.7730000000001 1533.5880224 1669.9247855198203 0.79538893699646
206 1516.7730000000001 1533.7301935000003 1771.5617902637275 0.7993569374084473
207 1516.7730000000001 1529.8389046000002 1409.8742548760545 0.8031520843505859
208 1516.7730000000001 1529.7057749 1284.900947896419 0.8069620132446289
209 1516.7730000000001 1528.5137817000004 1437.1682722261546 0.8108141422271729
210 1516.7730000000001 1524.7456472000003 770.8793939603052 0.8145930767059326
211 1516.7730000000001 1527.4161252999997 947.4540276365311 0.8184881210327148
212 1516.7730000000001 1532.1175594999995 2183.6514171292165 0.8224220275878906
213 1516.7730000000001 1534.1076970000001 1979.1912570190214 0.8263580799102783
214 1516.7730000000001 1534.3977481 2629.4346561418606 0.8303298950195312
215 1516.7730000000001 1531.7812583999996 1931.199894233535 0.8343110084533691
216 1516.7730000000001 1529.9704702999998 1275.6423249878978 0.8381361961364746
217 1516.7730000000001 1529.7123776999997 1415.6990682744147 0.841850996017456
218 1516.7730000000001 1529.6116627 1568.6786661224705 0.8456330299377441
219 1516.7730000000001 1527.8576427999997 1008.0369167420233 0.8494181632995605
220 1516.7730000000001 1532.7261991 1633.2617965393829 0.8532450199127197
221 1516.7730000000001 1535.5253252 1837.8923990273076 0.8572371006011963
222 1516.7730000000001 1531.3434653000002 1483.2654079153933 0.861112117767334
223 1516.7730000000001 1533.1728184 1856.948092031497 0.8649680614471436
224 1516.7730000000001 1534.2020674 1947.617760813454 0.8689072132110596
225 1516.7730000000001 1535.3347424999997 1858.3958501128238 0.8728289604187012
226 1516.7730000000001 1537.7016861 2645.4863946728233 0.8767509460449219
227 1516.7730000000001 1528.6625770999997 1278.6793441974091 0.8805289268493652
228 1516.7730000000001 1531.3192423999997 1582.2001272743914 0.8843259811401367
229 1516.7730000000001 1529.8422349 1568.6846630863135 0.8881092071533203
230 1516.7730000000001 1527.3813687999998 1287.321438155986 0.8919250965118408
231 1516.7730000000001 1528.9789751 1607.1933839080928 0.8957929611206055
232 1516.7730000000001 1525.4691073000001 1026.979730675819 0.8995339870452881
233 1516.7730000000001 1529.5766337 1432.5822942074592 0.9033610820770264
234 1516.7730000000001 1528.9850305999998 1289.351969535771 0.9071881771087646
235 1516.7730000000001 1529.8180994000002 1496.222859010546 0.9111161231994629
236 1516.7730000000001 1532.6873362999997 1833.290739937856 0.9148960113525391
237 1516.7730000000001 1539.9632499 2437.3815867554877 0.9185540676116943
238 1516.7730000000001 1537.4337978999997 2124.85822851575 0.9223079681396484
239 1516.7730000000001 1532.7244079999998 1803.0633282834826 0.9260449409484863
240 1516.7730000000001 1532.9273552 1729.965186823461 0.9297280311584473
241 1516.7730000000001 1530.3415703 1407.3449228545414 0.9334380626678467
242 1516.7730000000001 1535.9690672 1732.212917537149 0.9372491836547852
243 1516.7730000000001 1543.8995593999998 2939.3733790122824 0.9410629272460938
244 1516.7730000000001 1538.0576248999998 2247.640992609156 0.9449880123138428
245 1516.7730000000001 1535.6148430999997 1540.6688441053766 0.9489521980285645
246 1516.7730000000001 1534.2704643 1708.143181825229 0.9527390003204346
247 1516.7730000000001 1531.6486500999997 1661.5721778177435 0.956496000289917
248 1516.7730000000001 1540.1570707 2333.033602665728 0.960162878036499
249 1516.7730000000001 1535.4538258999999 2106.7665711841123 0.9639670848846436
The optimum value should be 1516.77300

1516.7730000000001 0.9681379795074463

