INSTANCE: MO4

TOTAL GENERATION IS: 250

-------------------------------------------------------------------------------------------------------------------------

ROUND 1:
Generation, best, average, variance, time(s)
0 7427.94057 9466.200667699999 822815.5959740375 0.003566741943359375
1 3542.9697699999997 8790.382198899999 1005266.0365160544 0.008810043334960938
2 2334.3124900000003 7459.145984699999 4231132.250210655 0.013643741607666016
3 1816.8030600000002 6084.267000600001 6211437.657171661 0.018237829208374023
4 1777.47966 4991.7746239 5656972.8840993205 0.022731781005859375
5 1721.3015799999998 4270.2001097 5451826.822654868 0.026970863342285156
6 1543.4533099999999 3427.0764832000004 3990956.120315941 0.031189918518066406
7 1509.3011000000001 2987.257743100001 3611711.0389528004 0.03538179397583008
8 1509.3011000000001 2637.2591121 2639169.269835494 0.03960871696472168
9 1509.3011000000001 2376.4761628000006 1896057.415359774 0.04387187957763672
10 1509.3011000000001 2186.834476000001 1333486.5837258853 0.047792911529541016
11 1499.1060400000001 2059.4802295 1097769.4347695764 0.05167675018310547
12 1499.1060400000001 1993.0865237000003 958682.6689777024 0.055583953857421875
13 1474.89028 1884.1942643 716912.4221739355 0.05954790115356445
14 1474.89028 1768.9595166999998 507021.41975376784 0.06364870071411133
15 1474.89028 1707.6778628 415645.9868044567 0.06754207611083984
16 1442.23643 1673.0947636 395321.60625337256 0.07137775421142578
17 1442.23643 1617.7248066 222557.73531631983 0.075225830078125
18 1442.23643 1576.4012662 200751.07742876196 0.0792226791381836
19 1442.23643 1535.5553548999999 35913.055174901696 0.08313584327697754
20 1442.23643 1509.0866426 17754.739477927596 0.08705592155456543
21 1442.23643 1494.9246590999996 13553.548376294137 0.09093976020812988
22 1442.23643 1496.3851489999997 15786.53415802116 0.09508180618286133
23 1442.23643 1497.7344882999998 14243.29697362268 0.09920167922973633
24 1442.23643 1493.3786963 14007.691097771421 0.1031496524810791
25 1442.23643 1485.8626133999999 13654.148108124406 0.1071927547454834
26 1442.23643 1484.3481705 11948.187236416268 0.11121273040771484
27 1442.23643 1478.9116975999998 8657.882079530014 0.11535167694091797
28 1442.23643 1474.7173947 10286.992364125932 0.11929774284362793
29 1442.23643 1472.744981 10554.823843817958 0.12318682670593262
30 1442.23643 1474.0746759999997 8173.072834109754 0.12712597846984863
31 1442.23643 1471.3314392 7912.122442087948 0.1309528350830078
32 1442.23643 1472.0662176 7221.752129068924 0.13483071327209473
33 1442.23643 1467.8248569999998 6724.194196417595 0.1387310028076172
34 1442.23643 1463.4039949999997 2799.339143952819 0.14252686500549316
35 1442.23643 1474.8151736999996 5099.751474405038 0.1464087963104248
36 1442.23643 1463.2467797999998 2048.6460792202656 0.15023064613342285
37 1442.23643 1459.7245068000002 1847.8641460810102 0.1542196273803711
38 1442.23643 1460.5121229999995 2188.667298990904 0.15824580192565918
39 1442.23643 1458.8461169999998 2382.567736765401 0.1621708869934082
40 1442.23643 1462.7113309 3093.240366105755 0.16619086265563965
41 1442.23643 1466.0966772 3410.6576277142685 0.17001986503601074
42 1442.23643 1468.3648231999998 4646.566686298132 0.17378568649291992
43 1442.23643 1465.6536769 3284.061208301533 0.17770600318908691
44 1442.23643 1463.9614681999997 2109.571787708849 0.1816718578338623
45 1442.23643 1460.6817786999995 1888.2609513281943 0.18565988540649414
46 1442.23643 1459.0432352 1945.2974012721147 0.18963885307312012
47 1442.23643 1455.5518316999996 1644.177787416102 0.19374895095825195
48 1442.23643 1460.9310613999999 2405.322588362664 0.19751572608947754
49 1442.23643 1460.7363097999998 2228.8204445506403 0.20134186744689941
50 1442.23643 1457.9805680000002 1795.6442290497473 0.20519495010375977
51 1442.23643 1460.8984361999997 2555.0904346604275 0.20899271965026855
52 1442.23643 1456.9723699999997 2175.2521228318565 0.21276497840881348
53 1442.23643 1462.9378783999998 2580.828670932186 0.21657681465148926
54 1442.23643 1463.9086551999999 2459.826271385221 0.22034096717834473
55 1442.23643 1467.5029693999998 3202.675911748889 0.2242896556854248
56 1442.23643 1472.6562769999998 3489.143978763224 0.22829961776733398
57 1442.23643 1463.0406180999998 2675.0988983266407 0.2323169708251953
58 1442.23643 1459.6963646999998 2500.2871417332412 0.23615169525146484
59 1442.23643 1460.5864018 2714.725920946975 0.2398989200592041
60 1442.23643 1463.3317189999996 2804.728499282349 0.24365782737731934
61 1442.23643 1469.4419696999998 3538.9681758776624 0.24753379821777344
62 1442.23643 1465.2980682999998 3400.4536150324416 0.25139570236206055
63 1442.23643 1463.7243712999998 2438.233030115015 0.2552189826965332
64 1442.23643 1461.0173963999998 1731.3490640311895 0.25915980339050293
65 1442.23643 1457.6460788999998 1947.7818311266724 0.26315760612487793
66 1442.23643 1464.8348085 2812.6319499847978 0.2671527862548828
67 1442.23643 1454.8537649999998 1408.9976927191406 0.2710459232330322
68 1442.23643 1458.6059922999996 2135.4421871607656 0.27490687370300293
69 1442.23643 1460.5093392999997 1934.0444233480216 0.27876996994018555
70 1442.23643 1463.5678056 2077.9401482556455 0.2826199531555176
71 1442.23643 1461.8804809999995 2101.2183528308196 0.28642773628234863
72 1442.23643 1461.9811581 2021.5021595129697 0.29018688201904297
73 1442.23643 1465.7084850999997 2627.600312876594 0.29401278495788574
74 1442.23643 1461.6013658 1889.0012776525202 0.29778575897216797
75 1442.23643 1460.6362882999995 1873.687859800311 0.3017096519470215
76 1442.23643 1463.9525397999998 2253.348413023565 0.3056919574737549
77 1442.23643 1463.3458033999998 2350.2324533501405 0.3095698356628418
78 1442.23643 1473.7372413999997 4104.8309025559 0.3133246898651123
79 1442.23643 1461.5631548999997 2208.032073226386 0.3172297477722168
80 1442.23643 1460.1427860000001 1844.9783208868685 0.32108187675476074
81 1442.23643 1461.4896346 1815.6183557983518 0.3249847888946533
82 1442.23643 1462.0760386 1793.251101040382 0.32898569107055664
83 1442.23643 1463.3234046 2020.6209123062467 0.3329129219055176
84 1442.23643 1461.3363123 2140.8558453369774 0.33681488037109375
85 1442.23643 1462.9649501 2082.9386103169786 0.34070396423339844
86 1442.23643 1460.7649198 1704.6706401251017 0.3446228504180908
87 1442.23643 1459.1347217 1550.8711196927575 0.3484528064727783
88 1442.23643 1452.8315875 1009.7069377744078 0.35235095024108887
89 1442.23643 1459.6709173999998 1885.3650621197887 0.356151819229126
90 1442.23643 1460.7542836 1886.883498491266 0.36006665229797363
91 1442.23643 1454.8221693999994 1179.9563064632262 0.3639857769012451
92 1442.23643 1455.7882337 1314.4369596892461 0.36794590950012207
93 1442.23643 1457.9777536 1686.0453709217193 0.37186384201049805
94 1442.23643 1457.7376257999997 1877.394178941108 0.37578582763671875
95 1442.23643 1459.9585111 2109.6956631106614 0.37975382804870605
96 1442.23643 1459.6522362 2662.961226021036 0.38358092308044434
97 1442.23643 1452.3802531 1072.3431019456887 0.3874239921569824
98 1442.23643 1463.2612396999998 2603.483951623897 0.39123988151550293
99 1442.23643 1459.5003929999998 2438.931973077305 0.395108699798584
100 1442.23643 1456.7180144 1642.9736162373829 0.3989980220794678
101 1442.23643 1463.9289642999997 1951.249425821505 0.4027976989746094
102 1442.23643 1462.5728071999997 1838.8701425396355 0.4066438674926758
103 1442.23643 1461.3221727999999 1825.7766407049742 0.4104888439178467
104 1442.23643 1462.8518695999999 2074.627456342321 0.4144148826599121
105 1442.23643 1468.8138153999998 2690.4416886042904 0.4182548522949219
106 1442.23643 1464.2085806999996 2199.0829598358155 0.4221477508544922
107 1442.23643 1460.6502694999997 2035.5162383247534 0.42590975761413574
108 1442.23643 1468.7016247 2994.5473586341914 0.4297318458557129
109 1442.23643 1459.5897784999997 2342.940567632061 0.43351197242736816
110 1442.23643 1454.8407382999999 1816.0209286868915 0.4372749328613281
111 1442.23643 1461.2036383999998 2470.410659045366 0.44106602668762207
112 1442.23643 1460.4703836 2016.3437398647702 0.44509387016296387
113 1442.23643 1458.0386257 1675.4751344523827 0.44925689697265625
114 1442.23643 1453.4946701999997 1338.4583637946582 0.4534108638763428
115 1442.23643 1454.3320438999997 986.6607711748381 0.4574308395385742
116 1442.23643 1453.6443368999999 894.4391447190385 0.461406946182251
117 1442.23643 1456.4857971999998 1402.4293380005277 0.46523284912109375
118 1442.23643 1455.6305509 1226.9438177227782 0.4690549373626709
119 1442.23643 1458.0926133999997 2316.190181534476 0.47287678718566895
120 1442.23643 1467.7222924999996 2779.45711072573 0.4766688346862793
121 1442.23643 1466.5548993999996 3253.597879538478 0.4805738925933838
122 1442.23643 1456.1280054999997 1314.7712438986998 0.48444271087646484
123 1442.23643 1453.6183963 1071.5047729084567 0.48833179473876953
124 1442.23643 1461.2596512999999 2122.2025873538323 0.49231791496276855
125 1442.23643 1462.8679706999997 2577.8454607758076 0.49620985984802246
126 1442.23643 1460.9628639 2180.930672938934 0.5000088214874268
127 1442.23643 1459.8032300999998 2348.6161144190237 0.5038206577301025
128 1442.23643 1457.9719363 1897.5708391163416 0.5076847076416016
129 1442.23643 1456.8593666999996 1495.6382933233926 0.5115728378295898
130 1442.23643 1459.7548073 1585.0446307595878 0.5153908729553223
131 1442.23643 1465.046308 2324.9062177107935 0.5192079544067383
132 1442.23643 1464.2502398999998 2179.7849612423634 0.5230536460876465
133 1442.23643 1468.6189407000002 2584.1759242417475 0.5269486904144287
134 1442.23643 1466.5867936000002 2769.375385828038 0.5309336185455322
135 1442.23643 1462.8276266 2214.8474118707995 0.5348527431488037
136 1442.23643 1460.5157144999998 2117.0192572163546 0.5387237071990967
137 1442.23643 1465.3138817 3046.9018560614822 0.5425457954406738
138 1442.23643 1461.6765817 2468.339095128299 0.5464346408843994
139 1442.23643 1460.3398151000001 2388.9293327964538 0.5502378940582275
140 1442.23643 1456.6608762 1450.340924113101 0.5540018081665039
141 1442.23643 1458.7146195999999 1957.4225305921918 0.5578796863555908
142 1442.23643 1468.3599413000002 3108.4070601270337 0.5617589950561523
143 1442.23643 1465.0183000999998 2659.8195402399356 0.565753698348999
144 1442.23643 1461.8194105 2186.623130235617 0.5696389675140381
145 1442.23643 1465.1532937 3119.9095284468176 0.5735177993774414
146 1442.23643 1470.6315616 3208.35439973525 0.5773148536682129
147 1442.23643 1461.7360801999998 2167.5135115008857 0.5811038017272949
148 1442.23643 1465.2874351 2770.555444284818 0.5849559307098389
149 1442.23643 1461.8461569 1779.3085382461802 0.5886988639831543
150 1442.23643 1458.7190985999998 1501.9202606083768 0.5924899578094482
151 1442.23643 1461.1428133999998 1695.269962636354 0.5963327884674072
152 1442.23643 1459.7447411999997 2184.040267191971 0.6001636981964111
153 1442.23643 1458.6197268 1586.1035011476138 0.6041989326477051
154 1442.23643 1462.3647871 2196.469710808125 0.6080348491668701
155 1442.23643 1460.3706124999997 1768.0109769841451 0.611947774887085
156 1442.23643 1462.9136795 1815.5436056585947 0.6157827377319336
157 1442.23643 1464.9018174999999 2573.0420676990516 0.6195547580718994
158 1442.23643 1463.0447708 2967.8915986712714 0.6233468055725098
159 1442.23643 1469.4726038 3561.909593071284 0.6272199153900146
160 1442.23643 1469.6359053999997 3426.8604552816423 0.6311097145080566
161 1442.23643 1469.0823257 3328.4088282516605 0.6349468231201172
162 1442.23643 1462.2715598000002 2010.9474302291849 0.6389727592468262
163 1442.23643 1458.0132936 1819.0519117565875 0.6428916454315186
164 1442.23643 1465.0019925999995 3313.4117889857853 0.6468088626861572
165 1442.23643 1468.0502461999997 3657.8813533123453 0.6506786346435547
166 1442.23643 1461.1000704 2221.033155657306 0.6546077728271484
167 1442.23643 1464.5405869999997 2314.169015763602 0.6585478782653809
168 1442.23643 1461.1512176999997 2085.665078312748 0.6626358032226562
169 1442.23643 1459.6460028999998 2061.7311101116716 0.6665689945220947
170 1442.23643 1462.0154676999996 2205.865788660365 0.6705617904663086
171 1442.23643 1462.1929155999999 1985.336137649696 0.6746037006378174
172 1442.23643 1465.0070633999997 2663.262356556545 0.6787526607513428
173 1442.23643 1466.4105932999996 3017.7430063468255 0.682715892791748
174 1442.23643 1469.1045322 2729.5612167902746 0.6866388320922852
175 1442.23643 1467.3459757999997 2890.8965268959873 0.6906518936157227
176 1442.23643 1463.1283537999998 2148.9516917760325 0.6946859359741211
177 1442.23643 1467.7137425999995 2509.474682075574 0.6986408233642578
178 1442.23643 1464.8707705999998 2151.6604846378505 0.7026019096374512
179 1442.23643 1465.1010512999999 2861.5009475302345 0.7064247131347656
180 1442.23643 1467.0989057 2849.1377804455815 0.7102208137512207
181 1442.23643 1465.6122939 2667.6990531205456 0.7141907215118408
182 1442.23643 1460.9087617 2307.07618082548 0.7181727886199951
183 1442.23643 1455.5732865999996 1672.7516610634693 0.722052812576294
184 1442.23643 1459.8668966999999 2041.8610018353997 0.7259688377380371
185 1442.23643 1463.4066747 2257.785896316954 0.7297728061676025
186 1442.23643 1465.2844079999998 2565.88947670542 0.7335529327392578
187 1442.23643 1465.3759040999998 2956.484516023979 0.7373898029327393
188 1442.23643 1461.5248573 2260.798910454292 0.7413718700408936
189 1442.23643 1458.0763184999998 1484.3761100813106 0.7453839778900146
190 1442.23643 1464.9214015 2314.4796342240415 0.7492437362670898
191 1442.23643 1459.0743121999997 1702.5564788339304 0.7533707618713379
192 1442.23643 1456.6351103 1495.236630709898 0.7572798728942871
193 1442.23643 1460.0357991 1901.9585967067987 0.7610898017883301
194 1442.23643 1458.5407224999997 1609.916216661084 0.7649259567260742
195 1442.23643 1454.7106159999998 1156.4347310967712 0.7687468528747559
196 1442.23643 1455.9080820999995 1079.2686048883413 0.7725067138671875
197 1442.23643 1464.1068248 2338.9288278014633 0.7763347625732422
198 1442.23643 1464.5818225999997 2176.5006243117405 0.7801108360290527
199 1442.23643 1459.7420129999996 1674.9269969313175 0.7838788032531738
200 1442.23643 1462.4260849999998 1995.2999063489312 0.7878127098083496
201 1442.23643 1458.6104223999998 1892.9134203554486 0.791651725769043
202 1442.23643 1462.6479958999998 2356.0591756075864 0.7955367565155029
203 1442.23643 1467.5348095 2757.110340734491 0.7993378639221191
204 1442.23643 1468.6819924999998 2582.289255823687 0.803142786026001
205 1442.23643 1468.2438178 2639.6840952438233 0.8068978786468506
206 1442.23643 1467.3592909 2527.976511765992 0.8107469081878662
207 1442.23643 1461.118061 2214.8468987672754 0.8145468235015869
208 1442.23643 1461.7024284999998 2068.917694303827 0.8182868957519531
209 1442.23643 1469.2800917999996 2960.466429797698 0.8222298622131348
210 1442.23643 1472.9402817999996 3943.2376925054873 0.8261818885803223
211 1442.23643 1469.5345309999998 3220.079476583153 0.8300857543945312
212 1442.23643 1473.1173578999997 4397.585402558665 0.8338418006896973
213 1442.23643 1474.4897422000001 4436.393070838957 0.8377180099487305
214 1442.23643 1477.2805499 5120.767532640838 0.8415408134460449
215 1442.23643 1467.3487472999996 2704.4143891398267 0.8454337120056152
216 1442.23643 1464.6068512999998 2431.0383888610513 0.8492639064788818
217 1442.23643 1461.6902117 1965.880389289449 0.8530497550964355
218 1442.23643 1463.5112209999998 2086.681741734338 0.8568987846374512
219 1442.23643 1464.1490695 2497.4430503655594 0.8607118129730225
220 1442.23643 1466.0553194 2773.179397058622 0.8647177219390869
221 1442.23643 1459.3753186 1940.9980735612712 0.8685870170593262
222 1442.23643 1462.4551663000002 2141.656238859784 0.872410774230957
223 1442.23643 1461.1642973 1852.5971254904734 0.8762109279632568
224 1442.23643 1452.3338247999998 1089.667597307443 0.8801348209381104
225 1442.23643 1458.2513068999997 1829.9723161797249 0.8839938640594482
226 1442.23643 1460.7299855999997 2118.3481437672094 0.8878698348999023
227 1442.23643 1453.9644053999998 1335.2365721201027 0.8917908668518066
228 1442.23643 1456.1695561999995 1312.8726244601485 0.895737886428833
229 1442.23643 1453.5289392999996 1127.7660674875237 0.8997037410736084
230 1442.23643 1457.6315297999995 1888.908546123479 0.9037067890167236
231 1442.23643 1465.7014519999998 2654.2477740787663 0.9075448513031006
232 1442.23643 1461.6164427999995 2295.348127403274 0.9113287925720215
233 1442.23643 1460.9340699 1954.8011193790308 0.9152607917785645
234 1442.23643 1458.0828392999997 1586.3172520760452 0.9191067218780518
235 1442.23643 1459.6397037999998 2636.7967639916997 0.9229929447174072
236 1442.23643 1458.7016137 2774.788509693726 0.9269089698791504
237 1442.23643 1457.6610431999998 1621.1607012710022 0.9308679103851318
238 1442.23643 1467.8895845000004 2823.564209602181 0.9347898960113525
239 1442.23643 1466.3077145999998 2862.5224090607057 0.9390058517456055
240 1442.23643 1462.6932888 2540.9996545885583 0.9430608749389648
241 1442.23643 1461.6225347 2044.9698010149857 0.9468808174133301
242 1442.23643 1457.9915575 1844.353230072418 0.9507508277893066
243 1442.23643 1459.0414415 1636.5042611099789 0.9546718597412109
244 1442.23643 1455.7258659 1324.0421680596505 0.9588618278503418
245 1442.23643 1463.0517674 2189.020606032306 0.9629230499267578
246 1442.23643 1462.9183019999996 1930.84112657941 0.9668359756469727
247 1442.23643 1459.9299251999996 1759.5926699596066 0.970782995223999
248 1442.23643 1461.4520047999997 2098.5356889268614 0.9747269153594971
249 1442.23643 1462.7536740999994 2066.1201840227045 0.9787647724151611
The optimum value should be 1442.23643

1442.23643 0.982558012008667

-------------------------------------------------------------------------------------------------------------------------

ROUND 2:
Generation, best, average, variance, time(s)
0 7541.096449999999 9419.038760000001 805038.1903854203 0.0033140182495117188
1 3869.77248 8862.096489299998 1089694.839937818 0.00857996940612793
2 2166.75187 7483.273407000001 4082342.172140952 0.013231039047241211
3 1785.8838400000002 6002.167626100001 5529039.714441273 0.01771092414855957
4 1695.8522200000002 4839.048873999999 5906793.620947352 0.02194499969482422
5 1570.5387899999998 4081.8525692000003 5977830.416154593 0.026200056076049805
6 1570.5387899999998 3391.8845687000007 4551933.692350808 0.030421972274780273
7 1541.3597999999997 3025.7792935999996 3576169.294783684 0.03449702262878418
8 1541.3597999999997 2792.1194228000004 3313245.060622803 0.03863096237182617
9 1525.86928 2641.0041844 2953289.1985501726 0.04285883903503418
10 1525.86928 2448.0982634 2370591.9197916933 0.04677009582519531
11 1523.7572699999998 2270.4360232999998 1378032.4271011413 0.05072307586669922
12 1507.0916699999998 2032.2824194 1022937.7198822349 0.054602861404418945
13 1507.0916699999998 1919.8878555999995 750721.1722815172 0.05848288536071777
14 1505.1968600000002 1804.1411463 568407.4835452333 0.06257295608520508
15 1505.1968600000002 1718.5581115 329627.7998530044 0.06666302680969238
16 1495.0944 1691.2110272 302112.95379187725 0.07068800926208496
17 1495.0944 1649.5111506 235625.91300804078 0.07472991943359375
18 1495.0944 1570.0034143000003 40904.69280788528 0.07880806922912598
19 1495.0944 1543.660029 16597.54191061193 0.08279895782470703
20 1495.0944 1543.3123486999998 16397.910113458336 0.08664798736572266
21 1495.0944 1542.5023165999999 16413.80165425381 0.09056401252746582
22 1495.0944 1527.8343448 5950.072196119431 0.09437203407287598
23 1495.0944 1528.8247425999998 6559.1848272286325 0.09823393821716309
24 1495.0944 1532.0839030999998 7289.177905351611 0.1020970344543457
25 1495.0944 1524.4546764000002 4388.209530353957 0.10601592063903809
26 1495.0944 1520.8379002999998 3979.9104127480387 0.10997605323791504
27 1489.7648699999997 1510.6368217 1914.0625248278209 0.11387991905212402
28 1489.7648699999997 1510.2304263999997 1767.2286831573067 0.11800289154052734
29 1489.7648699999997 1511.0556161999996 1653.003912785465 0.12192511558532715
30 1489.7648699999997 1508.8075388999996 1319.4307861614495 0.1258070468902588
31 1489.7648699999997 1506.3387052999997 1066.7083843718458 0.12966585159301758
32 1489.7648699999997 1503.9102512 1134.2171694133804 0.13353681564331055
33 1489.7648699999997 1506.0605866 1459.9512597694365 0.13742494583129883
34 1489.7648699999997 1503.8154720999999 931.6677389271618 0.14129304885864258
35 1487.05079 1514.0059077999997 1919.7724081910062 0.1452798843383789
36 1487.05079 1508.8827049 1900.2203475091344 0.149183988571167
37 1487.05079 1507.5744526 1579.0335574703224 0.15318012237548828
38 1487.05079 1504.2354366000006 1180.3493819652294 0.15726089477539062
39 1487.05079 1510.9800866000005 1956.3144889373352 0.1611781120300293
40 1487.05079 1509.4885404000004 2048.5425898891885 0.16513705253601074
41 1487.05079 1510.5122563 2149.29915725931 0.1689589023590088
42 1487.05079 1509.2677134 1880.9279367275249 0.1728529930114746
43 1487.05079 1506.1290607000003 1507.2843219771637 0.1767117977142334
44 1487.05079 1502.2305558999997 1142.0973500857501 0.1806190013885498
45 1487.05079 1504.7419210999997 1513.0144457470715 0.18452191352844238
46 1487.05079 1506.5626455999998 2148.722566370688 0.1883690357208252
47 1487.05079 1504.6958208999997 1865.568562533666 0.19245505332946777
48 1487.05079 1509.4455755 2450.3245001320647 0.19639205932617188
49 1487.05079 1503.7038614000003 1611.558165526679 0.20037198066711426
50 1487.05079 1507.313271 1971.4016555792412 0.20427799224853516
51 1487.05079 1499.2489536000003 1005.869225892926 0.20815396308898926
52 1487.05079 1498.2635632000001 930.3547670116694 0.21200799942016602
53 1487.05079 1498.5315452000002 986.1319072192371 0.21596193313598633
54 1487.05079 1507.5106586000004 2317.2293987193952 0.21979904174804688
55 1487.05079 1511.4904256000002 3234.913010395648 0.22371792793273926
56 1487.05079 1500.0194709000002 1558.2960224163553 0.22777581214904785
57 1487.05079 1504.8581795000002 1768.622186284268 0.23180794715881348
58 1487.05079 1507.5194664000003 2013.288389140115 0.2357649803161621
59 1487.05079 1511.8365885000003 2526.8561797334837 0.23966288566589355
60 1487.05079 1509.5683368000005 2677.519664743123 0.2435450553894043
61 1487.05079 1501.4752082000005 1644.4529364262257 0.2474358081817627
62 1487.05079 1505.9404462 2371.0734552458894 0.251295804977417
63 1487.05079 1510.2128504000002 3074.1834445271465 0.2551698684692383
64 1487.05079 1505.7879991 2000.7041582640213 0.25918102264404297
65 1487.05079 1502.8750666 2163.20916150524 0.2632009983062744
66 1487.05079 1495.7970472000002 999.1160218058144 0.2672290802001953
67 1484.90026 1498.0074888 1458.426185145003 0.27131009101867676
68 1484.90026 1502.9825639999995 1620.4520325851017 0.2752218246459961
69 1484.90026 1501.7549088999995 1422.3375588774559 0.2790389060974121
70 1484.90026 1502.7033588 1704.2566381928868 0.2829558849334717
71 1484.90026 1499.4061761000003 1125.0253886049413 0.28679990768432617
72 1484.90026 1501.1904324000002 1467.0547062505536 0.2906019687652588
73 1484.90026 1497.7267551 1318.9094102926924 0.29441285133361816
74 1484.90026 1497.7054491 1265.5458413803635 0.29821300506591797
75 1484.90026 1499.9274753999996 1679.7904452416924 0.3020777702331543
76 1484.90026 1500.2657065 1526.5273149886123 0.30609703063964844
77 1484.90026 1497.5708293999996 1133.9245809149659 0.3100137710571289
78 1484.90026 1497.1269990999997 802.0166825070673 0.31387996673583984
79 1484.90026 1498.4294352999998 994.8478852853879 0.3178739547729492
80 1484.90026 1498.3363574 979.4975279878388 0.3219149112701416
81 1484.90026 1499.8043443 1113.9674710696227 0.3259921073913574
82 1484.90026 1502.0500765 1231.083375096162 0.3299388885498047
83 1484.90026 1502.3988308 1685.9186031592008 0.33385205268859863
84 1484.90026 1499.9944636000002 1646.2424738732134 0.33769989013671875
85 1484.90026 1498.8360626 1321.998019695435 0.3416099548339844
86 1484.90026 1504.3011447999995 2107.1535504129474 0.34543895721435547
87 1484.90026 1501.2953036999997 1508.9061228350006 0.3491640090942383
88 1484.90026 1502.8594942999998 2002.70571584384 0.35297608375549316
89 1484.90026 1504.5148017 2259.13287553101 0.3568298816680908
90 1484.90026 1503.2271584000002 2223.3815775870166 0.36069297790527344
91 1484.90026 1506.4043304 2626.6499387657877 0.36469292640686035
92 1484.90026 1512.6789872 3012.294863646388 0.3687319755554199
93 1484.90026 1502.7597864000002 1719.7424999033328 0.3727378845214844
94 1484.90026 1501.0419766999996 1212.941838902396 0.37667083740234375
95 1484.90026 1496.2823030999996 1061.4718940212722 0.38069701194763184
96 1484.90026 1498.7434276 1407.0371745498499 0.3847651481628418
97 1484.90026 1495.6019896999999 906.9579846596588 0.3885529041290283
98 1484.90026 1500.1768954999998 1445.4718541884824 0.3925189971923828
99 1484.90026 1499.6324693999998 1267.6037517565878 0.3963780403137207
100 1442.23643 1502.3418024999999 1529.1468874968868 0.4003000259399414
101 1442.23643 1504.7918681999997 2911.844593380707 0.4040989875793457
102 1442.23643 1496.6673947 3347.354481223642 0.40809202194213867
103 1442.23643 1491.0545491999999 3064.8091179344488 0.41189002990722656
104 1442.23643 1489.5243718999998 3954.352556519836 0.4157989025115967
105 1442.23643 1487.4931020000001 4106.715660103014 0.4198589324951172
106 1442.23643 1478.6159694000003 3282.2376966406823 0.4237518310546875
107 1442.23643 1472.7658609 2359.30702989277 0.42760491371154785
108 1442.23643 1481.0110018999997 3952.4171545980516 0.43150997161865234
109 1442.23643 1477.6157108 3748.523165037746 0.43541908264160156
110 1442.23643 1478.5597383 3527.6046857724473 0.4393010139465332
111 1442.23643 1468.6483648 2272.603240685806 0.4431729316711426
112 1442.23643 1466.7383158 2648.8723667851305 0.4470398426055908
113 1442.23643 1470.6784206 3097.6216670188232 0.4512197971343994
114 1442.23643 1463.8545656000001 2523.051481433966 0.4553089141845703
115 1442.23643 1461.5714866 1791.1458747636893 0.4591939449310303
116 1442.23643 1462.1034661 2063.1727461854903 0.46341705322265625
117 1442.23643 1469.3308233999999 2569.0441715844613 0.46758008003234863
118 1442.23643 1469.6927022999996 2953.732116260601 0.47146010398864746
119 1442.23643 1474.5884454 3540.5663364704074 0.47557902336120605
120 1442.23643 1468.6346822999997 2679.233207510737 0.47951292991638184
121 1442.23643 1465.5651457 2517.024690700055 0.48343586921691895
122 1442.23643 1473.5959606000001 3597.0456734440254 0.48737597465515137
123 1442.23643 1475.3865552999998 3436.9756310404046 0.49135875701904297
124 1442.23643 1469.2288271999998 2781.2089194572914 0.4953649044036865
125 1442.23643 1466.8942147999996 2502.2149853239994 0.4992408752441406
126 1442.23643 1471.0004016 3238.9343536337415 0.5030438899993896
127 1442.23643 1470.1113616999999 3362.637768913445 0.50699782371521
128 1442.23643 1460.3953599000001 2102.148235106296 0.5107958316802979
129 1442.23643 1464.7783143999998 2902.4365484884097 0.5146667957305908
130 1442.23643 1463.5200481999998 3049.1890483707416 0.5184359550476074
131 1442.23643 1461.84057 2110.560627793251 0.5222609043121338
132 1442.23643 1461.6026343999997 2142.6269055106245 0.5260829925537109
133 1442.23643 1460.2738773999997 2171.8804094792213 0.5300240516662598
134 1442.23643 1459.6232966999999 1967.7623722816074 0.5339949131011963
135 1442.23643 1464.6480053999996 2499.767774226093 0.5380330085754395
136 1442.23643 1454.5467977999997 1225.7942467113921 0.5418999195098877
137 1442.23643 1463.4507189999997 2981.4961070224654 0.5456669330596924
138 1442.23643 1465.9221518 2890.352645094465 0.5495741367340088
139 1442.23643 1463.6749754999996 3316.6077705162957 0.5534298419952393
140 1442.23643 1460.9728297 2087.985309459547 0.5573499202728271
141 1442.23643 1461.185815 2060.196856390639 0.5613999366760254
142 1442.23643 1469.4608667999998 2819.4083027389047 0.5654160976409912
143 1442.23643 1466.0243582999997 2527.9215907253006 0.5692930221557617
144 1442.23643 1463.4882691999996 2069.1629040907847 0.5733859539031982
145 1442.23643 1470.1637731999997 2766.946385258834 0.5772829055786133
146 1442.23643 1465.8378592999998 2898.9977774950967 0.5811328887939453
147 1442.23643 1474.176501 3322.8157573099447 0.5849149227142334
148 1442.23643 1467.1329894999997 2936.0097287240987 0.5888159275054932
149 1442.23643 1465.7816508999997 2751.4798970807647 0.5927348136901855
150 1442.23643 1467.7566491 3426.2121225301116 0.5965549945831299
151 1442.23643 1460.8536808 2190.8759828428574 0.6004819869995117
152 1442.23643 1458.5899039999997 2481.8803228138277 0.6044878959655762
153 1442.23643 1458.4729577 1983.384469677382 0.6085197925567627
154 1442.23643 1463.0392660999996 2044.1515663885389 0.6124441623687744
155 1442.23643 1462.8366023999997 2751.7740272204323 0.6162137985229492
156 1442.23643 1459.4509099 1986.2083110668195 0.6200289726257324
157 1442.23643 1464.2766167 2168.512240215961 0.623866081237793
158 1442.23643 1457.7050907999999 2031.8494880298113 0.627769947052002
159 1442.23643 1463.5551735 2769.9781647927152 0.6315979957580566
160 1442.23643 1461.2591277999998 2503.8990511234597 0.635430097579956
161 1442.23643 1457.6251067999995 2068.1207326355943 0.6393730640411377
162 1442.23643 1455.4238784 1311.231880439959 0.6433780193328857
163 1442.23643 1453.5709733999997 1138.3613001677031 0.6475927829742432
164 1442.23643 1454.7144750999996 1448.9244086000194 0.6516809463500977
165 1442.23643 1466.8546667999994 3114.154308012855 0.6557040214538574
166 1442.23643 1461.3822741000001 2417.7023578606245 0.6596860885620117
167 1442.23643 1459.5379101999997 2077.3071940706386 0.6636528968811035
168 1442.23643 1464.1888959 3471.604777036278 0.6676630973815918
169 1442.23643 1467.067925 3954.2175383314425 0.6715281009674072
170 1442.23643 1466.8223748999997 3719.367544723778 0.6754889488220215
171 1442.23643 1464.1571317 3619.1590902760454 0.67930006980896
172 1442.23643 1468.0925607 3304.8568037938026 0.6833288669586182
173 1442.23643 1473.8612006999997 3527.649361565385 0.6875319480895996
174 1442.23643 1476.2139285999997 4491.482741190571 0.6915328502655029
175 1442.23643 1462.4273072999997 1987.8664156085706 0.6953561305999756
176 1442.23643 1455.9594370999996 1280.6930132312723 0.6993598937988281
177 1442.23643 1459.4600931 1627.6047673349196 0.7031919956207275
178 1442.23643 1461.8821828 2003.2781328235212 0.7071919441223145
179 1442.23643 1461.197264 1918.045518248236 0.7109730243682861
180 1442.23643 1456.5643185 1446.4343133122363 0.7148759365081787
181 1442.23643 1455.8075139999999 1364.2858241322665 0.718682050704956
182 1442.23643 1456.4343993999998 1803.6807468320412 0.7226338386535645
183 1442.23643 1452.2697475 928.1887316759107 0.726593017578125
184 1442.23643 1455.2495100999995 1278.7325520806535 0.730471134185791
185 1442.23643 1453.278297 1120.828312842998 0.7343311309814453
186 1442.23643 1455.7843267 1321.6772109117505 0.7381820678710938
187 1442.23643 1457.6633788000001 1607.5900123726608 0.741981029510498
188 1442.23643 1464.2951831999997 2613.6356220229864 0.7457890510559082
189 1442.23643 1457.6242692 1512.9298597444622 0.7496297359466553
190 1442.23643 1453.9668293999996 1357.6598511086736 0.7534639835357666
191 1442.23643 1455.9760972999998 1609.8853304448933 0.757321834564209
192 1442.23643 1459.6840070999997 2014.3684373708325 0.7613658905029297
193 1442.23643 1460.0745289999998 1963.0011419446862 0.7651607990264893
194 1442.23643 1463.7381431 2622.466339318799 0.7689378261566162
195 1442.23643 1469.9321744 3204.1854290316182 0.77274489402771
196 1442.23643 1468.9467854999998 2979.68921687411 0.7766389846801758
197 1442.23643 1466.0079366 2924.946505290168 0.7805259227752686
198 1442.23643 1466.3929799 2863.4408213845877 0.7844340801239014
199 1442.23643 1460.1344067 1937.1032873896079 0.7883098125457764
200 1442.23643 1468.5336250000003 3085.6390847602215 0.7922060489654541
201 1442.23643 1468.0263250999997 2523.738233463513 0.7961440086364746
202 1442.23643 1469.6919490999996 2368.762566757944 0.8001949787139893
203 1442.23643 1461.0670920999994 1757.0303519119207 0.8041179180145264
204 1442.23643 1464.0038789999996 2564.500635120431 0.8080618381500244
205 1442.23643 1460.8466069999995 2006.0523420573895 0.8119380474090576
206 1442.23643 1460.4096112 3030.7543977338537 0.8157839775085449
207 1442.23643 1465.4643864999996 3146.7718222247204 0.819551944732666
208 1442.23643 1465.4765405999997 3029.21633977684 0.8233609199523926
209 1442.23643 1464.7812831 2821.4480937150433 0.8272099494934082
210 1442.23643 1455.5889948 2061.446194744679 0.8310120105743408
211 1442.23643 1455.8216751 1515.2727995269424 0.8351149559020996
212 1442.23643 1460.8964041999996 1971.069282539515 0.8391199111938477
213 1442.23643 1455.9645494999997 1439.689037417576 0.8433499336242676
214 1442.23643 1457.7800530999998 1431.9784038826322 0.8473761081695557
215 1442.23643 1463.8138099999996 2148.240266030792 0.8513169288635254
216 1442.23643 1462.2455847999997 2310.177773201679 0.855309009552002
217 1442.23643 1461.3272645999998 2055.370669285058 0.8593277931213379
218 1442.23643 1460.9527109 2261.735841296168 0.8633038997650146
219 1442.23643 1461.4886546999996 2211.3388286988666 0.8675379753112793
220 1442.23643 1465.1680423999996 2171.568827970955 0.8715958595275879
221 1442.23643 1458.2763672 1332.684146453881 0.8754379749298096
222 1442.23643 1460.7708724999998 1864.96443524877 0.8797638416290283
223 1442.23643 1462.9642179999998 2318.6192801499615 0.8838908672332764
224 1442.23643 1463.2933583999995 2306.987099427614 0.8877658843994141
225 1442.23643 1461.2199598999996 1894.7657933845849 0.8916490077972412
226 1442.23643 1454.5873589999997 1227.3198298900286 0.8955481052398682
227 1442.23643 1461.4904014999995 2497.9205355124236 0.8992931842803955
228 1442.23643 1462.584607 2319.772036034054 0.9032390117645264
229 1442.23643 1461.7284825999998 2197.350145202138 0.9073460102081299
230 1442.23643 1461.5418573 2476.505318818019 0.9115281105041504
231 1442.23643 1469.4568923 2903.58375666688 0.9155991077423096
232 1442.23643 1461.2076958 2410.179514800251 0.9196839332580566
233 1442.23643 1462.8360522 2220.378313710201 0.9236750602722168
234 1442.23643 1462.5403666999998 2171.440721428 0.9276299476623535
235 1442.23643 1456.9335782 1447.2616652840181 0.9318768978118896
236 1442.23643 1456.6020084999996 1443.2824716956338 0.9357819557189941
237 1442.23643 1464.0897490999998 2445.0876530920896 0.9397599697113037
238 1442.23643 1460.1073437999999 1790.3814700309415 0.9439718723297119
239 1442.23643 1468.3799404 2975.1575332693737 0.9480738639831543
240 1442.23643 1465.7914077 3107.0805199258034 0.9522190093994141
241 1442.23643 1465.6581900999997 3431.8142205956533 0.9563229084014893
242 1442.23643 1464.4212466999995 2901.912377150345 0.9601960182189941
243 1442.23643 1463.8113380999996 2932.2259270794893 0.9641079902648926
244 1442.23643 1460.8513931 2387.2208322052625 0.9679529666900635
245 1442.23643 1460.0708712999997 1701.8573644915186 0.9718079566955566
246 1442.23643 1455.9632178 1415.6294091859422 0.9756839275360107
247 1442.23643 1454.6544391999998 1368.679913810655 0.9796650409698486
248 1442.23643 1453.5861857999998 1171.732260137097 0.983543872833252
249 1442.23643 1461.6622109 2542.0719239316422 0.9876761436462402
The optimum value should be 1442.23643

1442.23643 0.9917080402374268

-------------------------------------------------------------------------------------------------------------------------

ROUND 3:
Generation, best, average, variance, time(s)
0 7336.97603 9431.8916545 915166.8542947385 0.0035049915313720703
1 3341.36523 9066.9823093 1186960.2228885607 0.00856781005859375
2 1911.9593699999998 7437.184103499999 5218964.854559463 0.013315916061401367
3 1857.3422600000001 5588.120847799999 7189544.6958760945 0.01774001121520996
4 1756.26597 4851.3684388 7259166.669243302 0.022072792053222656
5 1656.85737 3746.5870272 5853723.3287905 0.026289939880371094
6 1565.12576 3304.3227054000004 4769686.842933084 0.03039693832397461
7 1460.41023 2979.9419582 4096377.5749024358 0.03438282012939453
8 1460.41023 2536.7529893 3076265.4931566585 0.038391828536987305
9 1460.41023 2232.1019312000003 2155037.836770135 0.04256892204284668
10 1460.41023 1946.3474159000004 899688.9963120399 0.04641103744506836
11 1460.41023 1812.3009295000004 626036.3471643127 0.0503389835357666
12 1460.41023 1717.0359416000003 338693.9835583109 0.05423593521118164
13 1460.41023 1663.2525678000002 295781.3377581834 0.05812692642211914
14 1460.41023 1605.6103360000002 213777.28248143566 0.061949968338012695
15 1460.41023 1570.0345434000003 163432.4455262121 0.06604290008544922
16 1460.41023 1528.9309658000002 54620.06404851508 0.07006382942199707
17 1460.41023 1510.8742584000001 36039.74067626434 0.07401394844055176
18 1460.41023 1511.4268161 35996.01488864064 0.07799291610717773
19 1460.41023 1514.2371863999997 35383.99303389808 0.08187079429626465
20 1460.41023 1515.9742842000005 29647.686359403 0.08583498001098633
21 1460.41023 1491.7925237 4166.669498085283 0.08975100517272949
22 1460.41023 1491.7538989000002 3468.548837627918 0.09352898597717285
23 1460.41023 1488.5785408000002 2789.842908995637 0.09754395484924316
24 1460.41023 1481.5237233 2099.5333768699966 0.10147213935852051
25 1460.41023 1485.4736231999998 3433.3229418661467 0.10545992851257324
26 1460.41023 1486.3113659999997 3323.2571473677544 0.10944795608520508
27 1460.41023 1483.3006252 2227.8436365083185 0.11336994171142578
28 1460.41023 1478.4575633 1890.523031352707 0.11745214462280273
29 1460.41023 1475.5379463 1819.1930845635989 0.12135791778564453
30 1460.41023 1486.4429467 3525.864623390109 0.12514996528625488
31 1460.41023 1485.5917453000002 3472.8182164326886 0.12907910346984863
32 1460.41023 1484.8180475000001 2873.1171573837255 0.13293194770812988
33 1460.41023 1480.6358736 2085.950850408426 0.13683795928955078
34 1460.41023 1481.164002 2089.444410274743 0.14068007469177246
35 1460.41023 1475.3166537000004 1635.6614104842154 0.1445629596710205
36 1460.41023 1483.5963542 2792.0765089101637 0.14850807189941406
37 1460.41023 1482.1571886000002 2748.658884635965 0.15243291854858398
38 1460.41023 1478.6832006999998 2375.3900666418535 0.15642189979553223
39 1460.41023 1478.3239717000001 2183.629096689217 0.16037297248840332
40 1460.41023 1481.071029 2133.3061880359337 0.1643998622894287
41 1442.23643 1485.2569447 2633.316549383025 0.16859698295593262
42 1442.23643 1485.6119428 3473.905920331666 0.1724550724029541
43 1442.23643 1469.5920505 1434.3550304630926 0.17637991905212402
44 1442.23643 1469.6471645999998 1909.225660538461 0.18023991584777832
45 1442.23643 1469.7604380999994 2277.715760008079 0.184067964553833
46 1442.23643 1473.8468158999997 3482.413016353424 0.18793082237243652
47 1442.23643 1468.7552881 2280.439851911219 0.19175004959106445
48 1442.23643 1469.8912019000002 2543.3463148853457 0.1955578327178955
49 1442.23643 1474.5574370000002 3059.6166685778085 0.19942617416381836
50 1442.23643 1466.9606199999998 2801.245279347723 0.2033979892730713
51 1442.23643 1465.8021016999999 2397.0349351471277 0.2072300910949707
52 1442.23643 1465.6762968999997 2411.258547054282 0.211090087890625
53 1442.23643 1463.9981718999998 1846.3300764039627 0.21493196487426758
54 1442.23643 1462.1561180999997 1796.1251394547135 0.21873688697814941
55 1442.23643 1453.8370144999997 1210.9518887331965 0.2225780487060547
56 1442.23643 1455.5993772 1397.8319847304126 0.2264237403869629
57 1442.23643 1463.9895408 3162.977910196257 0.2301959991455078
58 1442.23643 1463.2363684999998 2126.5325214049876 0.2340409755706787
59 1442.23643 1461.7011988000002 2541.9998352885705 0.23788714408874512
60 1442.23643 1459.5418394999997 1694.0750809725737 0.24192380905151367
61 1442.23643 1458.5069425 1634.820149807092 0.24579310417175293
62 1442.23643 1463.3195386999996 1799.5795234591583 0.2496349811553955
63 1442.23643 1463.8273748000001 2442.340899750667 0.2534620761871338
64 1442.23643 1469.6593654999995 3179.967101397026 0.25728702545166016
65 1442.23643 1471.6370745 3034.0863784981334 0.26108503341674805
66 1442.23643 1467.0854451999999 2518.327918752313 0.26485681533813477
67 1442.23643 1456.2812111 1281.1243338179659 0.2685830593109131
68 1442.23643 1458.6497114 1504.2184512893464 0.27236509323120117
69 1442.23643 1464.8413475999998 2234.205600345121 0.27626991271972656
70 1442.23643 1464.3761723999999 2191.5208480976703 0.28017687797546387
71 1442.23643 1461.9113084999997 2001.5508617852233 0.2841181755065918
72 1442.23643 1464.1822599999996 2526.5679096615395 0.2880539894104004
73 1442.23643 1460.9159802999995 1997.0780424318457 0.29196810722351074
74 1442.23643 1460.4946174999998 2077.019996930894 0.295835018157959
75 1442.23643 1462.3666180999996 2220.6693373518297 0.2997779846191406
76 1442.23643 1461.8811062999998 2474.4858238504885 0.30365610122680664
77 1442.23643 1463.1589670999997 2040.6138864859804 0.30754804611206055
78 1442.23643 1470.8738315999997 2677.8362383337535 0.31149792671203613
79 1442.23643 1465.7536218 2557.2207163632797 0.3154759407043457
80 1442.23643 1457.6537197999999 1630.561986316139 0.3194849491119385
81 1442.23643 1459.9593562999999 2533.1313673385844 0.32335591316223145
82 1442.23643 1469.0947528 3947.265789943811 0.32718706130981445
83 1442.23643 1465.1733050999997 2828.408071403227 0.3309600353240967
84 1442.23643 1463.8608267 2858.8491495500475 0.33475589752197266
85 1442.23643 1463.1090156 2710.615729540119 0.3385770320892334
86 1442.23643 1462.4615310999998 1945.396451423511 0.3424808979034424
87 1442.23643 1466.3843892999998 2546.947622381139 0.3465149402618408
88 1442.23643 1471.3343909999996 2948.6851840097993 0.35053300857543945
89 1442.23643 1469.6798191999997 3183.3387708282366 0.35448193550109863
90 1442.23643 1457.9205135 1793.363863945447 0.35860109329223633
91 1442.23643 1454.0162565 1070.1199262251348 0.36255908012390137
92 1442.23643 1463.3337574 2627.395162561447 0.36638689041137695
93 1442.23643 1467.6687038999999 2971.686042558084 0.3702869415283203
94 1442.23643 1468.6917879999999 2764.049316124203 0.37407994270324707
95 1442.23643 1465.0165521 2985.660459775423 0.3779010772705078
96 1442.23643 1465.7403307999996 2591.9248228200267 0.38182616233825684
97 1442.23643 1471.7336052999997 3363.115133701628 0.3858470916748047
98 1442.23643 1471.7779928 3269.8169567122363 0.38977694511413574
99 1442.23643 1471.2416968999999 2985.2201787196846 0.3939220905303955
100 1442.23643 1466.8635806 2631.500459648763 0.39774394035339355
101 1442.23643 1458.9108719999995 1508.270923856074 0.40166783332824707
102 1442.23643 1459.7220289 1517.7711037059978 0.4055659770965576
103 1442.23643 1457.1520207999995 1446.9368516197158 0.40943288803100586
104 1442.23643 1462.4424889999998 1970.4855830650672 0.4132990837097168
105 1442.23643 1465.5527853999997 2710.1402385586866 0.41730690002441406
106 1442.23643 1467.7136792 2390.7908044155333 0.42119884490966797
107 1442.23643 1464.2193464 2226.984998076872 0.42519187927246094
108 1442.23643 1464.9925574999997 2448.6669096861538 0.42920398712158203
109 1442.23643 1464.1269127999997 2754.818270537447 0.4332008361816406
110 1442.23643 1459.2505024999998 2686.761051884916 0.4371321201324463
111 1442.23643 1459.1401296999998 2729.1380999694 0.44095802307128906
112 1442.23643 1456.1120369999999 1707.5019804269305 0.44477391242980957
113 1442.23643 1466.8390483999997 2962.910035379399 0.4485929012298584
114 1442.23643 1466.1201241999997 2419.503594347906 0.4524979591369629
115 1442.23643 1464.7104892 3205.429078578473 0.45630502700805664
116 1442.23643 1469.1375371000001 3248.0323491735135 0.46021199226379395
117 1442.23643 1467.3094185 3323.161216906199 0.4639859199523926
118 1442.23643 1463.2998183 3033.461982973284 0.46805691719055176
119 1442.23643 1466.5663626 2151.349351422179 0.47196292877197266
120 1442.23643 1459.0237173 1421.953357973683 0.4757828712463379
121 1442.23643 1465.1002260999999 2465.5073364306095 0.4796481132507324
122 1442.23643 1464.4777181999996 2525.978800985029 0.48354005813598633
123 1442.23643 1459.7358235 1972.9945009078488 0.48745298385620117
124 1442.23643 1457.3612704999996 1815.055180437144 0.491253137588501
125 1442.23643 1454.5687749999997 1373.3113069477552 0.49526000022888184
126 1442.23643 1456.9992713999998 1533.5875371419754 0.49922800064086914
127 1442.23643 1462.3119825999997 2377.8960438043073 0.503216028213501
128 1442.23643 1467.40439 2956.5617845582146 0.5071499347686768
129 1442.23643 1464.0481451 2718.4663475148154 0.5112149715423584
130 1442.23643 1460.8542446000001 2754.5237736456274 0.5150349140167236
131 1442.23643 1458.0559181 1707.3288510670518 0.5188500881195068
132 1442.23643 1457.1382575000002 1391.2997610601992 0.5226318836212158
133 1442.23643 1462.6790087999998 2130.125972576466 0.5263979434967041
134 1442.23643 1460.8115212000002 2082.2375579526015 0.5303399562835693
135 1442.23643 1462.0373777 2195.082876693099 0.5342590808868408
136 1442.23643 1465.2099699 2466.084377556559 0.5382359027862549
137 1442.23643 1462.4970616 2368.4730156253036 0.5422289371490479
138 1442.23643 1465.0106432999999 2778.44534751546 0.5462150573730469
139 1442.23643 1465.9403551999997 2941.704012334901 0.5500569343566895
140 1442.23643 1464.0061141999997 2462.7583816145443 0.5538699626922607
141 1442.23643 1459.7518711999996 1805.9374164574674 0.5577008724212646
142 1442.23643 1468.7083656 3319.223772188952 0.561535120010376
143 1442.23643 1467.8546061999996 2912.2907191469376 0.5654878616333008
144 1442.23643 1468.5288661 3243.939182809256 0.5693981647491455
145 1442.23643 1463.2237983 2426.084867610809 0.57328200340271
146 1442.23643 1464.099431 2873.142233967951 0.5771899223327637
147 1442.23643 1463.6188283 2537.8274201351023 0.5811769962310791
148 1442.23643 1459.6442873 2404.018782723262 0.5851778984069824
149 1442.23643 1458.1293300999998 1774.965381476502 0.5890350341796875
150 1442.23643 1462.8845319999998 2502.3054400168708 0.5928120613098145
151 1442.23643 1468.0772454 3355.738837633619 0.5966260433197021
152 1442.23643 1466.0925363 2693.6435100927406 0.6005110740661621
153 1442.23643 1465.4261565 2915.840837308229 0.6043310165405273
154 1442.23643 1464.3706420999997 2330.3370470134387 0.6082649230957031
155 1442.23643 1460.7436312999998 2164.4542646632453 0.6123390197753906
156 1442.23643 1459.5528719000001 1723.441910697744 0.6163210868835449
157 1442.23643 1462.4055207000001 1912.0697689260217 0.6204869747161865
158 1442.23643 1460.0667483999998 1972.0353795161907 0.624506950378418
159 1442.23643 1456.9026665999997 1200.8958336407904 0.6285669803619385
160 1442.23643 1459.1676597999997 1778.8312836262662 0.632530927658081
161 1442.23643 1455.5953651 1361.3386434777497 0.636605978012085
162 1442.23643 1455.8303875999998 1323.156866473449 0.6405959129333496
163 1442.23643 1458.7983867 1814.763135926001 0.6446170806884766
164 1442.23643 1452.4599430999995 986.4871826070544 0.6485788822174072
165 1442.23643 1458.7106112 1838.2617964055949 0.6526389122009277
166 1442.23643 1464.2951676999996 2299.045818056953 0.6565971374511719
167 1442.23643 1462.1168499999997 1981.6747474977901 0.6604619026184082
168 1442.23643 1463.5703591000001 2409.430088236318 0.6642618179321289
169 1442.23643 1462.7515096999998 2166.942666041578 0.668071985244751
170 1442.23643 1469.0212798999999 2844.516693218968 0.6718549728393555
171 1442.23643 1463.3664841999998 2082.257954720544 0.6756801605224609
172 1442.23643 1460.3570258999998 1574.6320212321716 0.6797618865966797
173 1442.23643 1465.3000737 2913.113968540671 0.6838910579681396
174 1442.23643 1460.7292384999996 1594.282411311062 0.6879739761352539
175 1442.23643 1459.3774801000002 1727.6747003213782 0.6920468807220459
176 1442.23643 1462.8153551000003 2530.802828029125 0.6962051391601562
177 1442.23643 1465.384712 3119.1202987954816 0.7000987529754639
178 1442.23643 1465.2716271 2917.924279939783 0.7039361000061035
179 1442.23643 1467.4926920999999 3315.636533224078 0.7077450752258301
180 1442.23643 1463.4524796999997 3080.5671437829815 0.7116570472717285
181 1442.23643 1469.3227598999997 3923.433972750217 0.7155888080596924
182 1442.23643 1470.4350114 3049.470713123825 0.7194750308990479
183 1442.23643 1465.4784624999998 2395.965465130314 0.7233538627624512
184 1442.23643 1461.1493756999998 2018.9702959585902 0.72735595703125
185 1442.23643 1460.3047369999997 2342.860623570642 0.7315690517425537
186 1442.23643 1458.1995029999996 2120.326116266494 0.7355790138244629
187 1442.23643 1456.1309680999998 1305.114678565081 0.7394587993621826
188 1442.23643 1457.6598300999997 1476.4439835820056 0.7433760166168213
189 1442.23643 1464.2909158 2148.785895919542 0.7475929260253906
190 1442.23643 1468.6476489999998 3589.987180507418 0.7516839504241943
191 1442.23643 1461.1551143999998 2807.6645986035173 0.7556109428405762
192 1442.23643 1457.0783815999998 1376.3015949395992 0.7595210075378418
193 1442.23643 1456.7657835999998 1510.4776612268586 0.7634761333465576
194 1442.23643 1460.3036036999997 1889.9404255154766 0.7675139904022217
195 1442.23643 1465.6224976 3114.7761611293204 0.7717020511627197
196 1442.23643 1460.6204324999999 2215.1212031019586 0.7757830619812012
197 1442.23643 1466.1187215 2996.190230248188 0.7797980308532715
198 1442.23643 1465.3377839 2645.5723363132447 0.7837629318237305
199 1442.23643 1458.1494344999999 2007.538031263269 0.7877671718597412
200 1442.23643 1461.4527316 2144.5252704586987 0.7918038368225098
201 1442.23643 1463.9721213 2867.063441716316 0.7956280708312988
202 1442.23643 1455.9907418 1699.8080217351473 0.7995619773864746
203 1442.23643 1457.6358904999997 2308.81770383418 0.8035399913787842
204 1442.23643 1450.067486 810.284126744475 0.8076181411743164
205 1442.23643 1457.5783161 1555.5210087526639 0.8114869594573975
206 1442.23643 1460.1692611 2090.2234466853147 0.815356969833374
207 1442.23643 1454.9392995999997 1574.8326425409043 0.8190951347351074
208 1442.23643 1460.7338043999998 2348.2801446786875 0.8229110240936279
209 1442.23643 1458.2174391999997 2090.832730179372 0.8267979621887207
210 1442.23643 1452.6932017 1133.409707446795 0.8307468891143799
211 1442.23643 1454.0799401999998 1233.353849501092 0.8346250057220459
212 1442.23643 1456.0493886 1378.0273618744936 0.8385119438171387
213 1442.23643 1462.0418068 1774.2096810281655 0.8425412178039551
214 1442.23643 1462.9805724999999 2266.367876781348 0.8465049266815186
215 1442.23643 1454.8121772999998 1367.1404982971749 0.8503811359405518
216 1442.23643 1455.6948810999997 1823.2819799316856 0.8543031215667725
217 1442.23643 1457.0504745 1682.69706462725 0.8581340312957764
218 1442.23643 1457.5206680000001 1532.1422402667092 0.8619720935821533
219 1442.23643 1457.2564742000002 1495.7317049679104 0.8657701015472412
220 1442.23643 1462.9730578000003 2652.4758121305163 0.8696258068084717
221 1442.23643 1462.0520509 2206.2567783598897 0.8734190464019775
222 1442.23643 1465.8555838999998 2952.6597575495007 0.8774340152740479
223 1442.23643 1462.5381161999999 2480.2611401606705 0.8816649913787842
224 1442.23643 1462.4363426999998 3248.609154388196 0.8858098983764648
225 1442.23643 1465.8337075 3194.9891149536534 0.8902158737182617
226 1442.23643 1465.7378431 2598.7382144841163 0.8944258689880371
227 1442.23643 1468.4379765999997 3032.0139058474183 0.8987419605255127
228 1442.23643 1465.3848945999996 1966.2203036896453 0.9031271934509277
229 1442.23643 1460.8845025 1703.4228276551532 0.9069440364837646
230 1442.23643 1463.2966853 1955.139595918909 0.9110100269317627
231 1442.23643 1462.8964397999996 2410.108389069872 0.9152610301971436
232 1442.23643 1466.8879298999998 3210.0660026606406 0.919511079788208
233 1442.23643 1467.8257385999998 2761.369223421805 0.9238159656524658
234 1442.23643 1458.9291645999997 1874.8158887022976 0.9278059005737305
235 1442.23643 1459.0152454999998 1789.1928686844965 0.9318008422851562
236 1442.23643 1460.5619715999999 2117.6596180782335 0.9358479976654053
237 1442.23643 1461.6986919999995 1978.8329391442146 0.9399271011352539
238 1442.23643 1460.2183409999998 1858.7733973242896 0.9439918994903564
239 1442.23643 1458.6693012 1461.5685647358268 0.9481558799743652
240 1442.23643 1459.5598871 1584.6582481465664 0.9521570205688477
241 1442.23643 1458.5772466 1647.2436747726124 0.9562587738037109
242 1442.23643 1458.9194248 1961.778248259601 0.9605369567871094
243 1442.23643 1465.4086674999999 2173.459889356915 0.9646711349487305
244 1442.23643 1460.9407895 2040.1257382205515 0.9686989784240723
245 1442.23643 1462.8255235 2360.756774275645 0.9728667736053467
246 1442.23643 1465.0567646 3038.337873358903 0.9767968654632568
247 1442.23643 1456.7408268999998 1800.1810968739983 0.9808111190795898
248 1442.23643 1454.4999546000001 1434.082478569195 0.9849028587341309
249 1442.23643 1450.3466168 755.9844970496872 0.9889180660247803
The optimum value should be 1442.23643

1442.23643 0.9928209781646729

