INSTANCE: MO5

TOTAL GENERATION IS: 250

-------------------------------------------------------------------------------------------------------------------------

ROUND 1:
Generation, best, average, variance, time(s)
0 7563.087509999999 9410.504430499997 638727.7668307285 0.0033600330352783203
1 2851.80585 8726.7189379 813576.9928766194 0.008435964584350586
2 1856.14435 7323.017092999999 4530752.951861198 0.013483047485351562
3 1513.02927 6053.0710468 7568948.550826429 0.01816415786743164
4 1513.02927 5032.5916119 7403026.975192509 0.022622108459472656
5 1513.02927 4040.7686503999994 6659517.946589329 0.026928186416625977
6 1497.9852700000001 3395.5574592000003 5461030.152883099 0.031165122985839844
7 1497.9852700000001 2902.7024197000005 4077649.3466759734 0.03532719612121582
8 1483.7839299999998 2574.1717401 3213936.553374171 0.03980231285095215
9 1448.7762799999998 2240.326025 2586753.901943557 0.04434013366699219
10 1437.26848 2037.1233098999999 1817804.1785908567 0.04858708381652832
11 1411.11286 1885.2034895000002 1287059.9439807 0.05271029472351074
12 1411.11286 1777.1606802000001 732269.8768131526 0.05659818649291992
13 1411.11286 1711.7596242999998 686104.7123442695 0.06058216094970703
14 1411.11286 1622.9430304999994 423649.233014426 0.06465315818786621
15 1411.11286 1578.9862271 399980.91651144944 0.06862211227416992
16 1411.11286 1566.4977411999996 387989.36758600734 0.07261323928833008
17 1411.11286 1532.4579832999998 265850.61321105587 0.0766150951385498
18 1411.11286 1472.0654400999995 25886.2885642001 0.08068323135375977
19 1411.11286 1454.9265714999995 15396.55944059411 0.0845332145690918
20 1411.11286 1451.0683866999998 15751.85150998411 0.08843016624450684
21 1411.11286 1438.7392806999997 2532.048634607195 0.0922701358795166
22 1411.11286 1435.5241200999997 2314.691543530696 0.09617424011230469
23 1411.11286 1435.3114407999994 2420.346071436838 0.10015535354614258
24 1411.11286 1433.8700208999996 2289.3514459795315 0.10395598411560059
25 1411.11286 1427.8514863999994 1828.9768815046514 0.1077430248260498
26 1411.11286 1428.9634739999995 1836.07240410784 0.11169791221618652
27 1411.11286 1426.2911697999996 1625.3975468557162 0.11579322814941406
28 1411.11286 1428.2203061999994 1812.365499434842 0.11974096298217773
29 1411.11286 1424.9982731999999 1472.0043044497338 0.1236112117767334
30 1411.11286 1428.0129128999997 1785.357416040844 0.1275341510772705
31 1411.11286 1426.1803315999996 1785.3206774468977 0.13123512268066406
32 1411.11286 1423.3222637999995 1340.5307140323653 0.13501334190368652
33 1411.11286 1425.922077 1523.107625549057 0.13884210586547852
34 1411.11286 1430.1250071999996 1720.109952507557 0.14264822006225586
35 1411.11286 1433.8509900999995 1979.7121571144216 0.14653921127319336
36 1411.11286 1432.8339238999997 1965.0949100387825 0.15034818649291992
37 1411.11286 1430.8339408999996 1638.9434984095567 0.1542971134185791
38 1411.11286 1425.8136585999996 1079.416118260962 0.15818119049072266
39 1411.11286 1426.8293153999996 1712.145674716226 0.16202926635742188
40 1411.11286 1428.7298521999996 2567.636708154975 0.16576910018920898
41 1411.11286 1434.3819931999997 3631.7940642111103 0.16953825950622559
42 1411.11286 1427.4661894999997 1503.8191449562364 0.17329716682434082
43 1411.11286 1427.0102795999994 1866.9790875699514 0.17708921432495117
44 1411.11286 1429.1692851999996 2103.2965314770486 0.18080520629882812
45 1411.11286 1426.9743639999995 1841.2295086207057 0.18457818031311035
46 1411.11286 1424.6061297999995 1535.055384274065 0.18833327293395996
47 1411.11286 1420.8167452999996 1165.8158795689353 0.1923232078552246
48 1411.11286 1422.9561837999995 1378.3052575377105 0.19632625579833984
49 1411.11286 1422.3842074999993 1358.0429045965761 0.20017409324645996
50 1411.11286 1426.3077477999996 1803.4449857168916 0.20421934127807617
51 1411.11286 1427.7610241999996 1419.9310921262665 0.20815515518188477
52 1411.11286 1426.3908265999996 1332.9582579259766 0.2121269702911377
53 1411.11286 1421.5796386999996 1073.7052410302715 0.21606111526489258
54 1411.11286 1423.8175984999993 1531.159330813993 0.22013497352600098
55 1411.11286 1430.1617935999996 1724.282171324863 0.2240161895751953
56 1411.11286 1425.2382640999995 1378.5931987582571 0.22789812088012695
57 1411.11286 1425.7164530999994 1189.4340466062756 0.23188114166259766
58 1411.11286 1426.6089196999997 1549.31940043179 0.23582911491394043
59 1411.11286 1429.8689883999996 1988.5219915011414 0.23958826065063477
60 1411.11286 1427.9604402999994 1692.122179128711 0.2434401512145996
61 1411.11286 1429.7376451999996 1625.7836121718035 0.24724221229553223
62 1411.11286 1424.3097824999998 918.9008457570573 0.2510371208190918
63 1411.11286 1428.1546105999996 1392.0368342507284 0.2548680305480957
64 1411.11286 1421.2338421999996 897.9532889677844 0.2586512565612793
65 1411.11286 1424.5046616999994 1368.096984626521 0.26248717308044434
66 1411.11286 1421.3820575999991 993.8656068014581 0.2664351463317871
67 1411.11286 1424.3020180999995 1399.9326888280914 0.27041101455688477
68 1411.11286 1427.1831780999994 1702.7178628099227 0.2742443084716797
69 1411.11286 1420.5467620999996 1188.6650879045808 0.2780942916870117
70 1411.11286 1421.4514090999996 962.1713084205036 0.28184032440185547
71 1411.11286 1424.2578908999997 1390.5829376439806 0.28572821617126465
72 1411.11286 1428.6040038999997 1816.191272480198 0.28945112228393555
73 1411.11286 1431.8433078999997 2170.4070166591096 0.29329729080200195
74 1411.11286 1426.9312740999997 1683.297649887506 0.29721498489379883
75 1411.11286 1429.3723756999993 2112.0358408502884 0.30109333992004395
76 1411.11286 1428.5855902999995 2049.066101813943 0.305037260055542
77 1411.11286 1430.1662677999996 2512.399102941469 0.30899906158447266
78 1411.11286 1429.0795914 2277.071337341434 0.31276512145996094
79 1411.11286 1433.7425162999996 2698.067788418337 0.3165891170501709
80 1411.11286 1433.2203134999995 2523.7073908143498 0.3204381465911865
81 1411.11286 1431.4242589999997 2565.4373338566966 0.32418203353881836
82 1411.11286 1434.7565130999997 2230.882223827591 0.32796502113342285
83 1411.11286 1431.6483672999996 1971.997807822692 0.331754207611084
84 1411.11286 1429.9836027999993 2009.0834906751331 0.33550119400024414
85 1411.11286 1430.2050847999997 2137.008820009947 0.3393280506134033
86 1411.11286 1424.6168195999992 1642.279725236883 0.343555212020874
87 1411.11286 1425.2560581999994 1494.6377231976824 0.34738802909851074
88 1411.11286 1426.9323663999996 1633.0241697972845 0.3513071537017822
89 1411.11286 1424.7290146999994 1305.6499847862156 0.35525989532470703
90 1411.11286 1424.8601140999992 1600.8097380662214 0.3590512275695801
91 1411.11286 1428.6642118999996 1833.4108644474045 0.3628571033477783
92 1411.11286 1429.7671382999997 2179.778148147143 0.3666691780090332
93 1411.11286 1425.3544225999995 1356.3706598665613 0.3705151081085205
94 1411.11286 1424.2640758999996 1220.8043608153444 0.374345064163208
95 1411.11286 1433.7199750999996 2195.9355808115065 0.37824511528015137
96 1411.11286 1433.4374479999992 2881.681034073533 0.38227200508117676
97 1411.11286 1436.6208353999996 3373.8000746602997 0.3861541748046875
98 1411.11286 1429.6034803999996 2621.7513757400725 0.38991308212280273
99 1411.11286 1432.0245604999996 2593.620587346112 0.39371514320373535
100 1411.11286 1436.5326453999994 3008.22282045804 0.397503137588501
101 1411.11286 1438.1043960999993 3674.6653855424206 0.4013082981109619
102 1411.11286 1433.0879314999995 2643.4765154257975 0.40505504608154297
103 1411.11286 1432.2843665999994 2546.0478090553806 0.408886194229126
104 1411.11286 1424.9343492999992 1458.2589653506855 0.4127192497253418
105 1411.11286 1425.8458264999995 1689.6733058082982 0.41661596298217773
106 1411.11286 1428.1432398999996 1694.4583903816226 0.42049527168273926
107 1411.11286 1429.9362988999992 1672.2898375498148 0.42439723014831543
108 1411.11286 1428.4717856999996 1654.1166261429469 0.4281632900238037
109 1411.11286 1427.3714823999994 1527.8098955243067 0.4319441318511963
110 1411.11286 1424.3292251999994 1291.5875992093067 0.4357011318206787
111 1411.11286 1424.5479756999994 1523.257145505886 0.4394969940185547
112 1411.11286 1425.9722278999998 1368.1751815152693 0.4432342052459717
113 1411.11286 1423.3806476999994 878.9850277079769 0.4470510482788086
114 1411.11286 1424.1184551999995 1108.9404988381305 0.4508349895477295
115 1411.11286 1423.1388996999997 1409.0295263384241 0.4546842575073242
116 1411.11286 1429.8964570999995 2209.378303322918 0.45865702629089355
117 1411.11286 1431.2681690999993 2452.9895598923486 0.46240901947021484
118 1411.11286 1422.1026210999996 1414.0781420816704 0.46627306938171387
119 1411.11286 1422.3439633999994 1665.6896065121064 0.47010016441345215
120 1411.11286 1424.3589539999996 2284.7283912009734 0.473952054977417
121 1411.11286 1428.0916718999997 2131.063305322852 0.4776911735534668
122 1411.11286 1428.4609705999994 2203.763487202078 0.4814891815185547
123 1411.11286 1426.4264074999996 1663.4208000712276 0.4853241443634033
124 1411.11286 1427.3466984999995 1385.5572705970544 0.4890482425689697
125 1411.11286 1424.1795113999997 1160.7851950655363 0.4929831027984619
126 1411.11286 1421.9589092999993 836.7949237542896 0.4968540668487549
127 1411.11286 1423.6013252999994 1163.7342930588002 0.5006420612335205
128 1411.11286 1424.7193450999994 1299.5456978988277 0.5044190883636475
129 1411.11286 1427.8500214999995 1791.2079711606418 0.508181095123291
130 1411.11286 1429.5584497999994 2323.8747923081896 0.5119712352752686
131 1411.11286 1425.5723872999995 1444.459474645926 0.5157163143157959
132 1411.11286 1424.3116312999994 1012.3718757307255 0.5194821357727051
133 1411.11286 1424.8253192999994 1085.0289344880575 0.5233333110809326
134 1411.11286 1426.1261228999997 1244.9264724568475 0.5270991325378418
135 1411.11286 1426.2101657999995 1409.3084444691872 0.5310161113739014
136 1411.11286 1424.9373572999996 1657.2971961633555 0.5348801612854004
137 1411.11286 1429.3124644999996 2029.169154475064 0.5386502742767334
138 1411.11286 1426.9392530999996 1684.3343130886801 0.5424461364746094
139 1411.11286 1424.1813314999995 1380.241023281502 0.5461862087249756
140 1411.11286 1423.1497055999994 1303.1245922913529 0.5500180721282959
141 1411.11286 1423.1964572999993 1326.7224477173988 0.5539243221282959
142 1411.11286 1422.8949421999994 1371.7772940802847 0.5577971935272217
143 1411.11286 1425.5164898999997 1657.784433331513 0.5617349147796631
144 1411.11286 1429.3508246999997 1722.0321844572536 0.5655901432037354
145 1411.11286 1431.4516557999998 2053.6951036176674 0.5695390701293945
146 1411.11286 1430.1038270999995 1787.0714037360303 0.5734033584594727
147 1411.11286 1429.4899622999997 1516.7579756340106 0.5772881507873535
148 1411.11286 1429.8571282999997 1900.6442598384278 0.5811882019042969
149 1411.11286 1430.9306682999998 2042.556827300674 0.5851390361785889
150 1411.11286 1426.1175679999997 1719.4099793172456 0.5890622138977051
151 1411.11286 1430.0904052999997 2221.7436558958348 0.5930020809173584
152 1411.11286 1430.0276280999992 2173.678333304585 0.5969290733337402
153 1411.11286 1427.4760715999996 1757.0216297948948 0.6008913516998291
154 1411.11286 1438.8257996999996 3117.7292419586965 0.6048750877380371
155 1411.11286 1432.9835975999997 2316.1578513679333 0.6090183258056641
156 1411.11286 1428.3767305999995 1719.1966747576078 0.6129531860351562
157 1411.11286 1427.5369478999992 1539.192398903793 0.6169431209564209
158 1411.11286 1424.8256605999995 1180.2019388088315 0.6207339763641357
159 1411.11286 1422.4712961999994 1170.8230971368519 0.6244843006134033
160 1411.11286 1420.8776294999996 829.9268154210689 0.628223180770874
161 1411.11286 1427.1414603999997 1723.833579279608 0.6320230960845947
162 1411.11286 1424.3492480999996 1265.4905514212958 0.6358551979064941
163 1411.11286 1422.1106919999993 946.3747883298423 0.6396811008453369
164 1411.11286 1430.2992182999994 1976.3868687805225 0.6436412334442139
165 1411.11286 1431.9531892999994 2072.335342756501 0.6476340293884277
166 1411.11286 1429.7284198999996 2130.2447463097074 0.6514732837677002
167 1411.11286 1431.2307656999994 2501.815176552297 0.6552300453186035
168 1411.11286 1425.2137665999994 1563.9584300061535 0.659027099609375
169 1411.11286 1424.4162180999995 1645.6353185678565 0.6627819538116455
170 1411.11286 1422.4277313999994 1219.6849977726552 0.666546106338501
171 1411.11286 1426.8361288999995 1624.2967110649938 0.6702480316162109
172 1411.11286 1430.8688746999997 1913.6559148709823 0.6740841865539551
173 1411.11286 1434.1087513999996 2123.0513137610887 0.6779153347015381
174 1411.11286 1425.5972868999995 1301.4117443973294 0.6818702220916748
175 1411.11286 1425.6640745999998 1239.9885303574563 0.685697078704834
176 1411.11286 1428.0595785999997 1772.4511149820216 0.68955397605896
177 1411.11286 1431.7481947999995 2377.494683387668 0.6933791637420654
178 1411.11286 1427.6347795999995 1769.95601263128 0.6971521377563477
179 1411.11286 1427.7141618999997 1574.288433167413 0.7009100914001465
180 1411.11286 1426.5427476999996 1400.2707191996642 0.7047441005706787
181 1411.11286 1421.8481936999995 990.9131280622943 0.7084863185882568
182 1411.11286 1424.0076445999994 1209.601575682972 0.7121932506561279
183 1411.11286 1426.4564791999996 1738.6178496747214 0.7159690856933594
184 1411.11286 1429.9579911999995 2631.351824654898 0.7199182510375977
185 1411.11286 1428.2302967999995 2519.5388772898878 0.7237341403961182
186 1411.11286 1426.2198951999994 1796.128896675027 0.7275271415710449
187 1411.11286 1424.3505024999995 1664.286931466328 0.7312452793121338
188 1411.11286 1425.8675352999992 2165.2176522552936 0.7349681854248047
189 1411.11286 1428.9089416999993 3210.2878327832086 0.7388241291046143
190 1411.11286 1424.7635054999994 1654.2102333050966 0.7428040504455566
191 1411.11286 1431.4102910999995 2261.4460781627927 0.746746301651001
192 1411.11286 1434.4527424999997 2126.578999927724 0.7508811950683594
193 1411.11286 1426.6922939999995 1505.1596068121864 0.7551991939544678
194 1411.11286 1423.6730955999994 1268.9361542546642 0.7593390941619873
195 1411.11286 1428.2680937999994 2095.1021596224386 0.7633771896362305
196 1411.11286 1431.6272920999995 3061.368605579348 0.7673699855804443
197 1411.11286 1426.2177793999995 1718.6330496911191 0.7710840702056885
198 1411.11286 1424.2558222999994 1256.9906118920626 0.7748692035675049
199 1411.11286 1424.0695771999997 1347.0330529338562 0.7787599563598633
200 1411.11286 1424.4791573999996 1552.7361178524736 0.7826950550079346
201 1411.11286 1424.3185393999997 1517.0222130231466 0.7866110801696777
202 1411.11286 1429.1095267999992 1982.8680242800112 0.7905092239379883
203 1411.11286 1425.4882369999996 1883.9145981239778 0.7946193218231201
204 1411.11286 1421.6923283999995 1034.7468099994803 0.7986471652984619
205 1411.11286 1424.7119291999995 1225.581145456057 0.8026082515716553
206 1411.11286 1424.7854444999996 1294.2927564976612 0.8066351413726807
207 1411.11286 1419.9459564999995 700.2265484598713 0.8108150959014893
208 1411.11286 1420.9760520999992 791.2753534914291 0.8148670196533203
209 1411.11286 1422.1384515999996 1271.2409874864284 0.8187410831451416
210 1411.11286 1424.1156494999993 999.2818367555301 0.8225741386413574
211 1411.11286 1422.6907065999994 1024.2494511797966 0.8263521194458008
212 1411.11286 1422.9880232999994 1086.576430335927 0.8303072452545166
213 1411.11286 1424.0938533999995 1273.530376300969 0.8345911502838135
214 1411.11286 1423.2294351999997 1511.8940808774842 0.838630199432373
215 1411.11286 1425.7840501999995 1858.8644172560516 0.842879056930542
216 1411.11286 1423.8935900999995 1609.8057140857795 0.846743106842041
217 1411.11286 1425.0594243999994 1993.234429866914 0.8506431579589844
218 1411.11286 1426.4201209999997 2115.553576269552 0.8545441627502441
219 1411.11286 1425.9087215999994 1354.8352691404632 0.8585081100463867
220 1411.11286 1423.1101729999996 1157.0127829213138 0.862511157989502
221 1411.11286 1429.6455054999997 1748.0925017390673 0.8668451309204102
222 1411.11286 1430.2534962999996 2442.5373222490207 0.8710191249847412
223 1411.11286 1434.2282747999998 2562.5581576976965 0.8751790523529053
224 1411.11286 1433.3372058999996 2395.40854052916 0.8795211315155029
225 1411.11286 1423.7245047 1253.5379526399347 0.8835761547088623
226 1411.11286 1421.4944401999996 908.2586061039729 0.8875870704650879
227 1411.11286 1423.5927017999993 1065.8941964198887 0.8916261196136475
228 1411.11286 1425.9129351999995 1657.7052789463405 0.8956019878387451
229 1411.11286 1423.0243196999995 1530.3143300983795 0.8995401859283447
230 1411.11286 1425.6492279999993 1587.925945328667 0.9034733772277832
231 1411.11286 1429.8701448 2851.0898917309673 0.9076743125915527
232 1411.11286 1421.3761456999994 1388.4747315441602 0.9117510318756104
233 1411.11286 1425.0357745 1596.3418405754812 0.9158620834350586
234 1411.11286 1423.3295339999995 1476.6796058724822 0.9198400974273682
235 1411.11286 1424.0981685999996 2129.1284087071817 0.9238202571868896
236 1411.11286 1432.0334058999993 2892.263349774171 0.9277091026306152
237 1411.11286 1431.3040210999998 2783.65649336965 0.9315621852874756
238 1411.11286 1433.2501428999997 2791.132813946915 0.9353551864624023
239 1411.11286 1424.5056444999996 1907.0581249282666 0.939216136932373
240 1411.11286 1431.1094582999992 2564.498457860063 0.9430232048034668
241 1411.11286 1427.6394078999997 2154.568618910194 0.9472620487213135
242 1411.11286 1428.8917872999996 2347.3400678371863 0.9512920379638672
243 1411.11286 1425.3184608999995 1917.077357962975 0.9553122520446777
244 1411.11286 1423.9553357999996 1475.0897694454109 0.9592781066894531
245 1411.11286 1423.9532299999998 1480.7918984688847 0.9631822109222412
246 1411.11286 1426.2866489999994 1663.9095067770331 0.9670212268829346
247 1411.11286 1423.8111583999992 1377.5743685679831 0.9708120822906494
248 1411.11286 1423.9110793999996 1467.516470521466 0.9746241569519043
249 1411.11286 1424.7331964999996 1343.196593914731 0.9784080982208252
The optimum value should be 1408.76638

1411.11286 0.9822521209716797

-------------------------------------------------------------------------------------------------------------------------

ROUND 2:
Generation, best, average, variance, time(s)
0 6640.96839 9336.158509699999 1058386.406197354 0.0034668445587158203
1 2827.51037 8654.6756737 1629955.0631911776 0.008440017700195312
2 2120.1810499999997 6822.2257948 5730976.50680872 0.01302194595336914
3 1699.97579 5762.624762299999 7005959.034712311 0.017403125762939453
4 1528.1896199999996 4598.032615399999 6497832.817032436 0.021576881408691406
5 1528.1896199999996 3674.8741334999995 5135212.557498729 0.025697946548461914
6 1511.9578800000002 2908.7833656 2975955.6509866593 0.029850006103515625
7 1506.4178499999998 2683.2536778000003 2724258.7341214865 0.03384804725646973
8 1506.4178499999998 2377.5097181999995 1541037.4260894486 0.03785109519958496
9 1455.3591299999998 2100.8149854999997 1036075.342449885 0.04197096824645996
10 1444.8623199999997 1946.9948057 779728.7575016421 0.04585886001586914
11 1416.10338 1855.7924421999999 635260.8837343365 0.049768924713134766
12 1416.10338 1753.5034282999995 404465.541989926 0.0536038875579834
13 1416.10338 1684.4517609999998 332366.75063712243 0.05744600296020508
14 1416.10338 1647.5482666000003 248764.66968961695 0.061261892318725586
15 1416.10338 1615.0075439 224960.19221286147 0.0651099681854248
16 1416.10338 1578.4323984999999 183243.92091200358 0.06891107559204102
17 1416.10338 1556.8546396 151614.7412758373 0.07271289825439453
18 1416.10338 1531.9698523999996 100792.74236725371 0.0765678882598877
19 1416.10338 1480.7455769999995 26294.043362564895 0.08058786392211914
20 1416.10338 1470.4487176999996 22933.003244281932 0.08447098731994629
21 1416.10338 1458.9585183999995 12349.700226045796 0.08826303482055664
22 1416.10338 1453.2283484 11337.750898662305 0.0920109748840332
23 1416.10338 1451.2442316999995 9364.081775538409 0.09579110145568848
24 1416.10338 1450.2478819999994 9303.191877575946 0.09959888458251953
25 1416.10338 1444.7961705999996 6490.097428541531 0.10338807106018066
26 1416.10338 1444.6531957999998 5978.397110118441 0.10718512535095215
27 1416.10338 1441.7578061000002 3587.612569859828 0.11101198196411133
28 1416.10338 1440.1406092 3705.844081206407 0.11487197875976562
29 1416.10338 1441.5406854999997 3773.453582655113 0.11890983581542969
30 1416.10338 1436.9596515999997 2228.6215928658976 0.12266397476196289
31 1416.10338 1431.8684868999997 1789.6209267583013 0.12644195556640625
32 1416.10338 1434.0970968999995 2097.7327253118897 0.1301569938659668
33 1416.10338 1437.2233843999995 2491.3389539428413 0.13391780853271484
34 1411.11286 1431.0929390999997 1817.15172017062 0.13769102096557617
35 1411.11286 1441.2090260999996 1998.1327389489543 0.1414470672607422
36 1411.11286 1434.6077029999997 1015.3798264322137 0.14528894424438477
37 1411.11286 1435.7687955999997 1241.1835783627555 0.14917492866516113
38 1411.11286 1434.4142853999992 1592.7163082071609 0.15304207801818848
39 1411.11286 1429.6033382999997 1385.3628912914369 0.15701913833618164
40 1411.11286 1428.2043473999997 1188.5337803511165 0.16088199615478516
41 1411.11286 1428.7528740999996 1287.066893742719 0.1647169589996338
42 1411.11286 1426.5334709999995 1087.995154435839 0.1684870719909668
43 1411.11286 1430.2626217999996 1583.906777941215 0.1723318099975586
44 1411.11286 1428.1406978999999 1296.7258435962942 0.17615890502929688
45 1411.11286 1427.2090520999993 1417.0136364688071 0.17994213104248047
46 1411.11286 1429.8860215999996 1786.6747297732127 0.18372893333435059
47 1411.11286 1427.5128194999995 1477.5513123664098 0.1875600814819336
48 1411.11286 1423.6296504999993 1600.5031504792266 0.1914968490600586
49 1411.11286 1426.7059872999994 2306.2721148545193 0.1952958106994629
50 1411.11286 1425.3171264999994 2169.1306331838073 0.19915509223937988
51 1411.11286 1417.7891803999996 536.0207397488452 0.2029109001159668
52 1411.11286 1422.6124547999996 970.4863896898528 0.20670795440673828
53 1411.11286 1424.4565465999995 984.5257843030188 0.21049904823303223
54 1411.11286 1421.7332717999996 1094.0525926700266 0.21437692642211914
55 1411.11286 1419.4511017999996 1017.3319963342798 0.21830177307128906
56 1411.11286 1424.9200398999994 1614.2912731153847 0.2221829891204834
57 1411.11286 1425.0325739999998 1287.1193300150255 0.22600793838500977
58 1411.11286 1426.6876670999998 1633.629890908752 0.23000788688659668
59 1411.11286 1424.4488460999999 1293.3252523400342 0.23384594917297363
60 1411.11286 1421.3730114999996 830.1248189174817 0.2376999855041504
61 1411.11286 1422.5717189999996 986.8103374954067 0.24155306816101074
62 1411.11286 1426.6070480999995 1594.8020788413073 0.24530816078186035
63 1411.11286 1434.3184721999996 2536.7157739367885 0.24912095069885254
64 1411.11286 1431.6383127999993 2049.534836783669 0.2530229091644287
65 1411.11286 1428.8739657999995 1940.8704047536858 0.2568519115447998
66 1411.11286 1428.8107887999995 2082.453672622959 0.2606968879699707
67 1411.11286 1434.8905996999995 2737.9141933168216 0.2646150588989258
68 1411.11286 1434.6458354999995 2798.7557736585272 0.26857900619506836
69 1411.11286 1436.6990916999994 2935.0221820946167 0.2723579406738281
70 1411.11286 1434.2462294999993 2909.0748933574923 0.2762439250946045
71 1411.11286 1430.0898535999995 1873.260052727874 0.2799367904663086
72 1411.11286 1420.7909120999993 923.1216972265448 0.28373074531555176
73 1411.11286 1426.6842998999994 1721.3802597528074 0.2874889373779297
74 1411.11286 1427.0264277999993 1416.0720478224255 0.2913079261779785
75 1411.11286 1427.1644982999994 1660.205004213836 0.29515790939331055
76 1411.11286 1424.0470875999995 1360.1648593722605 0.29894590377807617
77 1411.11286 1426.2324516999995 1506.004452161635 0.3029329776763916
78 1411.11286 1425.5117585999997 1669.6621223967022 0.30677294731140137
79 1411.11286 1426.2249840999998 1682.5128524688353 0.3105509281158447
80 1411.11286 1427.8212193999996 2055.5478951332293 0.31429290771484375
81 1411.11286 1428.4933649999994 2275.3594078933793 0.3181319236755371
82 1411.11286 1433.1200942999994 2415.933472515658 0.3219459056854248
83 1411.11286 1428.9047436999995 1974.056189550728 0.3258237838745117
84 1411.11286 1426.6833680999996 1794.8183432529927 0.32972097396850586
85 1411.11286 1431.0147036999995 2058.7090835407844 0.33359408378601074
86 1411.11286 1432.9604780999994 2341.910177743923 0.3374340534210205
87 1411.11286 1430.0810885999995 1841.442636504446 0.34137988090515137
88 1411.11286 1427.0878436999994 1737.7843636109556 0.3453238010406494
89 1411.11286 1427.0760902999996 1612.774324503146 0.34914708137512207
90 1411.11286 1427.6659331999995 1928.4845855754384 0.3529849052429199
91 1411.11286 1426.5431361999995 2178.907260859533 0.3568089008331299
92 1411.11286 1423.0124860999995 1174.7704583771172 0.3606550693511963
93 1411.11286 1424.0298832999993 1526.0211750961653 0.3644719123840332
94 1411.11286 1422.8100731999991 1240.2352666842723 0.3683178424835205
95 1411.11286 1423.0184413999998 1255.4492515917304 0.37210798263549805
96 1411.11286 1426.9759350999998 1490.169541802011 0.37595415115356445
97 1411.11286 1426.0414168999994 1588.4776639319648 0.3799247741699219
98 1411.11286 1426.1900071999996 1565.5278210952945 0.3837909698486328
99 1411.11286 1424.9317107999993 1948.753049219654 0.38754701614379883
100 1411.11286 1423.3188859999996 1295.9490910401187 0.39137697219848633
101 1411.11286 1423.1544614999991 1997.674083201177 0.3951568603515625
102 1411.11286 1422.2832395999994 1207.6100371059567 0.39906811714172363
103 1411.11286 1421.2387045999994 1113.8747670846583 0.4028620719909668
104 1411.11286 1417.8479763999994 610.1186791184656 0.40667104721069336
105 1411.11286 1423.6022097999992 1046.423878963031 0.4105799198150635
106 1411.11286 1423.7985446999996 1062.764244292909 0.4144129753112793
107 1411.11286 1423.2181125999996 905.09422411919 0.4184610843658447
108 1411.11286 1425.1944154999996 1288.039028767987 0.42240285873413086
109 1411.11286 1426.6931325999997 1665.5671299159592 0.4262509346008301
110 1411.11286 1427.8575268999996 1836.2498373830726 0.4300379753112793
111 1411.11286 1427.3718126999995 1731.055982891806 0.4338798522949219
112 1411.11286 1427.5633898999995 1854.2182323745953 0.4377419948577881
113 1411.11286 1435.9451002999995 2508.0680631156374 0.441572904586792
114 1411.11286 1433.9021929999994 2427.1903427195934 0.4453918933868408
115 1411.11286 1430.5604209999992 1737.1160396256082 0.4492459297180176
116 1411.11286 1425.7215317999996 1383.8794080065097 0.45325613021850586
117 1411.11286 1425.5097701999996 1372.4191283818184 0.45717382431030273
118 1411.11286 1426.3482294999994 1346.8938291900631 0.4609959125518799
119 1411.11286 1420.7733368999993 676.0998174795644 0.46476101875305176
120 1411.11286 1427.7462341999997 1631.3133194363472 0.46854114532470703
121 1411.11286 1427.6922671999994 1650.2634980645087 0.4723470211029053
122 1411.11286 1426.7418719999994 1577.606441336944 0.47614407539367676
123 1411.11286 1425.8052785999994 2173.331827076504 0.4798729419708252
124 1411.11286 1436.8072845999995 3189.4032100093264 0.48362207412719727
125 1411.11286 1435.3608868 2524.995558865112 0.48739075660705566
126 1411.11286 1426.0705145999993 1877.9347983385278 0.49130892753601074
127 1411.11286 1426.6002161999995 1899.4864992585133 0.49521708488464355
128 1411.11286 1425.6193681999994 1823.5659199288427 0.49918389320373535
129 1411.11286 1423.9329334999995 1741.4383798730694 0.5031399726867676
130 1411.11286 1421.4450496999996 1163.6943028450044 0.5070149898529053
131 1411.11286 1426.0700989999996 1832.8346194207845 0.5108489990234375
132 1411.11286 1430.4405977999995 2714.0081390968926 0.5146689414978027
133 1411.11286 1433.3196584999998 2961.3824993777366 0.5185019969940186
134 1411.11286 1430.4208720999998 2558.26625590031 0.5222980976104736
135 1411.11286 1430.9452489999996 2035.6187303178813 0.5260751247406006
136 1411.11286 1433.1202219999996 2570.477441068893 0.5300869941711426
137 1411.11286 1427.6157851999994 1812.5296825235832 0.5339269638061523
138 1411.11286 1428.3418808999995 1884.513902097252 0.537736177444458
139 1411.11286 1426.9641618999997 1760.4262748726487 0.5414540767669678
140 1411.11286 1426.5361078999995 1726.8919785314793 0.5452210903167725
141 1411.11286 1428.4584057999996 1889.848531482835 0.5489749908447266
142 1411.11286 1431.2072665999995 2012.4848180202277 0.5528848171234131
143 1411.11286 1429.2921742999997 2178.8670013803244 0.556934118270874
144 1411.11286 1427.0082241999996 1570.5365922269252 0.5608739852905273
145 1411.11286 1427.8144220999995 1853.1382217263267 0.5649640560150146
146 1411.11286 1427.5906273999994 2599.0308059965832 0.569072961807251
147 1411.11286 1426.1489361999993 1568.545459019406 0.5730299949645996
148 1411.11286 1422.0082775999992 1166.8267565660892 0.5769939422607422
149 1411.11286 1422.3104144999995 1239.6587604440726 0.5809409618377686
150 1411.11286 1429.3948597999995 1837.0614141480223 0.5848407745361328
151 1411.11286 1429.2964696999995 1658.6976340518204 0.5888550281524658
152 1411.11286 1430.7023347999993 1957.1819359222584 0.5927488803863525
153 1411.11286 1428.9027139999996 1634.1339171325671 0.5968160629272461
154 1411.11286 1426.9018261999995 2059.2870124052324 0.6007769107818604
155 1411.11286 1422.5522948999994 967.057798940202 0.604773998260498
156 1411.11286 1427.6846756999992 1287.241137183062 0.6087658405303955
157 1411.11286 1425.9360932999996 1365.5895332818184 0.6126828193664551
158 1411.11286 1424.2126563999993 1661.9467954593188 0.6165621280670166
159 1411.11286 1423.2661731999992 1417.8518722928536 0.6204068660736084
160 1411.11286 1423.8718287999995 1373.6330955771803 0.6241908073425293
161 1411.11286 1428.6722776999993 2186.324183538936 0.6279878616333008
162 1411.11286 1432.8734830999997 2553.4345633653875 0.6317739486694336
163 1411.11286 1435.0875957999995 2524.491506605783 0.6356289386749268
164 1411.11286 1443.3752567999995 4502.713653630212 0.6394720077514648
165 1411.11286 1438.1416017999995 3897.7229483365595 0.6433329582214355
166 1411.11286 1438.3395608999992 3784.0887946085845 0.6471867561340332
167 1411.11286 1428.8614688999994 1829.185669949632 0.651026725769043
168 1411.11286 1427.7596823999995 1697.8234783632495 0.6548199653625488
169 1411.11286 1429.2051381999993 1881.9273348226475 0.6587429046630859
170 1411.11286 1432.6794384999998 2633.9687850570876 0.6625378131866455
171 1411.11286 1434.9295981999996 2664.694153933253 0.6663320064544678
172 1411.11286 1434.3205416999997 2841.378517085227 0.6701548099517822
173 1411.11286 1432.7957132 2613.114748435084 0.6738829612731934
174 1411.11286 1425.1074281999995 1657.0355135679204 0.6778428554534912
175 1411.11286 1423.4322441999996 1375.8408250548114 0.6818630695343018
176 1411.11286 1429.2663812999995 2474.5062661221823 0.6856439113616943
177 1411.11286 1424.8708280999992 1849.8624549147862 0.6894359588623047
178 1411.11286 1426.0031253999996 1453.4271760731242 0.6932168006896973
179 1411.11286 1427.1792694999997 1520.6518960072315 0.696990966796875
180 1411.11286 1429.1720342999993 2116.1235130739137 0.7008538246154785
181 1411.11286 1430.1897133999994 2399.896730523598 0.7046270370483398
182 1411.11286 1427.0520035999994 2004.2233127593906 0.7084760665893555
183 1411.11286 1426.0120810999995 1864.0757796643386 0.7123479843139648
184 1411.11286 1426.8301345999996 1768.5529978583418 0.716364860534668
185 1411.11286 1426.8361021999995 1875.1550901543367 0.7204477787017822
186 1411.11286 1428.9379251999997 1867.1052104638702 0.7243990898132324
187 1411.11286 1420.1853226999995 759.7164103958464 0.7282290458679199
188 1411.11286 1421.7293755999997 925.6094033369147 0.7320518493652344
189 1411.11286 1425.5051372999994 1466.335256195971 0.7358729839324951
190 1411.11286 1426.4309579999995 1841.0779925508477 0.7396121025085449
191 1411.11286 1427.500973399999 2791.4750553453755 0.7434659004211426
192 1411.11286 1424.5019671999994 1875.9023085987415 0.7474558353424072
193 1411.11286 1422.5252075999992 1220.2001220261905 0.7513389587402344
194 1411.11286 1421.3792596999995 1111.4117849644028 0.755303144454956
195 1411.11286 1424.0980635999993 1394.5423592288414 0.7591679096221924
196 1411.11286 1423.9058759999998 1327.282811017842 0.7630069255828857
197 1411.11286 1424.9770218999993 1537.3970059231185 0.7667739391326904
198 1411.11286 1420.6809760999995 967.8153991277734 0.7705628871917725
199 1411.11286 1421.0142825999997 1017.9643489859038 0.7743508815765381
200 1411.11286 1422.0750049999997 1174.6717996868326 0.7781519889831543
201 1411.11286 1423.8090120999993 1278.6453353237566 0.7818539142608643
202 1411.11286 1428.7948086999997 2084.647029756016 0.7856888771057129
203 1411.11286 1423.8767231999993 1337.9262176350699 0.7894508838653564
204 1411.11286 1429.5063496999996 1745.572271323658 0.7934160232543945
205 1411.11286 1424.4132385999994 1285.4207373263562 0.7972660064697266
206 1411.11286 1429.8510717999995 1726.672131272461 0.8010818958282471
207 1411.11286 1429.9683544999996 2123.49704673716 0.8050200939178467
208 1411.11286 1425.0892813999994 1313.887514213989 0.8088738918304443
209 1411.11286 1423.7597396999993 1164.4770750824061 0.8129048347473145
210 1411.11286 1427.5163969999996 1576.5858627106045 0.8169379234313965
211 1411.11286 1426.0426933999995 1463.0954145380488 0.8207509517669678
212 1411.11286 1425.1796746999999 1284.9544350007784 0.8246378898620605
213 1411.11286 1427.5052781999996 1717.4765380648732 0.8287510871887207
214 1411.11286 1426.3761955999994 1638.7334917566964 0.8328988552093506
215 1411.11286 1425.9643134999994 1705.0284143920537 0.8368330001831055
216 1411.11286 1425.7977874999995 1729.983502132499 0.8409287929534912
217 1411.11286 1425.4007055999996 1754.2317489630807 0.8449687957763672
218 1411.11286 1425.9864448999995 1557.0766789206107 0.8490040302276611
219 1411.11286 1431.7247746999994 2047.5657643762697 0.8532090187072754
220 1411.11286 1430.9930575999997 2183.1412189967223 0.8572998046875
221 1411.11286 1429.7894671999993 2103.8484250841225 0.8611650466918945
222 1411.11286 1430.0595161999997 1884.4819761578128 0.8650119304656982
223 1411.11286 1428.1214079999993 1525.5269380863358 0.8691010475158691
224 1411.11286 1426.4343847999996 1358.383236791336 0.8731029033660889
225 1411.11286 1425.2544860999997 1460.7924125139261 0.8769791126251221
226 1411.11286 1423.9335479999995 1409.336002878453 0.8809349536895752
227 1411.11286 1428.0533401999994 2233.215356513412 0.8847498893737793
228 1411.11286 1426.2868558999994 2302.8847888702985 0.8884599208831787
229 1411.11286 1427.8337470999995 2123.39854091404 0.8923709392547607
230 1411.11286 1427.1997496999993 2084.250567210143 0.8962857723236084
231 1411.11286 1427.1845242999996 2336.532966943952 0.9002788066864014
232 1411.11286 1428.1901782999994 2005.6698125973326 0.904217004776001
233 1411.11286 1423.2938747999995 1234.8724939910462 0.9083669185638428
234 1411.11286 1423.0765417999996 1434.1309867802902 0.9121029376983643
235 1411.11286 1422.8217236999992 1232.8714556402367 0.9158899784088135
236 1411.11286 1426.0355739999993 1461.1021151430248 0.919752836227417
237 1411.11286 1433.9437877999997 2630.358112411157 0.9234910011291504
238 1411.11286 1433.1613897999994 2314.9660228731027 0.9272401332855225
239 1411.11286 1432.2510579999996 2201.499842234369 0.9309768676757812
240 1411.11286 1434.5592052999993 2615.7021118111097 0.9347560405731201
241 1411.11286 1432.1940771999994 2558.7823598150353 0.9385268688201904
242 1411.11286 1428.7492581999995 1680.0339342076134 0.9425079822540283
243 1411.11286 1428.2989208999995 1722.0398839210673 0.9464550018310547
244 1411.11286 1431.2958269999995 2140.305670063779 0.9502718448638916
245 1411.11286 1423.0814753999998 1140.7009343607945 0.9541327953338623
246 1411.11286 1422.7624110999996 1079.3631154032116 0.957874059677124
247 1408.7663800000003 1427.7361350999993 1601.9546171827114 0.9616680145263672
248 1408.7663800000003 1444.9582001999995 3374.989717356363 0.9655158519744873
249 1408.7663800000003 1444.5696745999999 2454.61975837753 0.9693810939788818
The optimum value should be 1408.76638

1408.7663800000003 0.9732909202575684

-------------------------------------------------------------------------------------------------------------------------

ROUND 3:
Generation, best, average, variance, time(s)
0 7506.82725 9339.8211368 818030.0071544946 0.0034897327423095703
1 2787.66461 8927.2794595 1276838.8482222927 0.00865483283996582
2 1737.4923 6996.333941599999 6069989.53982076 0.013211727142333984
3 1538.3306399999997 5692.218024600001 6917654.999004963 0.01766681671142578
4 1538.3306399999997 4853.005444400001 6844463.013930394 0.02198505401611328
5 1536.8851399999999 3868.6152194 5832377.499152545 0.0262148380279541
6 1536.8851399999999 3445.9450634000004 5143085.341752376 0.030357837677001953
7 1536.8851399999999 2936.7823496 3982014.4717360805 0.03447985649108887
8 1462.33506 2402.7454496 1840164.8282027838 0.038518667221069336
9 1462.33506 2202.4734664000002 1434212.0833963344 0.04263186454772949
10 1442.44866 2066.6604477 1247336.1550051915 0.0465397834777832
11 1442.44866 1933.1151169000002 889910.2262937869 0.05041170120239258
12 1440.24833 1817.1462204999998 732245.8239649306 0.05426383018493652
13 1432.7242099999999 1671.2602055999998 308685.80003199895 0.05811262130737305
14 1432.7242099999999 1655.7539166999998 292798.507717155 0.06197977066040039
15 1420.2192499999999 1566.9264100999997 103659.45580449332 0.06579470634460449
16 1420.2192499999999 1514.4643616999997 52317.0984751038 0.06962203979492188
17 1420.2192499999999 1505.2863437999997 53962.93435059228 0.07348465919494629
18 1415.4760699999997 1496.0055867 53652.07662328526 0.07747888565063477
19 1415.4760699999997 1482.2221587000001 48201.02760889474 0.08138179779052734
20 1408.7663800000003 1457.3533802 5804.274132512821 0.0851447582244873
21 1408.7663800000003 1449.7302262 4901.922058339157 0.08901667594909668
22 1408.7663800000003 1448.4610077000002 3757.214400173419 0.09283304214477539
23 1408.7663800000003 1448.7098429 3831.1047421573694 0.0965876579284668
24 1408.7663800000003 1442.8540892 3186.200832986695 0.1003878116607666
25 1408.7663800000003 1435.0261871 2865.5154653519426 0.1042177677154541
26 1408.7663800000003 1431.6710417000002 1659.3579656973877 0.10798382759094238
27 1408.7663800000003 1429.1946051999998 1693.6120830333148 0.111785888671875
28 1408.7663800000003 1431.2019172999999 1950.5160695029056 0.11576604843139648
29 1408.7663800000003 1431.0091559999998 2131.0992337194966 0.11970090866088867
30 1408.7663800000003 1433.9877778999999 2968.7904201649762 0.12356686592102051
31 1408.7663800000003 1431.0240676 2534.0058443406333 0.12736058235168457
32 1408.7663800000003 1430.0090867000001 2145.8728803340223 0.1311788558959961
33 1408.7663800000003 1428.3849782999998 2207.869980231725 0.13498878479003906
34 1408.7663800000003 1427.8941225999997 2296.1237524957673 0.1387169361114502
35 1408.7663800000003 1432.51207 2713.196415295304 0.14241671562194824
36 1408.7663800000003 1429.7063263 2088.1847914756427 0.14627575874328613
37 1408.7663800000003 1425.1867289 1570.129920078721 0.15007281303405762
38 1408.7663800000003 1427.5682177 2047.9583588580022 0.15402483940124512
39 1408.7663800000003 1421.3485304999997 1126.0884087763907 0.15791058540344238
40 1408.7663800000003 1423.0903941999998 1314.0237853516169 0.16164875030517578
41 1408.7663800000003 1427.7717102000001 1761.3652640652479 0.16566872596740723
42 1408.7663800000003 1433.6019275000006 2742.637271984954 0.1695868968963623
43 1408.7663800000003 1431.7535045999998 2301.9872955619903 0.17349767684936523
44 1408.7663800000003 1426.3856565 2165.106163062924 0.17734074592590332
45 1408.7663800000003 1424.6058269 1518.9221828356835 0.18132686614990234
46 1408.7663800000003 1423.8653974 1786.818951087413 0.18523693084716797
47 1408.7663800000003 1425.3208310000005 1953.9433580598145 0.1892096996307373
48 1408.7663800000003 1426.9998631000003 1772.4926718204445 0.193253755569458
49 1408.7663800000003 1426.6218204000002 2436.5492055652503 0.1970686912536621
50 1408.7663800000003 1422.6608938000002 1368.7653434487834 0.20087480545043945
51 1408.7663800000003 1422.9720482000002 1508.0006545527986 0.20468783378601074
52 1408.7663800000003 1423.8860411 1578.217379003753 0.20844173431396484
53 1408.7663800000003 1424.7150979 1604.9681037520004 0.21227383613586426
54 1408.7663800000003 1426.622515 1823.7247809692492 0.21614480018615723
55 1408.7663800000003 1429.9581181 2594.8335315303793 0.22006869316101074
56 1408.7663800000003 1426.2443279000001 1616.0349091317473 0.22392868995666504
57 1408.7663800000003 1426.1745627 1868.211404326288 0.22782063484191895
58 1408.7663800000003 1430.1254684000003 2264.0792793055616 0.2317807674407959
59 1408.7663800000003 1430.1057222 1929.5494414521102 0.2355637550354004
60 1408.7663800000003 1429.2025589999998 1862.7222291217277 0.23934173583984375
61 1408.7663800000003 1430.24732 1776.5701109920033 0.24317383766174316
62 1408.7663800000003 1436.0919915 2874.2891222134263 0.24699687957763672
63 1408.7663800000003 1433.068284 3069.624821884287 0.25076985359191895
64 1408.7663800000003 1434.5874827999996 3356.113697209797 0.25465965270996094
65 1408.7663800000003 1437.8452482999999 3215.4156010986258 0.25844478607177734
66 1408.7663800000003 1428.0951721999998 2390.8956865520527 0.26228976249694824
67 1408.7663800000003 1430.9612306999998 2381.9523300749906 0.26628875732421875
68 1408.7663800000003 1432.8795639999998 2797.9725344746093 0.27013564109802246
69 1408.7663800000003 1427.1695805000002 2555.542437781748 0.2738759517669678
70 1408.7663800000003 1421.2190280000002 1108.9987815506547 0.27765989303588867
71 1408.7663800000003 1431.1536156000002 2507.514309671163 0.28142690658569336
72 1408.7663800000003 1425.3366545000003 1542.5566741402424 0.28524279594421387
73 1408.7663800000003 1424.6231183 1547.3680539405939 0.2889547348022461
74 1408.7663800000003 1430.3874549999996 2329.466069003039 0.29274487495422363
75 1408.7663800000003 1431.9217939999999 2455.3464755703844 0.29648780822753906
76 1408.7663800000003 1427.6759047 1765.5430564089518 0.300311803817749
77 1408.7663800000003 1426.1218151000003 1860.552870213375 0.30423665046691895
78 1408.7663800000003 1429.6445584 2115.567584217963 0.3080897331237793
79 1408.7663800000003 1432.5045661000001 2434.9665254420415 0.31192588806152344
80 1408.7663800000003 1431.8951937000002 3008.476893933384 0.3158378601074219
81 1408.7663800000003 1431.6422367000005 2796.069218671826 0.31958484649658203
82 1408.7663800000003 1427.5105025000003 1994.4248363725983 0.3233678340911865
83 1408.7663800000003 1422.4007185 1347.0300812900232 0.3271639347076416
84 1408.7663800000003 1422.9351071 1384.2191191201055 0.33097290992736816
85 1408.7663800000003 1426.3752650000001 1900.1765225440527 0.33470892906188965
86 1408.7663800000003 1425.520158 1985.9560056933506 0.3384077548980713
87 1408.7663800000003 1420.7576067 2158.306045622115 0.34235167503356934
88 1408.7663800000003 1424.8329311999998 3679.8393516591964 0.34615492820739746
89 1408.7663800000003 1423.2540185 1964.064973693076 0.3499939441680908
90 1408.7663800000003 1425.0152773999998 2224.1308517520147 0.35376882553100586
91 1408.7663800000003 1420.1736874 1246.467202956374 0.3575439453125
92 1408.7663800000003 1421.9604045 1414.6776835658843 0.36132192611694336
93 1408.7663800000003 1420.1670828999997 1305.139061762539 0.3652007579803467
94 1408.7663800000003 1423.1163756999997 1494.4651609883979 0.36906862258911133
95 1408.7663800000003 1421.9859590999997 1158.8016493396485 0.37311387062072754
96 1408.7663800000003 1425.8628328999998 1559.6284692171791 0.3770146369934082
97 1408.7663800000003 1427.7194456999996 1918.432956269408 0.3810138702392578
98 1408.7663800000003 1422.801554 1331.15655957505 0.3848998546600342
99 1408.7663800000003 1420.8697971 1025.7059775922444 0.38878488540649414
100 1408.7663800000003 1425.1709145000004 1364.2304946564338 0.39262890815734863
101 1408.7663800000003 1429.073004 1765.0773411478335 0.3964197635650635
102 1408.7663800000003 1429.4936742000002 2295.2484672347414 0.40035581588745117
103 1408.7663800000003 1426.8792477000002 1781.7495235477297 0.40427064895629883
104 1408.7663800000003 1425.3326176 1872.4152738899 0.4081447124481201
105 1408.7663800000003 1427.0896928000002 1951.0099007891756 0.4119837284088135
106 1408.7663800000003 1424.9791167 1731.2179090138684 0.41580796241760254
107 1408.7663800000003 1425.5894308 1831.554791050003 0.4197256565093994
108 1408.7663800000003 1426.7555361 2068.211001850425 0.42356085777282715
109 1408.7663800000003 1426.9963055 1777.9744244060678 0.42731690406799316
110 1408.7663800000003 1424.0210063999998 1708.7417366159168 0.43111181259155273
111 1408.7663800000003 1422.716991 1294.1717215956157 0.4349398612976074
112 1408.7663800000003 1420.7259107 956.790065559242 0.43874096870422363
113 1408.7663800000003 1425.6233105 1654.9182480782295 0.4424428939819336
114 1408.7663800000003 1425.1570423999997 1461.5686935787398 0.4463679790496826
115 1408.7663800000003 1424.1620957999996 1554.8752904113521 0.45027995109558105
116 1408.7663800000003 1428.8730509999996 2176.4622798555797 0.45417070388793945
117 1408.7663800000003 1427.9328883 1955.5175179707378 0.4582808017730713
118 1408.7663800000003 1431.3234083000002 2541.918980309027 0.462216854095459
119 1408.7663800000003 1432.2773817 2487.049254391945 0.46597766876220703
120 1408.7663800000003 1426.306948 1891.079379276671 0.4697856903076172
121 1408.7663800000003 1425.3855499000001 2123.1741251609465 0.47358179092407227
122 1408.7663800000003 1430.4232594000005 2253.2635363981676 0.4773588180541992
123 1408.7663800000003 1432.8120911000003 2603.469446009381 0.48111677169799805
124 1408.7663800000003 1429.3540385000003 1943.535099616512 0.48488283157348633
125 1408.7663800000003 1426.5539608999998 1725.0407109805033 0.48897480964660645
126 1408.7663800000003 1424.2440628999998 1601.2833567538246 0.4930098056793213
127 1408.7663800000003 1424.6245037 1851.2451158533156 0.49688172340393066
128 1408.7663800000003 1423.218834 1732.9446923204648 0.5007376670837402
129 1408.7663800000003 1422.8988533000002 1648.3739375276148 0.5045397281646729
130 1408.7663800000003 1431.5052144 2813.007161163794 0.5084066390991211
131 1408.7663800000003 1430.1690339000002 2630.5207784244685 0.5121848583221436
132 1408.7663800000003 1432.0499718 2587.1872383106975 0.5161428451538086
133 1408.7663800000003 1429.9133608000002 2251.7958793610997 0.5198907852172852
134 1408.7663800000003 1421.4556423000001 1291.4570730614037 0.5236349105834961
135 1408.7663800000003 1424.3595828 1411.174093430656 0.5274448394775391
136 1408.7663800000003 1424.4667045999997 1360.7711192616598 0.5314028263092041
137 1408.7663800000003 1430.4753146 1923.3703373451228 0.5352966785430908
138 1408.7663800000003 1430.621679 2369.362607159693 0.5390689373016357
139 1408.7663800000003 1433.543516 2736.551702605527 0.5428276062011719
140 1408.7663800000003 1430.0148500000005 1927.0979427957363 0.5466268062591553
141 1408.7663800000003 1434.5148000000002 3059.1987363504963 0.5503747463226318
142 1408.7663800000003 1423.9675097000002 1658.478333261235 0.5541179180145264
143 1408.7663800000003 1423.3802658 1580.151041364765 0.5578386783599854
144 1408.7663800000003 1422.482953 1561.1592277073664 0.5616047382354736
145 1408.7663800000003 1426.31502 1762.8920249813493 0.565544843673706
146 1408.7663800000003 1424.7651059 1622.392594851697 0.5697269439697266
147 1408.7663800000003 1426.4426725 1798.6876044424932 0.5737347602844238
148 1408.7663800000003 1425.5405920999997 1668.5892992602032 0.5777797698974609
149 1408.7663800000003 1427.3736835 2289.573328366327 0.5817108154296875
150 1408.7663800000003 1422.2900774999998 1639.4854080198254 0.5857348442077637
151 1408.7663800000003 1423.6285427000005 1358.488161445686 0.5896599292755127
152 1408.7663800000003 1426.1953663999998 1443.1328928396697 0.593491792678833
153 1408.7663800000003 1426.7723141000001 1412.5613245435532 0.5973587036132812
154 1408.7663800000003 1427.5197827 1591.6005389497016 0.6012387275695801
155 1408.7663800000003 1429.5057750999997 2013.4202949910823 0.6052987575531006
156 1408.7663800000003 1432.4436523000002 2678.1752724355615 0.6094846725463867
157 1408.7663800000003 1429.5420215 2102.388928134403 0.613426923751831
158 1408.7663800000003 1425.0775546999998 1635.8938078266917 0.617224931716919
159 1408.7663800000003 1423.2065461999998 1527.1907680840493 0.6210596561431885
160 1408.7663800000003 1428.1021379000001 1867.2146959545228 0.6248607635498047
161 1408.7663800000003 1427.290452 1880.670306214597 0.6286447048187256
162 1408.7663800000003 1430.8937978 2168.483883009111 0.6325078010559082
163 1408.7663800000003 1428.7625624 2094.9349299093265 0.6363189220428467
164 1408.7663800000003 1426.8123075 2166.831401955229 0.6401128768920898
165 1408.7663800000003 1429.9033193000002 2654.137373954247 0.6440958976745605
166 1408.7663800000003 1435.8229430999997 3649.5202634006127 0.6480309963226318
167 1408.7663800000003 1429.4314587999997 1934.853116541094 0.6518499851226807
168 1408.7663800000003 1432.3017799999998 2661.083064838333 0.6556596755981445
169 1408.7663800000003 1427.1478499999998 1795.3369506856436 0.659456729888916
170 1408.7663800000003 1422.5740580000002 1259.9678179874136 0.6632897853851318
171 1408.7663800000003 1423.2705861000002 1479.8442983207228 0.6671838760375977
172 1408.7663800000003 1427.0604509 2354.4579391376938 0.6711018085479736
173 1408.7663800000003 1426.7061643 2466.1030395879548 0.674945592880249
174 1408.7663800000003 1424.4961320999998 1593.6315501140314 0.6788196563720703
175 1408.7663800000003 1426.9043259 1507.9479867279351 0.6827287673950195
176 1408.7663800000003 1430.9033293999998 1786.1947646227136 0.6866517066955566
177 1408.7663800000003 1428.7745686 2175.2801776219812 0.6904318332672119
178 1408.7663800000003 1424.1586971999998 1671.3797889240197 0.6942548751831055
179 1408.7663800000003 1429.0888191000004 2230.403195581013 0.6981399059295654
180 1408.7663800000003 1431.7414528 2453.1390185100468 0.7019479274749756
181 1408.7663800000003 1427.1252351000003 1830.841027951482 0.7057616710662842
182 1408.7663800000003 1432.1689875 2765.190588576747 0.7095286846160889
183 1408.7663800000003 1424.9290523999998 1593.557197043211 0.713310956954956
184 1408.7663800000003 1424.0401193 1407.983830595013 0.7171237468719482
185 1408.7663800000003 1427.8543734000004 1508.946163646241 0.7210078239440918
186 1408.7663800000003 1436.0872753000003 2916.213117607795 0.724808931350708
187 1408.7663800000003 1429.9042899 2767.259625187358 0.7285540103912354
188 1408.7663800000003 1432.4008979000002 2292.0430049957686 0.7323257923126221
189 1408.7663800000003 1430.1013492999998 2328.472230214946 0.7360208034515381
190 1408.7663800000003 1431.6974386999998 2225.202059546245 0.7397468090057373
191 1408.7663800000003 1426.9109035 1746.2162461793769 0.7434568405151367
192 1408.7663800000003 1424.4846378 1324.1118042222795 0.7472748756408691
193 1408.7663800000003 1424.370981 1511.7519944713392 0.7510626316070557
194 1408.7663800000003 1421.6023910000001 1204.5047010888852 0.7548956871032715
195 1408.7663800000003 1421.0058174000003 1271.6471918339498 0.7588798999786377
196 1408.7663800000003 1425.0055894 1655.1959461832969 0.7627818584442139
197 1408.7663800000003 1425.0897234000001 1722.6068864294548 0.7666187286376953
198 1408.7663800000003 1427.7372243999998 2524.6811252996495 0.7703568935394287
199 1408.7663800000003 1428.3792186 2677.427677463875 0.7741739749908447
200 1408.7663800000003 1427.4782415 2082.2812462041416 0.7779676914215088
201 1408.7663800000003 1427.4070725000001 2095.667571404208 0.7818057537078857
202 1408.7663800000003 1424.4023364 1702.2097433011752 0.7856557369232178
203 1408.7663800000003 1423.8341636 1569.9244271607242 0.7893686294555664
204 1408.7663800000003 1431.2753023 2750.438324620457 0.7931168079376221
205 1408.7663800000003 1431.5534102999998 3084.1365896103885 0.7969937324523926
206 1408.7663800000003 1432.3318542999998 2680.391651896003 0.8009037971496582
207 1408.7663800000003 1426.9451861999999 2048.446799103843 0.8046836853027344
208 1408.7663800000003 1424.9777901999996 1810.4202415541035 0.8087427616119385
209 1408.7663800000003 1430.4970077 2607.846473847816 0.8126327991485596
210 1408.7663800000003 1423.9016753 1369.7002266451254 0.8166589736938477
211 1408.7663800000003 1422.5791079 1364.2211690059692 0.8206226825714111
212 1408.7663800000003 1420.0164327999998 1120.2072159907027 0.8246557712554932
213 1408.7663800000003 1418.0724715000003 976.5790044237147 0.8287689685821533
214 1408.7663800000003 1420.5451501 984.0415284962169 0.8330569267272949
215 1408.7663800000003 1430.4361599999997 2611.0565010184705 0.837500810623169
216 1408.7663800000003 1426.7560420999996 1593.6031875800443 0.8418118953704834
217 1408.7663800000003 1430.0716459999999 1979.8978575517785 0.8457076549530029
218 1408.7663800000003 1430.5254174999998 2850.5198586373613 0.8496167659759521
219 1408.7663800000003 1428.2417288999998 2247.3902887722115 0.8535208702087402
220 1408.7663800000003 1431.9852106 2568.15613107209 0.8574569225311279
221 1408.7663800000003 1429.4705057999997 2090.3586553810437 0.861332893371582
222 1408.7663800000003 1428.4354804999998 2063.0754189153304 0.8652338981628418
223 1408.7663800000003 1429.1521186 2022.7917409071106 0.8690187931060791
224 1408.7663800000003 1428.3722680000003 2235.6196074592945 0.872999906539917
225 1408.7663800000003 1424.3589912000002 1620.1151217114195 0.8769667148590088
226 1408.7663800000003 1428.5349883999997 1912.2890037429909 0.8808257579803467
227 1408.7663800000003 1425.630492 1885.4130392687048 0.8845739364624023
228 1408.7663800000003 1427.9278949999998 2205.101325505898 0.8883857727050781
229 1408.7663800000003 1431.6015927 2860.0920508722797 0.8920838832855225
230 1408.7663800000003 1436.5627958 2771.5702950019836 0.8958828449249268
231 1408.7663800000003 1431.1504066999998 2130.801616406365 0.8997948169708252
232 1408.7663800000003 1430.2320886000002 2160.4652873563223 0.9037277698516846
233 1408.7663800000003 1433.5294612999999 3366.383205466149 0.9076306819915771
234 1408.7663800000003 1426.3019521 2419.3350306802004 0.9116287231445312
235 1408.7663800000003 1424.8704022 1711.53029429811 0.9155027866363525
236 1408.7663800000003 1423.0893878999998 1307.0583473797797 0.9192378520965576
237 1408.7663800000003 1429.7430884999997 2194.8373535897686 0.9230878353118896
238 1408.7663800000003 1424.1938942000002 1610.587580257183 0.9268767833709717
239 1408.7663800000003 1427.0477460999996 1990.7178283818014 0.9307577610015869
240 1408.7663800000003 1425.3306799000002 1779.2593517737248 0.9345526695251465
241 1408.7663800000003 1419.7278468000002 938.5152089203822 0.9383869171142578
242 1408.7663800000003 1426.3737279 1662.5180167315225 0.9422147274017334
243 1408.7663800000003 1425.9892937 1509.8505074570078 0.9461607933044434
244 1408.7663800000003 1431.1888957 2344.322936217237 0.9502108097076416
245 1408.7663800000003 1425.4093865 1859.5820087067457 0.9542627334594727
246 1408.7663800000003 1425.2944965999998 1483.0853864727344 0.9580438137054443
247 1408.7663800000003 1431.9425723 2394.4812570049344 0.9618549346923828
248 1408.7663800000003 1432.56332 2095.1260865993986 0.9656198024749756
249 1408.7663800000003 1428.0058511000002 1645.3104594429942 0.9694216251373291
The optimum value should be 1408.76638

1408.7663800000003 0.9732270240783691

