INSTANCE: MP2

TOTAL GENERATION IS: 250

-------------------------------------------------------------------------------------------------------------------------

ROUND 1:
Generation, best, average, variance, time(s)
0 9223372036854775807 35437.336299450006 5197180.371283807 1.5907928943634033
1 11602.47425000001 33844.40055355001 8892214.743273932 4.198576211929321
2 4814.191430000003 27633.77389665 69384078.48318247 6.407027006149292
3 3416.542019999999 22757.9321033 112253274.28312176 8.41464114189148
4 3308.7217700000033 19346.059483600002 133577779.44188957 10.318610906600952
5 3238.2090300000004 18887.16713155 134101331.54615343 12.207068920135498
6 3169.8288399999988 18010.31884935 127007385.16233213 14.087558269500732
7 3169.8288399999988 17533.83589975 123246580.55744934 15.954565048217773
8 3133.61974 17851.7935736 130366739.55322573 17.828421115875244
9 3080.5540299999993 17942.43939605 134907789.96849233 19.706427097320557
10 3080.5540299999993 18068.382570499998 129376542.44206464 21.58812713623047
11 3080.5540299999993 18011.558105649998 128835787.5501779 23.464148998260498
12 3080.5540299999993 18202.929912599997 122765391.96214336 25.35036325454712
13 3080.5540299999993 18102.7558532 119413608.24075772 27.231796979904175
14 2989.9809999999984 16582.04880605 126570800.39072648 29.07714605331421
15 2989.9809999999984 18196.546590399998 121040325.16188335 30.955841064453125
16 2989.9809999999984 17242.080097849997 125821647.7777528 32.820462226867676
17 2989.9809999999984 16607.0856608 122054146.13710898 34.672282218933105
18 2986.957319999999 16439.12588135 123603597.90163857 36.527183055877686
19 2986.957319999999 16924.640037099998 123122127.99106793 38.39200210571289
20 2986.957319999999 16441.169395599998 133768446.90170075 40.240867137908936
21 2986.957319999999 17086.6242636 127025184.42939381 42.09156823158264
22 2936.9824999999987 16813.330683499997 122859307.69316702 43.94845223426819
23 2936.9824999999987 16474.0123416 120659125.54826982 45.81288123130798
24 2936.9824999999987 16244.463109299999 128684919.1925767 47.667086124420166
25 2936.9824999999987 16791.5065028 131026836.82328917 49.53054428100586
26 2936.9824999999987 17462.0049717 121293532.52269225 51.424169063568115
27 2936.9824999999987 17185.76447195 129174266.67594257 53.321810245513916
28 2936.9824999999987 17871.101882 129297581.42036015 55.2139151096344
29 2936.9824999999987 17182.38934035 126312880.04134673 57.08460998535156
30 2936.9824999999987 17524.16131535 135077026.068342 58.96542406082153
31 2912.738149999998 18009.194207649998 133283858.21710362 60.85356521606445
32 2911.2186599999973 18345.34642525 129878104.31861055 62.74115991592407
33 2911.2186599999973 18030.778337749998 121401054.0332974 64.64139008522034
34 2911.2186599999973 18371.2502926 132854674.12603024 66.54082822799683
35 2911.2186599999973 18210.85729245 123932854.72203186 68.43019914627075
36 2911.2186599999973 17189.770782499996 110967018.1723843 70.3092589378357
37 2911.2186599999973 15799.234374 102134698.8001799 72.15734815597534
38 2911.2186599999973 14291.342564799997 106414557.93976997 73.98760509490967
39 2911.2186599999973 16088.184099199998 121352097.97916384 75.87465119361877
40 2904.8590099999983 16274.140311000001 120005366.52178642 77.731614112854
41 2904.8590099999983 16734.727763650004 131744996.91156632 79.59895610809326
42 2904.8590099999983 15872.802267800002 130487221.95278612 81.44284319877625
43 2904.8590099999983 16357.313544600001 129994504.62488072 83.29713201522827
44 2904.8590099999983 16505.6274101 124681222.97445339 85.15436792373657
45 2904.8590099999983 15572.28460575 118718191.3904857 87.00520491600037
46 2904.8590099999983 15267.37069905 116305672.11909372 88.83867311477661
47 2904.8590099999983 15984.139979700001 122592563.78089625 90.68817400932312
48 2904.8590099999983 16242.036253 119981929.7402737 92.54677510261536
49 2904.8590099999983 17215.2945053 124271767.35263033 94.42247915267944
50 2904.8590099999983 17143.2224807 127216234.90472718 96.28897714614868
51 2904.8590099999983 16179.140687949997 115807411.8751664 98.1405680179596
52 2904.8590099999983 17015.833969499996 114565789.12606466 100.01686906814575
53 2904.8590099999983 16961.818954299997 118778790.133423 101.88501811027527
54 2904.8590099999983 17172.464994399998 123760373.77499947 103.76275205612183
55 2904.8590099999983 18022.901352499997 119676995.81381291 105.65468502044678
56 2904.8590099999983 18193.977089 122475698.53306809 107.55620503425598
57 2904.8590099999983 17119.55146715 126066747.55038725 109.42520117759705
58 2904.8590099999983 16973.66696625 121949738.91526848 111.29766130447388
59 2904.8590099999983 17625.419046450002 128731983.72336322 113.18065905570984
60 2904.8590099999983 17399.31945725 127871451.15853214 115.05707812309265
61 2904.8590099999983 17785.7836109 127988902.32821494 116.9476900100708
62 2904.8590099999983 17120.9797472 139223279.0409028 118.81737804412842
63 2904.8590099999983 17081.68153915 125470023.54120983 120.68769097328186
64 2904.8590099999983 17128.2897029 128152967.31212993 122.55678629875183
65 2904.8590099999983 16883.3223999 135342914.24881333 124.42103600502014
66 2904.8590099999983 15346.089734449997 118859016.87063587 126.24547410011292
67 2904.8590099999983 16590.461167699996 117254046.45869823 128.10815620422363
68 2904.8590099999983 17279.352515349998 140701305.79865074 129.98513197898865
69 2904.8590099999983 17292.55429805 140688881.1604968 131.86083602905273
70 2904.8590099999983 16417.7518067 130688217.06194966 133.71590399742126
71 2904.8590099999983 16996.6914909 144967337.50884005 135.5908341407776
72 2904.8590099999983 15839.282011749998 127204710.37643802 137.4367961883545
73 2904.8590099999983 17374.5797776 129980503.27339914 139.31444096565247
74 2904.8590099999983 17458.55773205 123609353.33757988 141.18434619903564
75 2904.8590099999983 17465.2042701 121985504.96861286 143.04740810394287
76 2904.8590099999983 17235.84502125 127394911.83075923 144.92649006843567
77 2904.8590099999983 15603.832457449997 117659966.31877969 146.755539894104
78 2904.8590099999983 16457.499468100003 121421920.68666548 148.61444926261902
79 2904.8590099999983 17290.1444596 109320166.92581888 150.4782531261444
80 2904.8590099999983 17934.135673650002 119581905.52843896 152.36375904083252
81 2904.8590099999983 16747.49302655 119247041.05857688 154.21850109100342
82 2904.8590099999983 15984.71701445 128722574.83206318 156.06339931488037
83 2904.8590099999983 18151.970685000004 129530540.6275922 157.9577353000641
84 2904.8590099999983 16470.754121200003 123774813.58519031 159.81598901748657
85 2904.8590099999983 17511.084035249998 117119639.49542588 161.73089909553528
86 2904.8590099999983 16760.332764749997 126691141.85147919 163.60940527915955
87 2904.8590099999983 16532.528856 112390674.3875182 165.47092819213867
88 2904.8590099999983 15761.2909637 114766089.14434193 167.30962824821472
89 2904.8590099999983 16113.20121795 129202119.32837474 169.14854407310486
90 2904.8590099999983 15322.036304250001 112918227.21891762 170.9901282787323
91 2904.8590099999983 15053.481304500001 115809166.20355955 172.81873321533203
92 2904.8590099999983 17316.88757475 127173206.1675458 174.6994822025299
93 2904.8590099999983 17608.379798 132497252.41890953 176.58699321746826
94 2904.8590099999983 17069.678989 123918514.99536915 178.46659302711487
95 2904.8590099999983 16460.56747385 132271686.47062375 180.32571816444397
96 2904.8590099999983 18620.8875078 130664817.80836421 182.23535013198853
97 2904.8590099999983 17615.181626899997 128741379.4070684 184.14078617095947
98 2904.8590099999983 16701.082776749994 120589043.61460854 186.0264880657196
99 2904.8590099999983 17104.478855899997 118864138.1135717 187.9170482158661
100 2904.8590099999983 17302.477365000002 130802880.62327835 189.79044103622437
101 2904.8590099999983 17147.46434885 128308183.51232344 191.66618609428406
102 2904.8590099999983 17102.845675200002 134981752.58917743 193.5420491695404
103 2904.8590099999983 16477.545524299996 124586605.51000355 195.39453220367432
104 2904.8590099999983 16618.67929955 121530126.73506184 197.26911211013794
105 2904.8590099999983 16773.7623477 129241551.42219882 199.131019115448
106 2904.8590099999983 16664.03463335 122633334.46198954 200.99470806121826
107 2904.8590099999983 15329.417913199999 118292576.92052564 202.82297229766846
108 2904.8590099999983 15390.5030862 115241440.74302585 204.6872980594635
109 2904.8590099999983 16468.96326855 121736395.68506052 206.5897741317749
110 2904.8590099999983 17065.960713 126344046.44576806 208.478844165802
111 2904.8590099999983 16859.56234375 114951382.52572662 210.36334609985352
112 2904.8590099999983 15652.6143777 114350560.81904495 212.23960399627686
113 2904.8590099999983 14869.2141194 100904971.83626142 214.05993604660034
114 2904.8590099999983 14491.540864149998 116986369.33355656 215.87848806381226
115 2904.8590099999983 14932.786868649999 112509572.88318981 217.7014331817627
116 2904.8590099999983 15347.492179699999 124360642.70086727 219.53844809532166
117 2904.8590099999983 15378.662141800001 125321319.80766433 221.4095060825348
118 2904.8590099999983 16371.80985645 124073880.86555642 223.30495619773865
119 2904.8590099999983 16389.289870799996 134019732.58690853 225.17687511444092
120 2904.8590099999983 16224.4693188 130987705.75222841 227.04494309425354
121 2904.8590099999983 15221.254644349998 123144831.04048525 228.93129801750183
122 2904.8590099999983 15253.056528950001 125067604.88076492 230.7750871181488
123 2904.8590099999983 15887.214820349998 125451570.7028818 232.63564801216125
124 2904.8590099999983 16723.760789 122740976.70411757 234.52553820610046
125 2904.8590099999983 15819.115399699998 110632090.95424396 236.44344902038574
126 2904.8590099999983 15036.00374595 115393831.77005082 238.27804899215698
127 2904.8590099999983 15273.677653249995 118702193.15829447 240.12782621383667
128 2904.8590099999983 15110.46915265 115079486.37421623 242.01641011238098
129 2904.8590099999983 16635.891681650002 124780957.28868456 243.95347619056702
130 2904.8590099999983 16948.0575448 134281736.2642554 245.84839606285095
131 2904.8590099999983 15735.6803692 132898484.85194486 247.75192213058472
132 2904.8590099999983 14758.726461549997 119647852.756024 249.60930109024048
133 2904.8590099999983 15017.980480249998 114132165.9488851 251.47569108009338
134 2904.8590099999983 15880.73254805 121515938.86761619 253.41360998153687
135 2904.8590099999983 16437.167400849998 121104100.92967811 255.2797839641571
136 2904.8590099999983 17006.490344749996 124572961.72363728 257.1638340950012
137 2904.8590099999983 17655.4754303 132666455.13142695 259.0664451122284
138 2904.8590099999983 16985.5502675 135457056.4001307 261.0439260005951
139 2904.8590099999983 16904.466917550002 145782486.3790874 262.9628851413727
140 2904.8590099999983 17094.23574635 134413219.54697117 264.8813121318817
141 2904.8590099999983 16641.36537945 126595305.03833762 266.775288105011
142 2904.8590099999983 17339.84259415 133600263.73543753 268.6688950061798
143 2904.8590099999983 17184.71987495 136945279.31653994 270.5718050003052
144 2904.8590099999983 16824.564081649998 125373538.18961838 272.5207691192627
145 2904.8590099999983 16642.91352065 130225292.91153663 274.4174461364746
146 2904.8590099999983 16916.9383479 118927637.81800586 276.3269021511078
147 2904.8590099999983 16861.388866650002 125687837.1977616 278.197340965271
148 2904.8590099999983 17038.773614050002 129019670.94626324 280.0812590122223
149 2904.8590099999983 16957.1872308 132440043.63391946 281.9755163192749
150 2904.8590099999983 16482.583853199998 130687716.16917735 283.84222412109375
151 2904.8590099999983 17441.447960899997 134225007.05950257 285.72821021080017
152 2904.8590099999983 16153.2279247 127072805.83121067 287.5848729610443
153 2904.8590099999983 16927.0083522 142327997.4370339 289.4981770515442
154 2904.8590099999983 17576.424792799997 132200804.86261328 291.4042401313782
155 2904.8590099999983 17523.84039345 132339607.97604938 293.37926197052
156 2904.8590099999983 16832.2446258 120272445.93517971 295.30217599868774
157 2904.8590099999983 17117.1051065 116848766.62392631 297.1937279701233
158 2904.8590099999983 16830.154435999997 130228778.2594003 299.09743309020996
159 2904.8590099999983 15786.044384599998 120399097.03742836 300.96375918388367
160 2904.8590099999983 15690.778023899999 119807636.75959948 302.82557225227356
161 2904.8590099999983 16626.1651452 111467950.26843366 304.709419965744
162 2904.8590099999983 17152.44719025 124501549.2398279 306.6071722507477
163 2904.8590099999983 15908.009930249997 131297817.91142797 308.4639720916748
164 2904.8590099999983 16537.974511499997 136400884.54209208 310.3382611274719
165 2904.8590099999983 15766.070393299999 133423783.65963238 312.19538712501526
166 2904.8590099999983 16141.0502446 131333747.6226456 314.0575611591339
167 2904.8590099999983 15131.75512535 130032502.82191333 315.90532088279724
168 2904.8590099999983 14590.990061399998 109731033.37702665 317.7410349845886
169 2904.8590099999983 16045.5586921 127049044.1334693 319.6105332374573
170 2904.8590099999983 15626.54665815 128006912.2562719 321.4632670879364
171 2904.8590099999983 15284.064558850001 137191806.59464467 323.3331880569458
172 2904.8590099999983 16146.970663349999 120593627.07775062 325.2951259613037
173 2904.8590099999983 14876.280072599999 115400386.1902008 327.19906520843506
174 2904.8590099999983 16039.602440599998 115658092.25458248 329.06713008880615
175 2904.8590099999983 15814.315896549997 121703277.8733268 330.9285900592804
176 2904.8590099999983 15189.121576649999 119705402.02643812 332.8433301448822
177 2904.8590099999983 15600.332362099998 127463198.28478375 334.7492232322693
178 2904.8590099999983 15384.0239439 121977146.86786474 336.61420607566833
179 2904.8590099999983 15180.407342699998 122438915.30556159 338.4760072231293
180 2904.8590099999983 15072.59160865 127849373.34986717 340.3218080997467
181 2904.8590099999983 16558.4321977 131291196.00086163 342.20149302482605
182 2904.8590099999983 16358.64746475 126916683.93946049 344.0854070186615
183 2904.8590099999983 16411.32787205 114660906.8882394 346.02870297431946
184 2904.8590099999983 15821.4679727 124775324.60452053 347.9284121990204
185 2904.8590099999983 17090.88545395 131734488.74016948 349.8281772136688
186 2904.8590099999983 16037.389719050001 121473179.41148452 351.7001521587372
187 2904.8590099999983 16361.299445449999 120449749.65874864 353.58575797080994
188 2904.8590099999983 15783.343110349997 120272173.8875647 355.4575791358948
189 2904.8590099999983 15846.57693465 126119335.95934513 357.3417661190033
190 2904.8590099999983 16461.3457532 127902924.15285721 359.2440209388733
191 2904.8590099999983 17257.945858699997 145646055.11518592 361.16918301582336
192 2904.8590099999983 17572.70572015 136409849.00924796 363.0880300998688
193 2904.8590099999983 16481.873184750002 123675529.09394708 364.9846520423889
194 2904.8590099999983 16574.0623854 120083971.5765515 366.89404106140137
195 2904.8590099999983 17812.685081199998 125278885.50592054 368.81813406944275
196 2904.8590099999983 17267.27884785 138161912.83317637 370.74457907676697
197 2904.8590099999983 17192.5333592 141758868.57979342 372.6539831161499
198 2904.8590099999983 16736.15460255 131631085.6016174 374.6163079738617
199 2904.8590099999983 15362.54926095 135294046.31256545 376.4892292022705
200 2904.8590099999983 15840.729470299999 118512824.07132931 378.3454821109772
201 2904.8590099999983 16754.970310399996 126416033.84573925 380.2326891422272
202 2904.8590099999983 18074.4309507 136648027.1011792 382.1501302719116
203 2904.8590099999983 16857.573756650003 140934928.11895952 384.0479140281677
204 2904.8590099999983 16279.85692555 126060601.54520547 385.9296109676361
205 2904.8590099999983 16069.404467800001 126555351.14527798 387.80075216293335
206 2904.8590099999983 16575.950739699998 129959726.60217986 389.6801509857178
207 2904.8590099999983 16452.93018475 127143761.91016965 391.5627450942993
208 2904.8590099999983 16455.6761027 126594151.30126406 393.4264850616455
209 2904.8590099999983 16242.101703849998 132099518.2831216 395.2922041416168
210 2904.8590099999983 16801.2243947 131690885.94841228 397.17370796203613
211 2904.8590099999983 17175.491698250004 132059581.84848519 399.0711932182312
212 2904.8590099999983 15513.824520549997 110132173.65076277 400.9268751144409
213 2904.8590099999983 16960.800000900002 122328663.12784472 402.82284021377563
214 2904.8590099999983 15982.047002850002 111654666.99430268 404.6977231502533
215 2904.8590099999983 17502.39269795 118297572.53833862 406.6029601097107
216 2904.8590099999983 17497.2146211 112461032.64871767 408.50981307029724
217 2904.8590099999983 17459.37435315 124167506.46619995 410.41684007644653
218 2904.8590099999983 17053.82190565 136544680.40172476 412.30859899520874
219 2904.8590099999983 16985.522406599997 131207056.28345822 414.1916742324829
220 2904.8590099999983 17027.4349934 127772197.69635758 416.08093309402466
221 2904.8590099999983 17444.62365745 124389865.7145472 417.9805519580841
222 2904.8590099999983 17343.53047865 121076185.28758295 419.8853418827057
223 2904.8590099999983 16525.122383899998 115127238.58136338 421.7712290287018
224 2904.8590099999983 16053.08597265 114981632.3449327 423.63666105270386
225 2904.8590099999983 16983.5058033 132154534.72896858 425.5256562232971
226 2904.8590099999983 15957.436636949997 131411925.61342075 427.4025752544403
227 2904.8590099999983 16942.8654724 127456800.86794245 429.28910207748413
228 2904.8590099999983 17507.858420549997 128462617.34071198 431.18476605415344
229 2904.8590099999983 17436.311477 129055539.39334486 433.08068919181824
230 2904.8590099999983 16708.962927449997 132917623.95012102 434.965439081192
231 2904.8590099999983 16830.92432505 132072385.73117754 436.86316895484924
232 2904.8590099999983 16645.618611750004 123891376.06541912 438.7476291656494
233 2904.8590099999983 16342.881417749999 130532280.7393531 440.6281530857086
234 2904.8590099999983 16010.996630700003 129023992.23210019 442.4946959018707
235 2904.8590099999983 15600.419146249997 135448428.8597031 444.35888719558716
236 2904.8590099999983 17674.92600575 135531068.5555637 446.2645812034607
237 2904.8590099999983 16448.40923895 123157334.38016579 448.13114500045776
238 2904.8590099999983 17598.8984086 134499670.19984424 450.0257091522217
239 2904.8590099999983 15943.198452550001 134572374.19018817 451.88494896888733
240 2904.8590099999983 15920.944464400001 133635269.1868395 453.75760316848755
241 2904.8590099999983 16039.13670345 123149296.56270769 455.6217911243439
242 2904.8590099999983 16476.45055365 121802135.16117516 457.4895260334015
243 2904.8590099999983 16391.6931518 120087921.98245807 459.3624062538147
244 2904.8590099999983 16970.902496799998 130210226.58569698 461.2411541938782
245 2904.8590099999983 16066.86981895 127743551.47298507 463.1030650138855
246 2904.8590099999983 17172.7282465 135277402.21665263 464.9975118637085
247 2904.8590099999983 15702.7236482 126490593.67945227 466.8641881942749
248 2904.8590099999983 16899.4022916 118465560.68212323 468.7551648616791
249 2904.8590099999983 17019.13441745 118133952.68871865 470.64550399780273
The optimum value should be 2904.85901

2904.8590099999983 472.50458002090454

-------------------------------------------------------------------------------------------------------------------------

ROUND 2:
Generation, best, average, variance, time(s)
0 9223372036854775807 35571.0657092 5765084.378428724 1.5754327774047852
1 13533.623849999994 34012.72815965 8947305.824117325 4.261441946029663
2 6489.639329999994 29284.108910999996 56128903.65246159 6.576919078826904
3 6283.26630999999 24297.13467895 100709973.05547054 8.717169761657715
4 3938.76609 22602.052968249995 99794019.30524193 10.751508951187134
5 3752.3784499999997 19535.398254 123110835.25314449 12.675797939300537
6 3389.986920000001 19082.706652 140447834.96665415 14.582907915115356
7 3240.0685800000006 18057.357684050003 130510781.01433046 16.520174980163574
8 3222.8344599999996 17102.67862915 131478570.67064543 18.40528106689453
9 3113.4162000000015 16931.7771988 122299109.30091749 20.27411389350891
10 3108.756919999999 17068.696833900005 120084401.62325777 22.13793396949768
11 2996.8377900000005 16600.22524245 119795391.2819822 24.0002019405365
12 2996.8377900000005 16787.39032125 124538401.29557964 25.872423887252808
13 2947.7685300000003 16645.47715535 135874856.38919187 27.734426736831665
14 2947.7685300000003 17953.56027975 142395132.2825049 29.631601810455322
15 2946.055359999999 17435.447750749998 132097856.24239422 31.655000925064087
16 2946.055359999999 16979.714861599998 119200995.79353122 33.54483890533447
17 2946.055359999999 15564.817976549999 118301020.53464802 35.39413404464722
18 2946.055359999999 15621.640092349997 117194620.33714375 37.237066984176636
19 2946.055359999999 17561.76959765 124999448.32794148 39.126477003097534
20 2934.875209999997 16539.9941121 122202523.61222184 40.99785089492798
21 2934.875209999997 16067.44859 118217386.3805809 42.8622088432312
22 2934.875209999997 15315.095263149999 112064518.98250306 44.70081305503845
23 2934.875209999997 14614.990989000002 109724635.75538193 46.528371810913086
24 2934.875209999997 16456.454353399997 120743536.71858722 48.40407180786133
25 2934.875209999997 16936.466017849998 134218815.92528212 50.28505492210388
26 2914.4183399999997 15875.494319750002 127434561.20480724 52.13087201118469
27 2914.4183399999997 16437.76548895 123245683.96547343 53.99915790557861
28 2914.4183399999997 15917.032159600001 132002892.80750358 55.85923504829407
29 2914.4183399999997 15846.431664149999 117103203.90305178 57.71888589859009
30 2914.4183399999997 14945.723942 123711272.2813633 59.551214933395386
31 2914.4183399999997 15774.787442349996 114415300.85851417 61.407102823257446
32 2914.4183399999997 15740.444302049998 115250679.50060982 63.25915002822876
33 2914.4183399999997 15934.766039499998 128094384.53203094 65.12184381484985
34 2914.4183399999997 13979.3210518 124592018.37876254 66.9351589679718
35 2914.4183399999997 15130.225332 125814028.43834738 68.77752995491028
36 2914.4183399999997 15631.469410349997 120954098.67144541 70.62878799438477
37 2914.4183399999997 15911.494880849998 129531456.04296692 72.48558783531189
38 2914.4183399999997 15885.2570953 125600541.98248619 74.3683807849884
39 2914.4183399999997 15170.113086099997 113024076.24514793 76.2237937450409
40 2914.4183399999997 15202.6671202 116885241.33537938 78.08606696128845
41 2914.4183399999997 15485.97312195 123196944.97389473 79.937020778656
42 2914.4183399999997 15494.2992492 125834148.06808145 81.79203987121582
43 2914.4183399999997 17169.132697600002 146634177.8804312 83.71530485153198
44 2914.4183399999997 18086.6726621 133640871.92649536 85.65803384780884
45 2914.4183399999997 17330.96783115 136718024.54313552 87.57804989814758
46 2914.4183399999997 16821.661426299997 139974218.69601476 89.46740078926086
47 2914.4183399999997 16254.303891199997 117303775.94200072 91.3368649482727
48 2914.4183399999997 16108.44150225 123233200.84279884 93.20872282981873
49 2914.4183399999997 16334.159795199997 125461821.15017368 95.09788680076599
50 2914.4183399999997 16496.3900055 129826074.06193794 97.00303888320923
51 2914.4183399999997 17949.016066149998 141208617.9931363 98.94907283782959
52 2914.4183399999997 16633.348136349996 137691815.67713192 100.83171200752258
53 2914.4183399999997 17161.1446021 135549556.42484406 102.75349879264832
54 2914.4183399999997 17256.57832765 134694146.36068082 104.66693711280823
55 2914.4183399999997 16863.19789585 124534900.55673905 106.57240605354309
56 2914.4183399999997 16346.473423250001 137041946.38841018 108.4620349407196
57 2914.4183399999997 17002.042714 126700595.33136706 110.42069983482361
58 2914.4183399999997 16255.729676899999 121754599.43627626 112.35384893417358
59 2914.4183399999997 15492.188805549999 123786296.02487205 114.2165937423706
60 2914.4183399999997 16554.51704885 122515713.8273299 116.10703992843628
61 2914.4183399999997 16399.8471741 131666384.56211048 117.99176692962646
62 2914.4183399999997 16745.324515 136233394.93684635 119.88021302223206
63 2914.4183399999997 15837.284139949996 127912063.93371396 121.744619846344
64 2914.4183399999997 16696.480519999997 129093221.25122829 123.63545179367065
65 2914.4183399999997 17869.763631349997 126250953.74358054 125.54802513122559
66 2914.4183399999997 17403.9554933 134661479.40057757 127.45518779754639
67 2914.4183399999997 16629.5311995 138128655.8177745 129.33596110343933
68 2914.4183399999997 16709.837167449998 121027867.58235851 131.22971487045288
69 2914.4183399999997 17387.55165705 131981679.46253122 133.17067885398865
70 2914.4183399999997 17266.555728299998 137702426.6176462 135.07494401931763
71 2914.4183399999997 16883.799057999997 128029508.36659852 136.9632649421692
72 2914.4183399999997 15550.567099449998 119574336.05677864 138.82615494728088
73 2914.4183399999997 16839.305500399998 129300859.0227091 140.7140429019928
74 2914.4183399999997 15870.5541306 120642369.63376743 142.57735180854797
75 2911.2186599999973 16400.006435 123604422.64460006 144.46404600143433
76 2911.2186599999973 15455.17784885 118854560.50718811 146.3077597618103
77 2904.8590099999983 17141.779370599997 128001372.83299622 148.19825887680054
78 2904.8590099999983 16624.7064255 131165262.26391655 150.0659430027008
79 2904.8590099999983 15977.349121449999 130231333.57407667 151.93047976493835
80 2904.8590099999983 16395.5139415 128951263.85491762 153.80509686470032
81 2904.8590099999983 16912.8862102 132325137.09864777 155.6866958141327
82 2904.8590099999983 17421.880622599998 131693341.18355435 157.57236790657043
83 2904.8590099999983 16224.28844955 132526859.57496448 159.4448230266571
84 2904.8590099999983 17131.32409845 131543356.19171338 161.34054398536682
85 2904.8590099999983 17215.73562925 134701359.7669709 163.23348879814148
86 2904.8590099999983 16635.3035652 131701255.10179433 165.12090492248535
87 2904.8590099999983 15572.4723196 125993063.47359322 166.9680690765381
88 2904.8590099999983 16206.601258449999 122394898.45593049 168.84061574935913
89 2904.8590099999983 15947.275226099999 117848132.43024002 170.70696592330933
90 2904.8590099999983 15947.370100949998 117293129.49320173 172.60268688201904
91 2904.8590099999983 17149.763557749997 127390686.57394661 174.51054692268372
92 2904.8590099999983 16878.8647234 129451686.20349133 176.4380657672882
93 2904.8590099999983 16369.9219086 123475608.48399952 178.34416103363037
94 2904.8590099999983 16106.5344923 119866806.7212916 180.2213261127472
95 2904.8590099999983 16784.07978285 116373417.26437727 182.10952401161194
96 2904.8590099999983 16645.9524267 114990753.45359795 183.99622988700867
97 2904.8590099999983 16880.2951586 129351430.54402421 185.8832938671112
98 2904.8590099999983 17002.267046949997 134072930.39684087 187.76713180541992
99 2904.8590099999983 16453.745910799997 132751671.32253723 189.63901591300964
100 2904.8590099999983 17843.60200065 134100777.3024035 191.54439401626587
101 2904.8590099999983 17091.5420239 126271480.33949974 193.4229438304901
102 2904.8590099999983 16625.82921055 143513853.88231778 195.28819489479065
103 2904.8590099999983 15974.685111449999 146047166.25538 197.13198375701904
104 2904.8590099999983 15555.669158649998 123943369.03489384 198.97187781333923
105 2904.8590099999983 16434.6316132 120127529.43088797 200.83486485481262
106 2904.8590099999983 16741.9382501 124491837.45098808 202.69479489326477
107 2904.8590099999983 16890.3150579 130027814.90899315 204.56753778457642
108 2904.8590099999983 17111.451068749997 128115872.99385689 206.44241881370544
109 2904.8590099999983 16843.6698594 124513062.8227139 208.31415176391602
110 2904.8590099999983 16309.8013411 126917174.8947399 210.16066598892212
111 2904.8590099999983 15477.969485849999 114767642.75835364 212.00287795066833
112 2904.8590099999983 15402.305170799998 117961583.613428 213.83601689338684
113 2904.8590099999983 15377.22403285 123282552.88100347 215.6657977104187
114 2904.8590099999983 16003.253467750003 123683895.32356283 217.50665497779846
115 2904.8590099999983 17055.985961550003 134567418.52912936 219.38427996635437
116 2904.8590099999983 16519.41469795 141450211.90808865 221.24427008628845
117 2904.8590099999983 15635.586719499996 115332422.50103821 223.07737183570862
118 2904.8590099999983 16096.217123249997 124852403.71786647 224.92672991752625
119 2904.8590099999983 16674.27217295 124109179.23683941 226.79123091697693
120 2904.8590099999983 17310.5116058 123553478.37512466 228.67459392547607
121 2904.8590099999983 16446.22741555 136189162.58344415 230.5304238796234
122 2904.8590099999983 15786.955145700002 120649266.29139732 232.3762788772583
123 2904.8590099999983 16760.849487699998 127770873.25078407 234.2517249584198
124 2904.8590099999983 16759.179787749996 129122631.256624 236.11368584632874
125 2904.8590099999983 17339.480499549998 134956102.2116431 237.995130777359
126 2904.8590099999983 16221.805628199998 127560807.02845798 239.8484787940979
127 2904.8590099999983 15700.294765499997 130773490.96647133 241.68852400779724
128 2904.8590099999983 16564.65751615 122924329.21897537 243.53913283348083
129 2904.8590099999983 17410.700606 132386075.23038621 245.4195020198822
130 2904.8590099999983 16138.698787099998 120286909.38562569 247.27240705490112
131 2904.8590099999983 16406.93780655 115520716.32573786 249.13643288612366
132 2904.8590099999983 16853.52726905 117503969.95584305 251.00817394256592
133 2904.8590099999983 17637.406078499997 116711096.16258807 252.9016239643097
134 2904.8590099999983 16337.379664349999 115877113.69651066 254.81207704544067
135 2904.8590099999983 16766.7334906 123242330.80339351 256.7143609523773
136 2904.8590099999983 16326.2023758 119957146.62236086 258.64276599884033
137 2904.8590099999983 17079.892849499996 127048345.85275917 260.56522393226624
138 2904.8590099999983 16607.067825799997 126547246.64388153 262.4575181007385
139 2904.8590099999983 16251.53442545 132636255.39467941 264.35809302330017
140 2904.8590099999983 16301.8945291 136776666.77141815 266.238774061203
141 2904.8590099999983 16889.8317063 132106162.02014405 268.14433789253235
142 2904.8590099999983 18249.8515375 133120810.88341278 270.0609006881714
143 2904.8590099999983 16504.13876895 126219374.6137946 271.95917296409607
144 2904.8590099999983 15729.7608613 117217589.20281921 273.91653084754944
145 2904.8590099999983 17317.6167118 125066910.6394241 275.83375787734985
146 2904.8590099999983 17010.6840285 129493112.58891755 277.72386288642883
147 2904.8590099999983 17271.35771915 132400379.6797475 279.66053891181946
148 2904.8590099999983 16353.401168499999 129057337.72783062 281.5292778015137
149 2904.8590099999983 16573.06040585 133759226.94366646 283.4101059436798
150 2904.8590099999983 16214.55188625 135064948.22642732 285.2731330394745
151 2904.8590099999983 15631.192232250001 135799613.37363327 287.12091994285583
152 2904.8590099999983 16713.2597625 144255678.25333074 288.99476981163025
153 2904.8590099999983 17870.9203787 140938178.53682065 290.895222902298
154 2904.8590099999983 18463.2293947 138743852.41812238 292.8192927837372
155 2904.8590099999983 18028.99451465 139202667.50346196 294.7326238155365
156 2904.8590099999983 18354.117989050003 147907411.11347553 296.64249086380005
157 2904.8590099999983 17960.59699025 127320344.45746246 298.54262495040894
158 2904.8590099999983 18106.181933750002 140223811.37590745 300.44328904151917
159 2904.8590099999983 17311.13792185 127517868.78601603 302.3316478729248
160 2904.8590099999983 17656.6006613 124576021.09315237 304.230587720871
161 2904.8590099999983 17433.2219484 128544961.54148532 306.1175117492676
162 2904.8590099999983 17589.99720985 131711737.99642803 308.01491713523865
163 2904.8590099999983 17275.741463500002 124820543.60835852 309.90953493118286
164 2904.8590099999983 17503.341301200002 131385663.03881714 311.81898188591003
165 2904.8590099999983 17622.494525349997 131559817.50970376 313.747633934021
166 2904.8590099999983 16708.90979625 129366625.9952684 315.66237473487854
167 2904.8590099999983 15693.61683255 124630844.55027214 317.5359139442444
168 2904.8590099999983 15164.789095449996 115429633.37581874 319.39083790779114
169 2904.8590099999983 15297.271668249998 123644996.60277924 321.28792810440063
170 2904.8590099999983 14912.524360699997 118298549.1995614 323.12991309165955
171 2904.8590099999983 16090.969318949998 129882039.91632374 325.04384303092957
172 2904.8590099999983 16044.211959600001 133676692.6317967 326.9488580226898
173 2904.8590099999983 15607.91856985 123697099.28917067 328.8446819782257
174 2904.8590099999983 17561.8283736 132067256.83875228 330.77741384506226
175 2904.8590099999983 18311.856405749997 134136966.64788006 332.69659900665283
176 2904.8590099999983 18220.739363749995 132915084.94970772 334.66419506073
177 2904.8590099999983 19163.819290499996 135181175.6462186 336.60583686828613
178 2904.8590099999983 18431.381061149998 133007483.09583814 338.53591084480286
179 2904.8590099999983 16943.444662149996 130810253.28825568 340.435467004776
180 2904.8590099999983 16903.226859899998 128743261.3468565 342.3309118747711
181 2904.8590099999983 16841.464347949997 110884956.43949872 344.2531907558441
182 2904.8590099999983 17699.86485985 118366809.2499367 346.2709889411926
183 2904.8590099999983 17116.14514665 121920027.0478117 348.26522397994995
184 2904.8590099999983 17200.8487202 129141864.88737135 350.3450107574463
185 2904.8590099999983 17544.0816628 141020340.70026585 352.2848708629608
186 2904.8590099999983 17051.4660348 140479800.2722006 354.2163760662079
187 2904.8590099999983 16428.6106047 141398801.55151287 356.1138060092926
188 2904.8590099999983 16057.754482699998 128255863.81816013 357.99943590164185
189 2904.8590099999983 16096.112543149999 120761883.16553368 359.87775206565857
190 2904.8590099999983 15557.515266499999 117035917.34768467 361.7997479438782
191 2904.8590099999983 15807.31290395 113435767.77696766 363.6545000076294
192 2904.8590099999983 15816.461601449997 126708232.5610109 365.5274040699005
193 2904.8590099999983 15807.002299649997 132567296.43738571 367.39417600631714
194 2904.8590099999983 15725.388830799999 121886591.5521381 369.3015308380127
195 2904.8590099999983 15814.503233649999 126387426.20568998 371.193904876709
196 2904.8590099999983 16200.897326399998 121349854.90288986 373.1317639350891
197 2904.8590099999983 16575.31908135 130880004.62153555 375.0340299606323
198 2904.8590099999983 16099.867478499998 126714937.28220291 376.9096460342407
199 2904.8590099999983 16908.56684155 127465832.85856672 378.81721901893616
200 2904.8590099999983 16606.918737999997 125225064.91540799 380.71134090423584
201 2904.8590099999983 17189.87394325 136173509.9550235 382.61073088645935
202 2904.8590099999983 17759.9667479 136234050.46479282 384.54697585105896
203 2904.8590099999983 16231.8572006 137309855.84510267 386.5276851654053
204 2904.8590099999983 16708.44225965 135391784.04528835 388.4378800392151
205 2904.8590099999983 16642.570141049997 135037879.81467503 390.3302159309387
206 2904.8590099999983 16611.68543645 134844348.53000104 392.2145719528198
207 2904.8590099999983 15678.398370399998 132119530.9735746 394.0957028865814
208 2904.8590099999983 16994.2303687 119687376.92806344 396.01379776000977
209 2904.8590099999983 16401.5893051 120837981.93212461 397.9063308238983
210 2904.8590099999983 16701.010986849997 123458768.56902356 399.80528688430786
211 2904.8590099999983 18253.7857377 131221292.39717415 401.8352680206299
212 2904.8590099999983 17751.79250945 141052436.92262784 403.7341089248657
213 2904.8590099999983 17319.7777092 131720476.71494587 405.6194579601288
214 2904.8590099999983 16943.63302145 117837445.41371897 407.48933386802673
215 2904.8590099999983 18022.8925041 123449507.30535752 409.3851828575134
216 2904.8590099999983 17503.71016605 126519867.85233407 411.28126883506775
217 2904.8590099999983 16887.8558517 133985445.24554029 413.14737200737
218 2904.8590099999983 15657.69021485 121275792.90982902 414.9966068267822
219 2904.8590099999983 15632.95372035 120198983.44849674 416.8525900840759
220 2904.8590099999983 16238.039954799999 116492457.20883283 418.7079977989197
221 2904.8590099999983 16983.99991125 125649529.85396618 420.56327080726624
222 2904.8590099999983 17356.43842825 135641995.6077138 422.43888092041016
223 2904.8590099999983 17054.234224649997 131830153.62062305 424.30718088150024
224 2904.8590099999983 16887.368762749997 125648536.54058865 426.1912498474121
225 2904.8590099999983 17900.2909742 127847358.87993969 428.10319685935974
226 2904.8590099999983 18101.14638735 131235840.03452882 430.01987195014954
227 2904.8590099999983 16972.481784800002 125653925.74369201 431.9231789112091
228 2904.8590099999983 17581.3093259 125931230.19650799 433.83107686042786
229 2904.8590099999983 16670.44310455 126320904.90982033 435.703088760376
230 2904.8590099999983 16492.420928599997 127152219.95402236 437.5916631221771
231 2904.8590099999983 16127.236254349998 126631033.13771847 439.46724700927734
232 2904.8590099999983 15473.172353949998 127120403.04837686 441.3276889324188
233 2904.8590099999983 15334.430802149996 134084588.08526368 443.1561839580536
234 2904.8590099999983 17656.16092095 137911413.46710074 445.0365550518036
235 2904.8590099999983 17290.44210215 129861468.21466857 446.91587591171265
236 2904.8590099999983 16490.5332595 122519833.07310551 448.77468276023865
237 2904.8590099999983 15680.547190799996 126530802.44341889 450.61173701286316
238 2904.8590099999983 15454.153604599998 134058679.60218118 452.44188475608826
239 2904.8590099999983 14385.2767771 125641322.4932589 454.28692603111267
240 2904.8590099999983 14657.072937349998 122951181.3736114 456.11572194099426
241 2904.8590099999983 15250.232513799998 113766290.0922477 458.011745929718
242 2904.8590099999983 15199.312725849999 119043739.61479895 459.8730809688568
243 2904.8590099999983 15314.7537145 123195107.57430851 461.71290397644043
244 2904.8590099999983 15704.872008 125907916.97694701 463.6482150554657
245 2904.8590099999983 14856.165858599998 118605854.56982496 465.52477288246155
246 2904.8590099999983 16059.86031395 112969388.00798225 467.4468810558319
247 2904.8590099999983 15615.14503035 116430151.77664573 469.3155310153961
248 2904.8590099999983 16626.88593615 119326671.58631542 471.2226119041443
249 2904.8590099999983 16565.854203249997 114193564.95086555 473.12346386909485
The optimum value should be 2904.85901

2904.8590099999983 475.0030028820038

-------------------------------------------------------------------------------------------------------------------------

ROUND 3:
Generation, best, average, variance, time(s)
0 9223372036854775807 35666.82428375001 5141747.840202898 1.6015610694885254
1 13185.207299999984 34407.8860233 8092773.9760360215 4.364546060562134
2 6742.3209300000035 29841.08697095 59080379.777597606 6.731755971908569
3 4426.08944 25440.573608849998 101650596.68685912 8.879054069519043
4 3731.2778699999994 21797.1739222 109705927.9090884 10.893364906311035
5 3640.7757799999986 19547.609039299998 125788648.54086567 12.829468011856079
6 3152.8052399999992 16949.8795622 123883506.02144532 14.74885106086731
7 3152.8052399999992 16313.2723544 111086424.2190805 16.658068895339966
8 3074.7610299999983 17024.1514159 127292881.42511658 18.58665704727173
9 3074.7610299999983 17377.98554685 124368062.2400318 20.485048055648804
10 3074.7610299999983 16604.34026505 115692392.45609272 22.378796100616455
11 3074.7610299999983 15971.364141199998 114215930.98913792 24.265224933624268
12 3074.7610299999983 15870.311409499998 117693348.20139498 26.15882396697998
13 3074.7610299999983 16188.74837645 118905951.37054805 28.093998193740845
14 3034.53936 16829.602061499998 128839283.16243827 29.998997926712036
15 3034.53936 17264.965678149998 129542385.25059412 31.937679052352905
16 3018.9658899999995 17802.015759149996 132856414.27394855 33.836984157562256
17 2929.6998599999993 18411.68380285 138347029.4569279 35.756327867507935
18 2912.738149999998 17528.981760399998 127395526.2895452 37.655014991760254
19 2912.738149999998 18044.237235599998 127017721.22518101 39.59760785102844
20 2912.738149999998 17003.86083945 127245662.95471905 41.5434832572937
21 2911.2186599999973 15884.498271550001 125744985.84389535 43.40912699699402
22 2911.2186599999973 16418.16287145 133231516.8803798 45.29133105278015
23 2911.2186599999973 18095.62310205 143832800.3634095 47.208518981933594
24 2911.2186599999973 18269.5807595 123860959.91101013 49.14485311508179
25 2911.2186599999973 16549.13315865 131086937.01792575 51.049911975860596
26 2911.2186599999973 16311.697968499999 126955541.60228023 52.91499400138855
27 2911.2186599999973 16890.7352434 133172320.17227277 54.80176305770874
28 2911.2186599999973 16184.718642849997 129995506.93559434 56.67481017112732
29 2911.2186599999973 17033.578250799997 123754087.54968861 58.568042039871216
30 2911.2186599999973 18351.065797850002 129342242.87321182 60.52445101737976
31 2911.2186599999973 17440.005052899996 137763752.39199212 62.43110513687134
32 2911.2186599999973 17047.3961876 131713091.45118944 64.32357907295227
33 2911.2186599999973 17505.612999499997 125378157.47154896 66.27522301673889
34 2911.2186599999973 16439.102104349997 123389239.49305269 68.20422506332397
35 2911.2186599999973 16929.615243449996 127395374.615164 70.20302700996399
36 2911.2186599999973 17449.343365549998 132267559.16614757 72.19811415672302
37 2911.2186599999973 17625.221461899997 127732549.40490626 74.12650489807129
38 2911.2186599999973 16770.261497799995 133491615.54375803 76.0175371170044
39 2911.2186599999973 15842.294778949996 135841826.82264575 77.89417815208435
40 2911.2186599999973 17442.253326949998 127110178.66574405 79.83804607391357
41 2911.2186599999973 16416.672197599997 129646423.61341327 81.74509692192078
42 2911.2186599999973 16630.552354149997 132113460.34928663 83.64045119285583
43 2911.2186599999973 16874.2665789 130681962.73866673 85.54377603530884
44 2911.2186599999973 15963.49312965 133891896.02121823 87.45425200462341
45 2911.2186599999973 16450.7309485 132105149.03227112 89.33833408355713
46 2911.2186599999973 16140.316738299998 118729358.00650792 91.21658897399902
47 2911.2186599999973 15537.696705199996 110353814.14058542 93.07574105262756
48 2911.2186599999973 15521.723216249999 119380347.01345587 94.94143319129944
49 2911.2186599999973 16814.54451335 130285698.39775047 96.82365417480469
50 2911.2186599999973 15698.639093249996 120270172.45755634 98.68755722045898
51 2911.2186599999973 15663.74084775 121303325.14878434 100.55608296394348
52 2911.2186599999973 16812.94289855 120164379.75303951 102.44277715682983
53 2911.2186599999973 16360.297037799999 124672474.66520911 104.32397699356079
54 2911.2186599999973 16144.325291749998 125007840.39839168 106.19157195091248
55 2911.2186599999973 16900.1479118 132089460.35171203 108.07591104507446
56 2911.2186599999973 16694.883762399997 138636765.00112033 109.95377898216248
57 2911.2186599999973 16751.939828899995 131779862.9858699 111.83441305160522
58 2911.2186599999973 13848.4258282 127579806.08496612 113.64120602607727
59 2911.2186599999973 14857.572794849999 129351808.79963703 115.4793210029602
60 2911.2186599999973 15727.8673023 117229306.80584519 117.33319616317749
61 2911.2186599999973 16303.309932349997 126099733.59974357 119.19678688049316
62 2911.2186599999973 16083.090164199997 113569033.02638218 121.05985689163208
63 2911.2186599999973 16246.06943855 111504781.3331926 122.92661619186401
64 2911.2186599999973 16312.564901949998 126501276.01167439 124.79276895523071
65 2911.2186599999973 16711.6230013 131722036.88025457 126.6680519580841
66 2911.2186599999973 16310.217887800001 123216282.64656429 128.54885506629944
67 2911.2186599999973 15860.574087549998 118341695.75633968 130.45941925048828
68 2911.2186599999973 16406.3688154 117309395.39428806 132.33620619773865
69 2911.2186599999973 15729.1677722 120105581.77057649 134.2103979587555
70 2911.2186599999973 16817.96476255 126629584.36937241 136.17609286308289
71 2911.2186599999973 15535.801329399997 124835466.84829229 138.02924013137817
72 2911.2186599999973 15191.599439149999 121604689.08632606 139.86767411231995
73 2911.2186599999973 14806.81480375 118668736.83308277 141.72793006896973
74 2911.2186599999973 15626.39789655 118125374.12861721 143.58865308761597
75 2911.2186599999973 16373.893170849997 122058992.91188996 145.46562099456787
76 2911.2186599999973 15689.731499699998 123535009.87188019 147.3265221118927
77 2911.2186599999973 17043.900702649997 129967200.49966505 149.2184100151062
78 2911.2186599999973 16808.505026749997 132043454.58723307 151.1046540737152
79 2911.2186599999973 17429.63298885 135738147.4940924 153.00662922859192
80 2911.2186599999973 17338.108042699998 129672003.9992958 154.90431308746338
81 2911.2186599999973 17664.612983099996 127899054.08475915 156.800852060318
82 2911.2186599999973 17964.7430738 126273561.43773453 158.70217394828796
83 2911.2186599999973 16915.95600205 120022398.73382734 160.57490706443787
84 2911.2186599999973 16453.167687299996 125490291.29250705 162.45461297035217
85 2911.2186599999973 17444.0876336 135360671.19500628 164.3879201412201
86 2911.2186599999973 17624.255471149998 135169784.83226085 166.34013891220093
87 2911.2186599999973 17056.3073945 125763986.88823082 168.3069429397583
88 2911.2186599999973 16747.785411049997 128003442.47886263 170.22226905822754
89 2911.2186599999973 15979.026253899998 119916451.8124568 172.08418893814087
90 2911.2186599999973 16503.06257675 129438940.76122089 173.96314907073975
91 2911.2186599999973 16379.72027365 131046720.18045223 175.83183097839355
92 2911.2186599999973 16972.3338364 125794348.53497098 177.71947312355042
93 2911.2186599999973 17247.56254515 134069105.82527767 179.62291812896729
94 2911.2186599999973 17301.87977095 134937112.44152993 181.51148390769958
95 2911.2186599999973 16492.527069 123091360.72398895 183.39224815368652
96 2911.2186599999973 16236.155579049997 127696183.33899009 185.26284217834473
97 2911.2186599999973 16140.975745449998 122093369.854324 187.13678216934204
98 2911.2186599999973 16521.056832849998 129279048.75217243 189.0527491569519
99 2911.2186599999973 16537.619670699994 132660383.76928554 190.9297149181366
100 2911.2186599999973 15815.50685335 122090747.97051328 192.8335611820221
101 2911.2186599999973 16982.246945149996 135166099.09493315 194.75226712226868
102 2911.2186599999973 16851.27134435 127784950.11612177 196.64605808258057
103 2911.2186599999973 16227.583142149997 124750814.6703765 198.54969191551208
104 2911.2186599999973 15432.653997 95465320.69179638 200.453271150589
105 2911.2186599999973 16632.135477699998 126521978.8148829 202.34560799598694
106 2911.2186599999973 16622.1829995 136937546.07851276 204.23248624801636
107 2911.2186599999973 16603.7919569 128980173.86231893 206.1166741847992
108 2911.2186599999973 16543.494365250004 134296972.86453068 208.01304697990417
109 2911.2186599999973 17166.064131249997 145348136.38345867 209.92632293701172
110 2911.2186599999973 17757.777158999997 144731675.5128396 211.84690499305725
111 2911.2186599999973 17415.89442435 143117810.18321672 213.80166602134705
112 2911.2186599999973 17228.608268449996 136150200.34357587 215.7033851146698
113 2911.2186599999973 17736.4689491 136457046.82876146 217.61945009231567
114 2911.2186599999973 17668.020451099997 142155167.07515216 219.5274260044098
115 2911.2186599999973 18186.266560199998 140785625.87923908 221.4655101299286
116 2904.8590099999983 17227.697719400003 133192222.02702923 223.35635209083557
117 2904.8590099999983 16324.09111355 125634042.97226204 225.22454404830933
118 2904.8590099999983 16367.263747649999 128889435.29199262 227.0943968296051
119 2904.8590099999983 16219.519483149998 129600180.92200196 228.97745513916016
120 2904.8590099999983 16499.651345349997 126448691.68552233 230.87264800071716
121 2904.8590099999983 16450.927910849998 132014848.33836856 232.77992296218872
122 2904.8590099999983 16215.755790149999 127429914.51786934 234.67146015167236
123 2904.8590099999983 16455.360366599998 126391641.94193621 236.56776404380798
124 2904.8590099999983 17020.2603889 123071290.18342133 238.47936606407166
125 2904.8590099999983 17307.2987473 128161115.40966938 240.380695104599
126 2904.8590099999983 17161.834406899998 127997070.20673624 242.27362704277039
127 2904.8590099999983 16344.50712375 127430463.45835896 244.16358923912048
128 2904.8590099999983 16375.637359749997 124209406.11545078 246.04751706123352
129 2904.8590099999983 16543.122403350004 133185516.09033415 247.92821407318115
130 2904.8590099999983 16935.24871305 137214542.56414342 249.82611203193665
131 2904.8590099999983 15810.33412 119268489.5553809 251.69733095169067
132 2904.8590099999983 15807.15150985 135732042.9206983 253.55909824371338
133 2904.8590099999983 15914.527652100001 121494455.26059419 255.43328523635864
134 2904.8590099999983 15331.076491749998 130731363.26140477 257.28911209106445
135 2904.8590099999983 16266.837793699997 140730434.63635078 259.1774570941925
136 2904.8590099999983 16574.35568235 136806462.11241412 261.05590295791626
137 2904.8590099999983 17248.6629286 132867130.11602898 262.9503538608551
138 2904.8590099999983 16935.61418805 123823164.97591667 264.8386199474335
139 2904.8590099999983 17355.80993095 137405703.18614548 266.7205328941345
140 2904.8590099999983 16459.61786865 136052712.55465806 268.6024351119995
141 2904.8590099999983 16855.101303 133648707.68215023 270.4967601299286
142 2904.8590099999983 18054.955918 128725662.60322906 272.3998670578003
143 2904.8590099999983 17825.80934 133429296.65958637 274.3005590438843
144 2904.8590099999983 17756.5535568 127755986.15912098 276.2121789455414
145 2904.8590099999983 16968.69905435 125650628.2054501 278.0973250865936
146 2904.8590099999983 16923.680679099998 121834845.97116315 280.0136570930481
147 2904.8590099999983 17808.6505782 113520683.86527376 281.93027806282043
148 2904.8590099999983 18157.383932399996 123918982.7309716 283.8548171520233
149 2904.8590099999983 17535.1797854 123909473.62448223 285.7504131793976
150 2904.8590099999983 16559.760017650002 127679132.2640474 287.65496492385864
151 2904.8590099999983 17323.774161049998 124650479.6356464 289.5816581249237
152 2904.8590099999983 16903.87567765 130140457.95842212 291.4896950721741
153 2904.8590099999983 16133.128044100002 132631066.38475722 293.35741901397705
154 2904.8590099999983 17428.04673195 133834837.66416016 295.25780987739563
155 2904.8590099999983 16117.01621825 123709915.26955688 297.120108127594
156 2904.8590099999983 15356.553770849998 116223150.76798305 298.99537420272827
157 2904.8590099999983 15619.347326299996 109064889.35826287 300.8568911552429
158 2904.8590099999983 15787.7493787 110163172.38561271 302.72599816322327
159 2904.8590099999983 16320.659949649998 134933630.7068389 304.62187004089355
160 2904.8590099999983 16311.209421849999 132953068.1171093 306.499135017395
161 2904.8590099999983 16784.729956 134604664.37921613 308.40041399002075
162 2904.8590099999983 16124.548124699997 128672073.20002079 310.28280305862427
163 2904.8590099999983 16778.30904615 135929414.7220948 312.18791913986206
164 2904.8590099999983 17148.6882793 126361821.4046895 314.1001138687134
165 2904.8590099999983 17108.875104699997 130641482.83986412 315.99599409103394
166 2904.8590099999983 17716.58008135 134322766.37584707 317.894011259079
167 2904.8590099999983 17410.355147899998 138876907.02554336 319.79339694976807
168 2904.8590099999983 16007.278461849999 129218212.27266593 321.6531798839569
169 2904.8590099999983 16791.567384949998 121022229.53681965 323.54124116897583
170 2904.8590099999983 16905.14133475 128074172.57536693 325.4166479110718
171 2904.8590099999983 16863.750345549997 132910056.9583881 327.29091811180115
172 2904.8590099999983 16002.857015550002 117556441.88225207 329.1514570713043
173 2904.8590099999983 17249.301031249997 123784997.91334881 331.0519449710846
174 2904.8590099999983 18046.8757063 135676414.63881657 332.96050000190735
175 2904.8590099999983 16823.17215 129594385.09670475 334.84039092063904
176 2904.8590099999983 17255.6988904 132210338.7892873 336.730751991272
177 2904.8590099999983 16484.290156949995 127478522.41487978 338.5936350822449
178 2904.8590099999983 17186.255910549997 137635032.53566995 340.47736406326294
179 2904.8590099999983 17484.7046929 131045847.05448145 342.37306118011475
180 2904.8590099999983 18279.21378405 126542068.72012116 344.2896339893341
181 2904.8590099999983 17322.491965200003 133749022.37137713 346.1832630634308
182 2904.8590099999983 17307.3786625 132637280.02543129 348.0831091403961
183 2904.8590099999983 16375.70859045 133813855.1904166 349.9612338542938
184 2904.8590099999983 15579.375022949998 121858337.6521159 351.81830501556396
185 2904.8590099999983 15846.87229575 127736059.73177353 353.6761920452118
186 2904.8590099999983 15983.74191755 135115150.49088278 355.5735070705414
187 2904.8590099999983 16335.4173893 135051208.95672187 357.4447832107544
188 2904.8590099999983 16418.461886799996 120447373.20558186 359.33534598350525
189 2904.8590099999983 16800.47387305 116416772.96614614 361.22413420677185
190 2904.8590099999983 16489.49103035 121758078.89651005 363.1131808757782
191 2904.8590099999983 17035.5561471 131620727.9232036 365.00927996635437
192 2904.8590099999983 17164.3484891 123663369.54294096 366.89897298812866
193 2904.8590099999983 17420.0826445 130269088.92139603 368.79887199401855
194 2904.8590099999983 17524.981865199996 127546929.91817126 370.69161796569824
195 2904.8590099999983 17278.96725795 128454481.29175979 372.5846788883209
196 2904.8590099999983 18379.9384889 140253101.76234788 374.50027799606323
197 2904.8590099999983 17978.30898355 132990035.80078903 376.41317915916443
198 2904.8590099999983 17815.83829285 134548275.49140275 378.3160729408264
199 2904.8590099999983 17512.386991 122218784.04935093 380.22290802001953
200 2904.8590099999983 17405.729597049998 126323135.27560806 382.1338622570038
201 2904.8590099999983 16579.752223199997 114387536.30350022 384.01644587516785
202 2904.8590099999983 15395.245779099998 118385644.03690654 385.89443612098694
203 2904.8590099999983 15742.325449149997 112632816.74706307 387.8007481098175
204 2904.8590099999983 16084.709254700001 121204638.0355811 389.6611919403076
205 2904.8590099999983 16535.674685649996 123513478.65217766 391.5893089771271
206 2904.8590099999983 16680.49298165 126747120.91581264 393.46718406677246
207 2904.8590099999983 17265.19472585 133305236.40311655 395.3631830215454
208 2904.8590099999983 17135.70103605 139266638.85378236 397.25381803512573
209 2904.8590099999983 16354.359455249998 126394921.99222253 399.15527296066284
210 2904.8590099999983 16975.110780399995 129345441.48637058 401.04811120033264
211 2904.8590099999983 15120.14343365 123976828.1977026 402.9210660457611
212 2904.8590099999983 16069.8852772 128468787.55676721 404.79243206977844
213 2904.8590099999983 16325.312201449999 121604063.35458182 406.67542600631714
214 2904.8590099999983 16924.098799549996 122805298.60102367 408.6376531124115
215 2904.8590099999983 17728.540412349997 119424886.09126309 410.6261420249939
216 2904.8590099999983 17314.639021 127798097.76207966 412.5322620868683
217 2904.8590099999983 17713.033903749998 125480903.26344846 414.4566111564636
218 2904.8590099999983 17830.3808458 128266259.21658337 416.391930103302
219 2904.8590099999983 16304.31107265 108068126.16718395 418.2978060245514
220 2904.8590099999983 17073.6510084 113995455.0152261 420.2034869194031
221 2904.8590099999983 16121.788294499998 132577067.4725769 422.0842869281769
222 2904.8590099999983 16759.135408299997 124843768.34317812 423.9920451641083
223 2904.8590099999983 16558.0135821 139737539.25686234 425.8687150478363
224 2904.8590099999983 16042.925082049998 126379788.55847077 427.7244758605957
225 2904.8590099999983 15834.63587 129588320.99751656 429.5737888813019
226 2904.8590099999983 17217.2682594 121407797.5135446 431.47219705581665
227 2904.8590099999983 17034.826275999996 123248824.98621754 433.3591978549957
228 2904.8590099999983 16440.81021635 120073406.86256233 435.22703313827515
229 2904.8590099999983 15566.607323749997 122775150.86428289 437.0733950138092
230 2904.8590099999983 16332.21930825 135899145.27384666 438.94341921806335
231 2904.8590099999983 17469.2634043 127091369.81203651 440.848176240921
232 2904.8590099999983 17680.17877475 132950080.94761951 442.75915908813477
233 2904.8590099999983 17229.1096294 131366255.17235966 444.6899700164795
234 2904.8590099999983 18678.7099687 134469227.4676799 446.63742423057556
235 2904.8590099999983 18782.818814 132967683.9174389 448.6143660545349
236 2904.8590099999983 18254.475378649997 137088103.2666844 450.59473609924316
237 2904.8590099999983 17780.910672399998 134149252.8862891 452.517370223999
238 2904.8590099999983 16193.965641949999 141572069.68715587 454.3793761730194
239 2904.8590099999983 15548.16054195 123284946.22211833 456.233638048172
240 2904.8590099999983 16214.954896049998 126761156.43819721 458.1353349685669
241 2904.8590099999983 16064.922658849999 120364464.4990419 460.04577803611755
242 2904.8590099999983 17073.217770850002 133810379.5096877 462.06349897384644
243 2904.8590099999983 17725.8092388 146334555.6843347 463.9898328781128
244 2904.8590099999983 17690.9033 145655103.02860534 465.9050302505493
245 2904.8590099999983 16210.66599745 146751157.84709522 467.77608013153076
246 2904.8590099999983 16237.1657674 139728855.23658204 469.6348421573639
247 2904.8590099999983 17420.87368885 139079131.6473253 471.53027296066284
248 2904.8590099999983 16926.61101895 132050467.02309975 473.4142060279846
249 2904.8590099999983 16621.828913499998 124026142.70874062 475.38495898246765
The optimum value should be 2904.85901

2904.8590099999983 477.27987003326416

