INSTANCE: MP3

TOTAL GENERATION IS: 250

-------------------------------------------------------------------------------------------------------------------------

ROUND 1:
Generation, best, average, variance, time(s)
0 9223372036854775807 35836.34731725001 5998134.461224191 1.6227631568908691
1 8901.8606 33765.212955400006 12797843.635211434 4.20437216758728
2 3622.552560000001 27805.543372350003 85262668.98308724 6.384285926818848
3 2926.9620999999975 23639.533941350008 127261963.6807877 8.389441013336182
4 2679.9311899999984 19177.78421145 147506268.15579543 10.294281005859375
5 2679.9311899999984 17546.332869500002 136802376.1423713 12.16605806350708
6 2679.9311899999984 17711.143482600004 129376741.34572801 14.036874055862427
7 2679.9311899999984 16989.1297282 133921996.66559994 15.912644863128662
8 2679.9311899999984 16427.214962650003 126819324.6209953 17.781672954559326
9 2623.7088799999983 15755.0059865 122430804.65073912 19.621056079864502
10 2623.7088799999983 16525.18483655 136551490.72492436 21.480966091156006
11 2623.7088799999983 16281.2905432 131517172.89123127 23.334961891174316
12 2623.7088799999983 16157.661390050002 131527005.5507366 25.194493055343628
13 2623.7088799999983 16429.577007850003 134557298.70986107 27.049159049987793
14 2623.7088799999983 15205.212181750001 131709497.44044186 28.880905151367188
15 2623.7088799999983 16171.221457300002 126919011.75284718 30.734808921813965
16 2623.7088799999983 16355.627886350001 121398065.62230644 32.58847999572754
17 2623.7088799999983 16420.6842781 131719816.1395372 34.44804525375366
18 2623.7088799999983 15381.97140735 133104330.12663616 36.28224015235901
19 2623.7088799999983 16461.935624899997 143432255.66376567 38.13958406448364
20 2623.7088799999983 17031.250327750004 145641036.56094903 40.01564025878906
21 2623.7088799999983 17807.311092350003 145151476.22718862 41.916069984436035
22 2623.7088799999983 16262.739039300004 135764016.6208578 43.777487993240356
23 2623.7088799999983 16208.901879150002 129533519.00104094 45.63203406333923
24 2623.7088799999983 16815.868608800003 140511134.72183824 47.5735969543457
25 2623.7088799999983 16342.07959785 129987599.81433643 49.457916021347046
26 2623.7088799999983 16935.867196050003 140978735.05841762 51.33795690536499
27 2623.7088799999983 17115.3102144 136626463.6963178 53.23528599739075
28 2623.7088799999983 16330.870515 135243601.9377903 55.16195583343506
29 2623.7088799999983 16868.12482385 130896976.90563606 57.02842712402344
30 2623.7088799999983 17917.0340977 139357845.09212646 58.92089509963989
31 2623.7088799999983 17134.82907565 130621465.8992055 60.80831003189087
32 2623.7088799999983 16427.459943899998 129316913.13019222 62.67163395881653
33 2623.7088799999983 16374.462071549999 125016227.62088825 64.54435515403748
34 2623.7088799999983 16787.8347412 123396490.2881332 66.42241907119751
35 2623.7088799999983 16884.02511445 148179250.5127728 68.29756808280945
36 2623.7088799999983 16698.08183245 155928392.8835653 70.1688961982727
37 2623.7088799999983 16983.96661445 149766418.5861823 72.04685497283936
38 2623.7088799999983 17489.092792900003 140570068.313028 73.92757296562195
39 2623.7088799999983 16886.558453850004 147988337.1565289 75.80336499214172
40 2623.7088799999983 16509.5265828 156032313.57445955 77.67106413841248
41 2623.7088799999983 16895.250456550002 138759170.47043177 79.6307020187378
42 2623.7088799999983 16439.5973379 129804672.72564548 81.48461127281189
43 2623.7088799999983 15717.954764350001 131436401.83657742 83.32866311073303
44 2623.7088799999983 15949.283150199999 119955763.36218959 85.16850900650024
45 2623.7088799999983 15732.616565600001 125636114.38914505 87.01267790794373
46 2623.7088799999983 15968.95259625 130079919.87669483 88.84526014328003
47 2623.7088799999983 15922.3013437 122002024.87346527 90.68554902076721
48 2623.7088799999983 15763.674757949999 122290452.58788738 92.5152690410614
49 2623.7088799999983 15829.29995015 121426742.39952055 94.34947204589844
50 2623.7088799999983 16430.259408550002 126563932.3193019 96.2099380493164
51 2623.7088799999983 15213.267249449998 116348040.8804505 98.03306698799133
52 2623.7088799999983 15172.33754645 124869661.60325411 99.86091494560242
53 2623.7088799999983 15869.949773650002 125722585.23460168 101.68862700462341
54 2623.7088799999983 16412.30633115 134148364.94288796 103.53894710540771
55 2623.7088799999983 16504.7263577 133608866.79233176 105.38855195045471
56 2623.7088799999983 17264.160886700003 138013657.59827626 107.24911594390869
57 2623.7088799999983 16929.0467161 141584707.30571643 109.10139083862305
58 2623.7088799999983 16596.047530249998 139519958.26183984 110.94350910186768
59 2623.7088799999983 16617.0509587 132940159.56640576 112.78736114501953
60 2623.7088799999983 16353.3346401 126666691.58238949 114.61992502212524
61 2623.7088799999983 16551.57039605 137157472.46975937 116.49735999107361
62 2623.7088799999983 15341.75373925 119140396.06561935 118.31492400169373
63 2623.7088799999983 16197.4786577 126767101.58718233 120.15525889396667
64 2623.7088799999983 15443.070580300004 123363421.806333 121.97457218170166
65 2623.7088799999983 14975.66672905 123816320.84090242 123.7692379951477
66 2623.7088799999983 15315.260971250003 125918029.55581513 125.57203507423401
67 2623.7088799999983 16783.4427148 144361728.2354742 127.4133689403534
68 2623.7088799999983 16521.63478495 135680242.04192698 129.25551915168762
69 2623.7088799999983 15902.093919949999 139133157.87223697 131.0824489593506
70 2623.7088799999983 15442.2170804 127743434.89622465 132.88904881477356
71 2623.7088799999983 15828.951184600002 125976146.15740061 134.7034990787506
72 2623.7088799999983 15682.224250250003 128603061.13733251 136.5132040977478
73 2623.7088799999983 16063.655912650003 127533183.01018618 138.33302903175354
74 2623.7088799999983 15565.166797599999 128780656.25131851 140.13542199134827
75 2623.7088799999983 15328.19480825 122463672.9030614 141.93911409378052
76 2623.7088799999983 15612.274671150004 125957388.20186937 143.74389100074768
77 2623.7088799999983 16475.09007665 134179206.61447677 145.5793821811676
78 2623.7088799999983 16713.859501400002 136399152.99185404 147.4312779903412
79 2623.7088799999983 16056.66772425 144048432.99585712 149.25981497764587
80 2623.7088799999983 15277.969425349998 130440527.50965938 151.061861038208
81 2623.7088799999983 14683.010441299999 126480669.73625804 152.85292387008667
82 2623.7088799999983 16672.50696595 141310561.81742 154.6860339641571
83 2623.7088799999983 16710.402372000004 143180134.73313922 156.53119015693665
84 2623.7088799999983 16443.218723700003 143027415.33147028 158.35723400115967
85 2623.7088799999983 16821.5615542 130152808.52198033 160.1934061050415
86 2623.7088799999983 17174.901285050004 130578856.72182289 162.03671622276306
87 2623.7088799999983 17014.67920445 134589275.4431607 163.87142896652222
88 2623.7088799999983 17003.192177 130599524.93946812 165.7083978652954
89 2623.7088799999983 17219.184968 132717616.57384543 167.55401301383972
90 2623.7088799999983 16793.58658075 133749115.08395503 169.388081073761
91 2623.7088799999983 16811.572623650005 138034793.10487384 171.22030401229858
92 2623.7088799999983 17784.222229000003 141793246.4236174 173.06576013565063
93 2623.7088799999983 17655.90682285 137768521.21790195 174.90899300575256
94 2623.7088799999983 17827.711033350002 136370910.99068034 176.76374506950378
95 2623.7088799999983 17237.695504799998 127495291.25303489 178.60041499137878
96 2623.7088799999983 16031.12323225 131085645.6659523 180.46545386314392
97 2623.7088799999983 15506.112674900003 140341671.941706 182.27063298225403
98 2623.7088799999983 14961.128796 117655504.19336008 184.0602970123291
99 2623.7088799999983 16034.978912400002 134215591.03310613 185.87845301628113
100 2623.7088799999983 16103.346639300004 136217526.18461782 187.70120406150818
101 2623.7088799999983 16722.938520650005 134208985.13205495 189.54456305503845
102 2623.7088799999983 16354.81274775 126539777.40013543 191.36988806724548
103 2623.7088799999983 17601.239970550003 138640830.45865116 193.21870303153992
104 2623.7088799999983 17011.987994850002 142745434.03937376 195.0525939464569
105 2623.7088799999983 16884.171196850002 141379564.0100448 196.8877809047699
106 2623.7088799999983 17555.4535916 135397004.54844755 198.74267101287842
107 2623.7088799999983 16365.2291405 131901520.84642266 200.5698790550232
108 2623.7088799999983 16681.318251050005 128279537.36441785 202.39610290527344
109 2623.7088799999983 14857.990112550002 129077085.54969434 204.19021201133728
110 2623.7088799999983 15890.04259635 129943467.22426216 205.996985912323
111 2623.7088799999983 15830.151239100001 116760161.6566589 207.80689001083374
112 2623.7088799999983 15651.732118700002 123652652.45569855 209.61619424819946
113 2623.7088799999983 16690.695434400004 131503744.69962898 211.44158911705017
114 2623.7088799999983 17015.663735250004 139023312.68935397 213.27605414390564
115 2623.7088799999983 16819.777692300002 136748981.29076967 215.1181309223175
116 2623.7088799999983 17548.48934465 138311774.70703852 216.9645278453827
117 2623.7088799999983 16797.895348300004 131216292.20726469 218.82477807998657
118 2623.7088799999983 19303.532767200006 145692172.96063456 220.76568722724915
119 2623.7088799999983 17564.623596800004 155288742.8696132 222.66467595100403
120 2623.7088799999983 17544.19206515 154190930.5013098 224.5647690296173
121 2623.7088799999983 17603.4975521 139924721.3738501 226.42199301719666
122 2623.7088799999983 17106.00551425 137979084.86550072 228.2712390422821
123 2623.7088799999983 16002.855067800001 136974885.9067873 230.10113406181335
124 2623.7088799999983 17197.502525600004 132925495.73104756 231.94111108779907
125 2623.7088799999983 17319.993695250003 132950567.6247227 233.78100299835205
126 2623.7088799999983 17433.541460450004 131731662.9871908 235.63174724578857
127 2623.7088799999983 19751.8486028 130493329.85360366 237.5254511833191
128 2623.7088799999983 18320.41124955 123292989.27702637 239.40138411521912
129 2623.7088799999983 18847.676321400002 127981833.51764882 241.27879881858826
130 2623.7088799999983 16479.0794097 128518448.16036767 243.1075348854065
131 2623.7088799999983 14976.819861700002 120630423.1669872 244.89955687522888
132 2623.7088799999983 15639.565563250002 131184197.54379404 246.70812606811523
133 2623.7088799999983 17687.97889005 134636830.91510653 248.57076001167297
134 2623.7088799999983 16671.469338400002 140544676.50297523 250.40525007247925
135 2623.7088799999983 17823.44298565 121554783.86978824 252.2595238685608
136 2623.7088799999983 17114.6523281 113784616.68512106 254.0921869277954
137 2623.7088799999983 16443.599103700002 125072674.00491756 255.90904903411865
138 2623.7088799999983 16121.656928050004 135788746.37216836 257.7183299064636
139 2623.7088799999983 16850.409855700003 147737059.53625917 259.54619097709656
140 2623.7088799999983 17870.4532255 146215612.41574603 261.40024614334106
141 2623.7088799999983 17376.366438900004 143684923.30074987 263.2390329837799
142 2623.7088799999983 17184.2685872 143652759.39214134 265.0756812095642
143 2623.7088799999983 17385.2053736 135657761.63620713 266.9089789390564
144 2623.7088799999983 16584.23696995 135710469.73277405 268.73684215545654
145 2623.7088799999983 17089.659025500005 154614988.38196534 270.57015895843506
146 2623.7088799999983 18019.892423800004 138419434.27997562 272.42961597442627
147 2623.7088799999983 16972.61982205 136726679.24795043 274.2598431110382
148 2623.7088799999983 16634.04556325 139064177.14605564 276.08478903770447
149 2623.7088799999983 17087.305211100007 147895491.455501 277.91706705093384
150 2623.7088799999983 15204.881136200001 136896911.16513255 279.7082509994507
151 2623.7088799999983 14860.115739950003 129035423.76847526 281.49117612838745
152 2623.7088799999983 16047.2328957 130761606.08148794 283.3093750476837
153 2623.7088799999983 15110.447323200002 126473125.05048658 285.1029498577118
154 2623.7088799999983 15062.547738449999 132226523.92665718 286.9035179615021
155 2623.7088799999983 15295.865809800001 115864124.2203998 288.69356393814087
156 2623.7088799999983 16595.938722950003 132388920.86362636 290.5127739906311
157 2623.7088799999983 15341.4639984 119780572.25596735 292.3085472583771
158 2623.7088799999983 15961.701648000002 123367992.72261584 294.12434101104736
159 2623.7088799999983 14789.098167350001 123670247.72077546 295.89879608154297
160 2623.7088799999983 15749.070794650002 124948611.86856422 297.7025239467621
161 2623.7088799999983 16140.588604999999 135693655.6103708 299.5246322154999
162 2623.7088799999983 15488.290790650002 125114354.505314 301.3254008293152
163 2623.7088799999983 16048.5313465 130103678.55842523 303.133957862854
164 2623.7088799999983 16831.2282223 138619811.08183837 304.9580581188202
165 2623.7088799999983 17503.572758350005 133118500.00884598 306.8060019016266
166 2623.7088799999983 17897.81090845 139241504.30352706 308.65535497665405
167 2623.7088799999983 16904.679034150002 136401986.81158552 310.4944169521332
168 2623.7088799999983 16508.66728615 127074672.78323534 312.3135440349579
169 2623.7088799999983 17030.849965700003 142897171.96617934 314.1492030620575
170 2623.7088799999983 17066.585932850005 135757170.93394092 315.98116421699524
171 2623.7088799999983 16148.005814150001 131350205.62799245 317.8011541366577
172 2623.7088799999983 16490.7407066 129326028.03847349 319.62533688545227
173 2623.7088799999983 15574.74138235 135337298.5137918 321.42939710617065
174 2623.7088799999983 17088.6899977 139547540.20459163 323.263818025589
175 2623.7088799999983 17270.36291255 144450915.2670656 325.10184812545776
176 2623.7088799999983 16907.955964 163207004.50608757 326.9249858856201
177 2623.7088799999983 17076.27382 140114567.0336827 328.7689621448517
178 2623.7088799999983 16613.233738850002 142449413.08529788 330.5979630947113
179 2623.7088799999983 16498.282545550002 141612764.42487577 332.42106199264526
180 2623.7088799999983 16338.056871600002 142919446.9443004 334.24099588394165
181 2623.7088799999983 15913.464710900002 140472939.32674104 336.0499589443207
182 2623.7088799999983 15339.141680449999 132315747.56967898 337.8531668186188
183 2623.7088799999983 16203.6019883 137723807.6981725 339.6776010990143
184 2623.7088799999983 16170.173135950003 144113091.56417868 341.4966390132904
185 2623.7088799999983 16370.37648925 139903548.57107753 343.3223600387573
186 2623.7088799999983 16845.987568 136751718.26502115 345.16252183914185
187 2623.7088799999983 17738.776511300002 134289081.53971463 347.0143220424652
188 2623.7088799999983 16375.445864150002 134611261.9632529 348.83367109298706
189 2623.7088799999983 16666.223878499997 131522301.8617196 350.663446187973
190 2623.7088799999983 17466.323519899997 138318865.21684507 352.51234698295593
191 2623.7088799999983 17446.625324200002 142660542.77780542 354.38867688179016
192 2623.7088799999983 18027.810524750003 153062233.38166082 356.24363708496094
193 2623.7088799999983 18581.526410200004 140901553.76528835 358.1163079738617
194 2623.7088799999983 17486.807147000003 130158409.29236302 359.96532797813416
195 2623.7088799999983 16553.7137656 136365907.3428567 361.7931640148163
196 2623.7088799999983 18362.62502245 151355046.17158186 363.6580319404602
197 2623.7088799999983 17372.962564600002 157746528.69213796 365.4986619949341
198 2623.7088799999983 15829.301868450004 144164914.70592487 367.3063039779663
199 2623.7088799999983 14907.603101750003 130513307.45253147 369.09368896484375
200 2623.7088799999983 15991.628632 119320108.66915156 370.91759610176086
201 2623.7088799999983 15011.8995845 98463561.55731015 372.7132029533386
202 2623.7088799999983 14666.15251485 115813301.21707366 374.49501395225525
203 2623.7088799999983 15022.489165949999 134255864.5126786 376.28505301475525
204 2623.7088799999983 15953.933521000003 137069200.1308888 378.09360218048096
205 2623.7088799999983 15930.232342700003 136028009.73288587 379.90829610824585
206 2623.7088799999983 17046.549946000003 148748364.1126581 381.74961400032043
207 2623.7088799999983 17536.02166795 128423179.98530662 383.594279050827
208 2623.7088799999983 16926.113547150002 119523630.33292896 385.4262878894806
209 2623.7088799999983 16165.316826150001 116193054.35091284 387.2497842311859
210 2623.7088799999983 15993.469365800005 127915118.19400619 389.0598599910736
211 2623.7088799999983 16361.181983950002 125139621.88101348 390.88018798828125
212 2623.7088799999983 16220.609198100003 127636610.41342826 392.69276189804077
213 2623.7088799999983 16784.577991550002 141745126.55264813 394.5164749622345
214 2623.7088799999983 16736.3415276 140179709.67696726 396.3414249420166
215 2623.7088799999983 17008.4614416 143346255.14942238 398.1752290725708
216 2623.7088799999983 17275.596432399998 143268250.34473002 400.019437789917
217 2623.7088799999983 16482.5579349 133356118.51204643 401.835657119751
218 2623.7088799999983 16394.31623725 138235212.24623466 403.6569149494171
219 2623.7088799999983 16143.599037300004 138375065.45433074 405.46313095092773
220 2623.7088799999983 16442.631164700004 137114891.45940506 407.2787709236145
221 2623.7088799999983 17227.272901650005 138649800.4293509 409.1195900440216
222 2623.7088799999983 16135.192559900002 136444453.85268202 410.93286418914795
223 2623.7088799999983 16429.4022874 136322479.9928454 412.75522804260254
224 2623.7088799999983 16881.967605950005 137326371.4832085 414.58118200302124
225 2623.7088799999983 16220.67657625 139161972.94780278 416.4019899368286
226 2623.7088799999983 16221.40687585 123658119.42161207 418.22098302841187
227 2623.7088799999983 16152.845661000001 131172485.71263738 420.03265595436096
228 2623.7088799999983 16622.368560950003 129771702.91134474 421.8593120574951
229 2623.7088799999983 15960.8402533 142240355.98086393 423.6689929962158
230 2623.7088799999983 15981.659337250001 140679588.8626346 425.47522807121277
231 2623.7088799999983 16608.84436105 135228624.78184673 427.2950990200043
232 2623.7088799999983 17298.330743450002 148824484.0755084 429.1374809741974
233 2623.7088799999983 16326.634117100002 127655935.8029811 430.949951171875
234 2623.7088799999983 16263.4210454 128101540.4952377 432.76064014434814
235 2623.7088799999983 16720.6625622 124689921.94329673 434.58633613586426
236 2623.7088799999983 15824.850038 129800023.13618608 436.39065194129944
237 2623.7088799999983 16666.19422555 131375181.79457863 438.214280128479
238 2623.7088799999983 16221.868605 135975588.53186285 440.03320598602295
239 2623.7088799999983 15212.71366515 140334593.92023215 441.8260691165924
240 2623.7088799999983 16081.374147300003 131453244.98060183 443.63596510887146
241 2623.7088799999983 16816.146223200005 132579358.36966555 445.4621379375458
242 2623.7088799999983 17294.8886921 135718135.46908575 447.2928030490875
243 2623.7088799999983 17905.912993550002 131430431.54766555 449.1469180583954
244 2623.7088799999983 17745.259177350003 137844155.31248453 450.9996781349182
245 2623.7088799999983 17559.898260300004 141656461.9432315 452.8518431186676
246 2623.7088799999983 17788.40221185 139505472.24186352 454.69753193855286
247 2623.7088799999983 17568.1854166 141157857.3603092 456.5505270957947
248 2623.7088799999983 16324.803856050003 124982075.78871487 458.36674904823303
249 2623.7088799999983 16216.460664950004 137690918.38001588 460.19119000434875
The optimum value should be 2623.70888

2623.7088799999983 461.9852650165558

-------------------------------------------------------------------------------------------------------------------------

ROUND 2:
Generation, best, average, variance, time(s)
0 9223372036854775807 35352.81942730001 5764223.133711678 1.5303339958190918
1 14278.85334 33979.02206145001 7168905.341078698 4.11601996421814
2 6897.857910000002 29898.893304700003 45753387.20909101 6.37662410736084
3 4392.06715 25811.2664527 94306080.38775787 8.454296112060547
4 3382.96085 21661.5540083 124809574.70000553 10.383438110351562
5 3243.9288200000024 19202.018376500004 129212234.01625894 12.238418102264404
6 2895.5180299999975 19019.617053250004 129957698.6569388 14.092373847961426
7 2895.5180299999975 17915.478553800003 129227978.37608734 15.924882888793945
8 2877.0506900000005 18126.399444250004 127802406.16663904 17.76285696029663
9 2877.0506900000005 17290.04222605 131287245.9196346 19.57524299621582
10 2781.00433 16762.21964605 121072221.08528933 21.384126901626587
11 2682.8514599999985 16606.229045950004 133946632.74946669 23.196043968200684
12 2682.8514599999985 16097.329275150003 123328625.82554325 25.010643005371094
13 2682.8514599999985 15958.808948400001 127215064.81156647 26.814302921295166
14 2682.8514599999985 16368.048067900001 119648304.49835159 28.631388187408447
15 2682.8514599999985 16557.486725000002 133179180.19975716 30.451324939727783
16 2682.8514599999985 15895.646560150002 142885040.1819119 32.248427867889404
17 2682.8514599999985 15926.579395150002 125666029.75269775 34.048532009124756
18 2682.8514599999985 15940.573064700002 122730552.35733208 35.84268403053284
19 2682.8514599999985 15390.842977900002 130660648.03771423 37.63958501815796
20 2682.8514599999985 15797.77693835 122734618.53023773 39.44554805755615
21 2682.8514599999985 15271.69940835 120336517.40450336 41.23296499252319
22 2682.8514599999985 15983.511390700003 128101692.6201421 43.08021402359009
23 2682.8514599999985 15362.473303600003 136402628.4789422 44.88809323310852
24 2661.137409999999 16140.220504900002 138745626.61223906 46.739001989364624
25 2661.137409999999 16505.2761456 133398974.84266572 48.560153007507324
26 2661.137409999999 16519.393230100002 124009551.24588066 50.38076591491699
27 2661.137409999999 17577.9903932 123505301.86281526 52.23286199569702
28 2661.137409999999 17349.21003385 115922095.89997648 54.07138919830322
29 2661.137409999999 15934.99023345 133407666.48412205 55.87677311897278
30 2661.137409999999 17357.8763847 135393182.3220486 57.72837018966675
31 2661.137409999999 15999.740434450003 133128723.37229088 59.54229283332825
32 2661.137409999999 16499.77787265 126086032.97472599 61.38018798828125
33 2661.137409999999 15287.370856750002 124037107.46447632 63.17267203330994
34 2661.137409999999 16277.440335300003 129453844.27458325 64.99104309082031
35 2661.137409999999 15857.007074450003 130540650.94608757 66.796639919281
36 2661.137409999999 17390.414411949998 122676534.44147444 68.64371299743652
37 2661.137409999999 17793.87480225 131773764.9219936 70.49452209472656
38 2661.137409999999 16516.295389400002 122445847.07261597 72.33930110931396
39 2661.137409999999 17135.42602125 130692109.72564913 74.17183995246887
40 2661.137409999999 16599.965083400002 140226110.98408785 75.99125003814697
41 2661.137409999999 16062.890767250005 132754984.2323306 77.80539989471436
42 2661.137409999999 16963.9328693 138452707.7579475 79.63443803787231
43 2661.137409999999 16847.57250465 121147848.75176363 81.46728491783142
44 2661.137409999999 17546.83830105 126543950.7851699 83.31446290016174
45 2661.137409999999 17922.43557745 129155423.91533138 85.16888809204102
46 2661.137409999999 17400.262165 130083632.45513134 87.00921201705933
47 2661.137409999999 17472.171434 132836274.32472576 88.84969115257263
48 2661.137409999999 15981.60795805 130845861.45475094 90.65450382232666
49 2661.137409999999 15849.9198937 131086965.14041582 92.4651529788971
50 2661.137409999999 14433.36547615 110210311.64793926 94.23599314689636
51 2661.137409999999 14802.300793900002 120196137.24016052 96.02270007133484
52 2661.137409999999 16484.299522800004 129415382.51192822 97.8441710472107
53 2661.137409999999 16386.15594575 127825631.01133896 99.66627597808838
54 2661.137409999999 16091.126708850004 132217642.22614068 101.47808408737183
55 2661.137409999999 16546.297864649998 129040200.49176674 103.29381918907166
56 2661.137409999999 14919.667742650001 122036824.53737652 105.08932304382324
57 2661.137409999999 15656.58792225 120091990.05280514 106.90029001235962
58 2661.137409999999 15776.4625338 131964004.48196985 108.70003390312195
59 2661.137409999999 16413.2261587 135549095.01678938 110.52178502082825
60 2661.137409999999 17109.738176400002 147982927.2637506 112.35482501983643
61 2661.137409999999 17248.560555200005 133099938.37804611 114.19762301445007
62 2661.137409999999 16736.43093135 146808632.7153099 116.03300285339355
63 2661.137409999999 16895.39579685 141125450.79220852 117.86726498603821
64 2661.137409999999 16684.43607605 127027424.09938197 119.70576405525208
65 2661.137409999999 16552.2509211 135909791.8649382 121.53109502792358
66 2661.137409999999 15877.767544650002 144655285.23494866 123.3384759426117
67 2661.137409999999 17497.378021300003 138995674.39671123 125.17828392982483
68 2661.137409999999 16244.0061344 134239861.29094613 126.99504780769348
69 2661.137409999999 17088.3640062 128833428.72239876 128.82786083221436
70 2661.137409999999 15888.9507575 142137367.73157096 130.6435980796814
71 2661.137409999999 16359.06445775 138404228.961996 132.46754908561707
72 2661.137409999999 17343.47429795 135057488.042104 134.30594205856323
73 2661.137409999999 17361.2168061 129406038.90132439 136.1490979194641
74 2661.137409999999 15756.1131133 126322815.30544157 137.95530200004578
75 2661.137409999999 16464.677019400002 137475462.01555255 139.77164697647095
76 2661.137409999999 17002.76224495 128684055.85267746 141.60650300979614
77 2661.137409999999 16997.2594924 124317945.03185883 143.43529105186462
78 2661.137409999999 17106.950242150004 144666962.25553 145.27314710617065
79 2661.137409999999 17409.986233350002 147234865.96158692 147.1121380329132
80 2661.137409999999 17982.22684885 132572395.71705888 148.9716441631317
81 2661.137409999999 17300.901689750004 129124849.29404956 150.81624603271484
82 2661.137409999999 17520.8781732 125550423.25859798 152.65742206573486
83 2661.137409999999 17269.3834896 143155459.07949337 154.4862129688263
84 2661.137409999999 16529.8782342 140435080.78361112 156.30251789093018
85 2661.137409999999 16396.5350866 128939960.84198338 158.1213800907135
86 2661.137409999999 15153.23355705 129627735.11530106 159.90934014320374
87 2661.137409999999 15833.199504100003 133926075.29002774 161.72258186340332
88 2661.137409999999 15991.9160379 134225429.73387894 163.53678679466248
89 2661.137409999999 15245.74463135 134914129.12748736 165.3364770412445
90 2661.137409999999 15526.0101548 125696255.23490785 167.13937401771545
91 2661.137409999999 16099.49561735 138172952.0566481 168.94977498054504
92 2661.137409999999 16802.01598375 132098451.33829321 170.78079199790955
93 2661.137409999999 17544.5622236 146854555.82342172 172.62730312347412
94 2661.137409999999 17061.382704500003 145684073.3189358 174.45640206336975
95 2661.137409999999 16573.3411454 145070125.41255695 176.2722668647766
96 2661.137409999999 16576.9869659 121147874.45287451 178.1010479927063
97 2661.137409999999 17111.96778555 128557151.53505278 179.94105696678162
98 2661.137409999999 16371.386738650002 134249037.30659923 181.75312089920044
99 2661.137409999999 16265.532323450001 144710582.66881803 183.57642483711243
100 2661.137409999999 17542.9631697 135896467.94798353 185.4242548942566
101 2661.137409999999 16716.0224552 132283484.35220677 187.2542269229889
102 2661.137409999999 16614.23360585 137872890.70408586 189.07885885238647
103 2661.137409999999 16125.90133815 132303371.98060812 190.884596824646
104 2661.137409999999 15576.000309600002 130701419.80718504 192.69119000434875
105 2661.137409999999 16940.05084245 132181898.6406607 194.51274991035461
106 2661.137409999999 17381.4765831 136909094.1880476 196.35580682754517
107 2661.137409999999 16841.4687627 134406238.5042902 198.1911017894745
108 2661.137409999999 16675.06062675 141365165.4698439 200.01851320266724
109 2661.137409999999 16003.078585100002 145384831.27954876 201.8274109363556
110 2661.137409999999 15346.931152300001 133563031.10564202 203.62168502807617
111 2661.137409999999 15277.39552815 137560624.02122983 205.41328191757202
112 2661.137409999999 17342.97889585 131262118.88889019 207.2607250213623
113 2661.137409999999 17067.40415995 130199864.33915287 209.09729599952698
114 2661.137409999999 17347.765113150002 134891865.63579038 210.9355890750885
115 2661.137409999999 16429.794728300003 128768729.18336876 212.7603919506073
116 2661.137409999999 16405.71754 124091870.06911552 214.57641792297363
117 2661.137409999999 17332.7083704 116064090.2925857 216.41860818862915
118 2661.137409999999 17283.57778935 138960336.7141846 218.2607569694519
119 2661.137409999999 16174.194397900003 129999295.93280677 220.07872796058655
120 2661.137409999999 15800.600945999999 129429273.73175378 221.87894105911255
121 2661.137409999999 16434.76616555 125406925.03901885 223.6975588798523
122 2661.137409999999 15853.739650950003 122901992.569799 225.50396418571472
123 2661.137409999999 15707.461132800001 117731146.6305531 227.31671380996704
124 2661.137409999999 17477.25512685 136867859.42050987 229.16471099853516
125 2661.137409999999 16998.11336625 119860326.02635208 231.0075991153717
126 2661.137409999999 16829.074650399998 132229967.44561687 232.8386950492859
127 2661.137409999999 15352.793009699999 126119343.0045439 234.6344120502472
128 2661.137409999999 16142.25633255 131820354.22612585 236.454176902771
129 2661.137409999999 16376.2636093 138591710.8238195 238.28725504875183
130 2661.137409999999 17012.9162086 131832032.6071986 240.11818099021912
131 2661.137409999999 16247.398652349999 142389276.93926352 241.93219900131226
132 2661.137409999999 15782.629814349999 132449026.58413067 243.74276614189148
133 2661.137409999999 16075.46284315 135597259.67694783 245.55865383148193
134 2661.137409999999 16403.0110862 125602537.465464 247.37996411323547
135 2661.137409999999 17249.344825500004 131883657.29636581 249.22252106666565
136 2661.137409999999 16640.595549700003 132273097.44133812 251.0449140071869
137 2661.137409999999 15740.6166462 142751499.23960403 252.86452388763428
138 2661.137409999999 17157.90328995 133434253.5697712 254.69925498962402
139 2661.137409999999 16925.944955400002 129821411.96833402 256.5349359512329
140 2661.137409999999 16163.513312650002 132597584.9405151 258.35166788101196
141 2661.137409999999 16082.873929400002 135803763.69936308 260.16019916534424
142 2661.137409999999 16341.343732199999 132395017.00507614 261.9718692302704
143 2661.137409999999 16084.843023000001 124287704.66360596 263.77504897117615
144 2661.137409999999 16506.84268185 115161250.94167462 265.5921678543091
145 2661.137409999999 16199.98846475 127028239.84550774 267.3993089199066
146 2661.137409999999 15844.683349799998 121550281.26755585 269.21049904823303
147 2661.137409999999 15080.52769305 126677427.76783189 270.99940609931946
148 2661.137409999999 14532.563032850001 120870657.51724136 272.774542093277
149 2661.137409999999 16109.00754685 130306844.79422936 274.58991718292236
150 2661.137409999999 16343.57444115 134372670.46526212 276.4029858112335
151 2661.137409999999 16168.735176500002 140882216.08498448 278.2194941043854
152 2661.137409999999 14526.4174009 124513055.33354671 279.99752497673035
153 2661.137409999999 15307.804186650003 136081027.43412137 281.7900149822235
154 2661.137409999999 16450.0568208 139186857.48136625 283.60785698890686
155 2661.137409999999 15934.718950300003 134357539.26826736 285.4159560203552
156 2661.137409999999 17375.75167955 129898014.54066922 287.2574849128723
157 2661.137409999999 16801.64832875 124492722.8450696 289.08788084983826
158 2661.137409999999 16526.5163966 125398120.60616104 290.9129629135132
159 2661.137409999999 17470.79866345 120360403.84142475 292.7514967918396
160 2661.137409999999 16512.83739515 134588850.10947677 294.5671100616455
161 2661.137409999999 16342.515187699999 134816131.74778298 296.38444805145264
162 2661.137409999999 16391.12036625 137187425.3180814 298.2155981063843
163 2661.137409999999 17051.1979514 124613625.50309296 300.04844903945923
164 2661.137409999999 17182.3848691 125122116.51594852 301.88373708724976
165 2661.137409999999 17996.030073050002 123211425.84810428 303.7427110671997
166 2661.137409999999 17749.194429900002 133934179.4281187 305.58698201179504
167 2661.137409999999 16648.250502900002 136327300.9424418 307.4178857803345
168 2661.137409999999 16694.387757550005 134646066.220599 309.2454471588135
169 2661.137409999999 16065.9200968 124441720.74076094 311.0533721446991
170 2661.137409999999 15695.561475800001 124799659.94827297 312.8527510166168
171 2661.137409999999 16017.135566750001 127679362.4712325 314.6639850139618
172 2661.137409999999 15710.044142250003 127321309.35346115 316.4717209339142
173 2661.137409999999 16505.645902700002 130750793.22505608 318.29921984672546
174 2661.137409999999 15988.8246924 131459335.08081253 320.11433696746826
175 2661.137409999999 15587.761523950003 125495591.63100109 321.9144811630249
176 2661.137409999999 16392.27642065 135521899.8631364 323.7355079650879
177 2661.137409999999 16280.608902150001 140022259.76219556 325.5479700565338
178 2661.137409999999 16357.9947285 119563871.11125354 327.3762438297272
179 2661.137409999999 15726.510273100002 121740563.63175724 329.2114770412445
180 2661.137409999999 17476.71378495 128328148.07142495 331.0721662044525
181 2661.137409999999 16314.714958250004 137852888.30172065 332.89337277412415
182 2661.137409999999 14821.363453750002 125978176.98318057 334.68122601509094
183 2661.137409999999 15044.095427900003 137685393.75753033 336.4747700691223
184 2661.137409999999 15809.3434637 138437228.42861477 338.27703499794006
185 2661.137409999999 17097.0341412 130560269.3110509 340.11799693107605
186 2661.137409999999 14835.167908049998 120938708.12284763 341.90306997299194
187 2661.137409999999 14650.123331350002 118828306.54905514 343.6844000816345
188 2661.137409999999 16120.2028627 133889672.65556698 345.5022110939026
189 2661.137409999999 16920.368200150002 134093595.7878333 347.33690094947815
190 2661.137409999999 16794.381349850002 127350018.455451 349.16905212402344
191 2661.137409999999 15727.618273200002 119717757.94845657 350.97525000572205
192 2661.137409999999 15094.4841742 112490769.10311298 352.77180099487305
193 2661.137409999999 15937.990447300002 117194735.72591455 354.5828380584717
194 2661.137409999999 16170.495722 126899224.27973895 356.3981099128723
195 2661.137409999999 16128.0918586 123412273.93044251 358.2022099494934
196 2661.137409999999 16509.6903356 139182267.51706755 360.0341579914093
197 2661.137409999999 17047.17938855 138308755.5453331 361.8661789894104
198 2661.137409999999 16723.82643405 129349106.65236264 363.68975615501404
199 2661.137409999999 17728.4929883 126473410.35864706 365.54737615585327
200 2661.137409999999 15904.50575745 132500239.66549605 367.3575348854065
201 2650.2661499999967 17147.68527315 144502641.0905713 369.1945960521698
202 2650.2661499999967 17108.779576350003 130494284.21871065 371.03881788253784
203 2650.2661499999967 16755.6590015 133159863.90104824 372.8664619922638
204 2650.2661499999967 17673.789305000002 130816668.36040306 374.7128870487213
205 2650.2661499999967 17618.63214235 120604263.67921513 376.56067395210266
206 2650.2661499999967 16849.2229887 119380647.8516658 378.3910388946533
207 2650.2661499999967 16070.28455925 123872080.6479563 380.1983411312103
208 2650.2661499999967 16192.237865300001 117169033.91250946 382.0139129161835
209 2650.2661499999967 16722.3581138 124670204.66763325 383.83641386032104
210 2650.2661499999967 17347.28131645 125206071.95364688 385.6657180786133
211 2650.2661499999967 16535.6980536 124024387.92235886 387.4870400428772
212 2650.2661499999967 15315.75602145 136372454.6914899 389.2820179462433
213 2650.2661499999967 16169.51117465 144376567.8115624 391.09574699401855
214 2650.2661499999967 17145.551643650004 144888846.55803543 392.9217720031738
215 2650.2661499999967 16458.499964300005 145865212.8721284 394.7432098388672
216 2650.2661499999967 16254.50484945 138381582.04098377 396.5606939792633
217 2650.2661499999967 16607.96113985 138868835.88605964 398.4008779525757
218 2650.2661499999967 16280.2275834 136180525.97881886 400.2206599712372
219 2650.2661499999967 16308.8197013 136144350.34385076 402.0364558696747
220 2650.2661499999967 16115.309113950003 130003180.66344924 403.85215616226196
221 2650.2661499999967 14872.715515 118679147.66528831 405.63472414016724
222 2650.2661499999967 15938.401268699998 122496735.37752624 407.4461929798126
223 2650.2661499999967 17006.833717999998 124718295.48693949 409.28028416633606
224 2650.2661499999967 16472.109728900003 124327542.74872795 411.10325288772583
225 2650.2661499999967 17463.849574800002 128433809.16057763 412.94208097457886
226 2650.2661499999967 18211.469148450004 129074171.23601666 414.8020079135895
227 2650.2661499999967 17918.968221750005 140445860.5414554 416.65311098098755
228 2650.2661499999967 16665.363462300003 131400154.97428954 418.48074102401733
229 2650.2661499999967 15566.151864050003 133493569.11279422 420.28944396972656
230 2650.2661499999967 16082.638989750003 130627799.89884013 422.1027481555939
231 2650.2661499999967 17402.190175350002 148278582.70487142 423.9415431022644
232 2650.2661499999967 16221.820135500002 128014639.84699358 425.7584660053253
233 2650.2661499999967 17007.666399449998 148944121.65436056 427.6021947860718
234 2650.2661499999967 17119.208657050003 138839580.86717036 429.4414119720459
235 2650.2661499999967 16428.943702100005 137143345.4749531 431.2689719200134
236 2650.2661499999967 16378.64144165 133677729.55742797 433.0980100631714
237 2650.2661499999967 15921.706847650004 140352096.4987085 434.91331601142883
238 2650.2661499999967 16159.141251250003 139813151.5694707 436.72831988334656
239 2650.2661499999967 16971.440388600004 139761892.08915535 438.5759611129761
240 2650.2661499999967 17336.593962450002 145090667.2421064 440.4189591407776
241 2650.2661499999967 17030.4718121 142004220.56849167 442.24480986595154
242 2650.2661499999967 15576.494857500002 130722881.33497171 444.0498399734497
243 2650.2661499999967 16268.3457369 126627288.54367891 445.8754999637604
244 2650.2661499999967 16307.6860542 125127892.94206633 447.7054851055145
245 2623.7088799999983 15091.207306850001 125512510.27392583 449.4996898174286
246 2623.7088799999983 16679.36272045 129651973.4182679 451.3295159339905
247 2623.7088799999983 16125.205355850001 142769161.89533454 453.14813590049744
248 2623.7088799999983 16154.731051350002 127561061.29195504 454.9649078845978
249 2623.7088799999983 16896.0145315 125847868.15913716 456.797810792923
The optimum value should be 2623.70888

2623.7088799999983 458.64179396629333

-------------------------------------------------------------------------------------------------------------------------

ROUND 3:
Generation, best, average, variance, time(s)
0 9223372036854775807 36137.65743060001 6169891.348014998 1.5474021434783936
1 12301.833819999993 34229.487567550015 12914507.244930001 4.091249227523804
2 5755.778839999998 28935.47648480001 66453042.485973395 6.3034751415252686
3 3318.436700000001 24997.556625450008 100420706.5420873 8.341050148010254
4 2839.9984099999983 21746.005911400003 131065656.22365002 10.266446113586426
5 2839.9984099999983 19247.852679050004 144489860.8300958 12.132078170776367
6 2839.9984099999983 17887.596088700007 140514819.5194577 13.974842309951782
7 2743.9032099999995 16547.9092119 153373656.84083825 15.784988164901733
8 2717.8185900000003 16899.746093050006 153347777.01614848 17.600872039794922
9 2717.8185900000003 17286.913785800003 137052355.8420678 19.430254220962524
10 2717.8185900000003 17283.323806600005 149470254.46905747 21.251983165740967
11 2717.8185900000003 17552.430027500006 134743012.2949264 23.072172164916992
12 2691.4578200000005 17103.0615082 133416318.05780391 24.904030084609985
13 2691.4578200000005 16489.15118055 128481129.67508438 26.724891185760498
14 2691.4578200000005 16350.6633391 138925011.6926822 28.53878927230835
15 2691.4578200000005 17349.677281500004 129701476.39658307 30.372018098831177
16 2691.4578200000005 17746.833115550002 126757885.38422951 32.21672821044922
17 2691.4578200000005 17206.765269350002 123670982.98410116 34.04774212837219
18 2691.4578200000005 16818.953876850006 141890202.5790353 35.86937403678894
19 2691.4578200000005 17132.074248500005 139967514.49094075 37.69978332519531
20 2691.4578200000005 17713.398140850004 133729826.47215535 39.54310917854309
21 2691.4578200000005 16511.3975758 131502286.42397495 41.35115027427673
22 2691.4578200000005 16453.393682500002 135113200.58724928 43.16652703285217
23 2691.4578200000005 16714.507314350005 138038282.03988856 44.98249816894531
24 2691.4578200000005 15898.575499650002 129186808.82015683 46.78484320640564
25 2691.4578200000005 16671.3321056 126965417.48658028 48.60667395591736
26 2691.4578200000005 15673.06088345 120357509.67549904 50.40364599227905
27 2691.4578200000005 17056.559383100004 129455179.29171567 52.23632526397705
28 2691.4578200000005 17312.572019050003 114402257.52062668 54.07708120346069
29 2691.4578200000005 17625.504916100002 116195513.18490054 55.92175102233887
30 2691.4578200000005 16908.2327398 131989601.1725646 57.751636028289795
31 2691.4578200000005 15834.180994400003 130048524.47743446 59.564619064331055
32 2691.4578200000005 15737.6353948 133579509.64168648 61.36291217803955
33 2691.4578200000005 16434.111484700003 135892570.13822287 63.18300223350525
34 2691.4578200000005 16768.788006900006 143236386.98953164 65.00881791114807
35 2691.4578200000005 17241.911345150005 149634597.7185691 66.85530710220337
36 2691.4578200000005 15392.553461400003 131647419.68762287 68.66489124298096
37 2691.4578200000005 16475.71278185 137157402.4680572 70.5226731300354
38 2691.4578200000005 15957.991494200001 129309603.96806893 72.3626320362091
39 2691.4578200000005 15732.914288400005 121153734.82504287 74.18392825126648
40 2691.4578200000005 16715.28286635 135675702.0423054 76.02910423278809
41 2691.4578200000005 15765.6898607 126862023.78785858 77.86713719367981
42 2691.4578200000005 15271.016275850001 123522665.04160976 79.70180916786194
43 2691.4578200000005 17418.04878465 129065269.35432789 81.5788402557373
44 2691.4578200000005 16982.9559922 137807095.1900358 83.43726205825806
45 2691.4578200000005 16963.762987200003 133610567.67929965 85.28589916229248
46 2691.4578200000005 17149.185280200007 135888591.79098946 87.16528701782227
47 2691.4578200000005 16808.423947 134095823.81724754 89.02904915809631
48 2691.4578200000005 17498.742711500003 135807696.94035915 90.9061131477356
49 2691.4578200000005 16787.1514542 114675685.916575 92.7643461227417
50 2691.4578200000005 17405.87489265 126139236.54689972 94.63828730583191
51 2691.4578200000005 17767.877510700004 143047979.42018014 96.52263712882996
52 2691.4578200000005 18193.745655450002 163205373.26116294 98.41604828834534
53 2691.4578200000005 17288.6200663 144448808.7777858 100.27242398262024
54 2691.4578200000005 17322.613631300002 147605030.34295353 102.12317109107971
55 2691.4578200000005 16480.4036616 127326917.30420832 103.9688172340393
56 2691.4578200000005 17333.913178050003 134691979.15464276 105.81688404083252
57 2691.4578200000005 17417.8115718 149577234.32733718 107.65442895889282
58 2691.4578200000005 17960.85277 138730110.86050853 109.50606417655945
59 2691.4578200000005 17577.8058949 144482645.30833617 111.35840916633606
60 2691.4578200000005 16885.858280800003 145694099.51382303 113.18683218955994
61 2691.4578200000005 16774.295422500003 135050767.44952697 115.0193932056427
62 2691.4578200000005 16156.673297650004 131010122.04485492 116.83408689498901
63 2691.4578200000005 16777.624404050002 126931598.91742766 118.66592121124268
64 2691.4578200000005 16833.72615605 149920777.9604246 120.49243807792664
65 2691.4578200000005 17357.2894137 151074781.01557073 122.329350233078
66 2691.4578200000005 17813.583335850002 150705405.20509148 124.18224906921387
67 2685.8835599999998 17310.258233550005 140893242.7270562 126.00823402404785
68 2685.8835599999998 16525.569385650004 140663494.29658294 127.83238625526428
69 2685.8835599999998 16079.506061550002 134219073.82227316 129.69324326515198
70 2685.8835599999998 15411.975757100001 129979750.95040955 131.51722598075867
71 2685.8835599999998 16831.743637 135840524.17340302 133.34438014030457
72 2685.8835599999998 17544.853984700003 151329296.18474618 135.1836040019989
73 2668.7020999999995 18140.572765700006 152822216.30788928 137.04674220085144
74 2623.7088799999983 17754.24875605 141247068.5905788 138.95049405097961
75 2623.7088799999983 16536.17256035 133124457.78639056 140.79675221443176
76 2623.7088799999983 16623.34997875 147869799.65325055 142.6098611354828
77 2623.7088799999983 16830.37602165 125508088.90488143 144.43962502479553
78 2623.7088799999983 16667.841427950003 140712212.51397082 146.26083302497864
79 2623.7088799999983 17059.0088118 140108798.43111962 148.08311915397644
80 2623.7088799999983 16319.765093349999 126140258.73529156 149.9057102203369
81 2623.7088799999983 16525.622608050002 130846038.77529784 151.72549510002136
82 2623.7088799999983 16575.90180115 127914426.35804325 153.54308414459229
83 2623.7088799999983 15742.789724350001 137996934.33913013 155.36037421226501
84 2623.7088799999983 16341.921779550003 136781802.651432 157.17674708366394
85 2623.7088799999983 16617.5654586 130690846.86975002 158.99399209022522
86 2623.7088799999983 17224.1034043 140150271.36707166 160.85332989692688
87 2623.7088799999983 17392.4729884 138186229.0317978 162.74205708503723
88 2623.7088799999983 17421.48772135 140584905.91053453 164.58307313919067
89 2623.7088799999983 17288.593638800005 130287083.00324106 166.42066717147827
90 2623.7088799999983 16956.3297678 123844540.34314185 168.25946497917175
91 2623.7088799999983 16627.2547272 129392914.5783091 170.07504105567932
92 2623.7088799999983 16478.506646600006 138817477.6419383 171.89115118980408
93 2623.7088799999983 17318.291794300007 138735092.55207714 173.74276518821716
94 2623.7088799999983 17556.666082600004 125599677.4106192 175.58887314796448
95 2623.7088799999983 17268.2791106 133175212.66891873 177.4229772090912
96 2623.7088799999983 16546.275134050004 136133180.14350295 179.23959302902222
97 2623.7088799999983 16685.70611525 144854356.99046865 181.06010603904724
98 2623.7088799999983 15558.84595565 133638074.20161866 182.8592391014099
99 2623.7088799999983 16579.3337794 128639488.76814435 184.7014992237091
100 2623.7088799999983 16497.470094850003 130592713.78666413 186.5274040699005
101 2623.7088799999983 15976.37360425 136279579.21497142 188.34379601478577
102 2623.7088799999983 16275.02013395 144277191.3753625 190.17112708091736
103 2623.7088799999983 15882.371362800002 130777634.27386159 191.99099493026733
104 2623.7088799999983 16705.502685400003 129506677.55065079 193.81931495666504
105 2623.7088799999983 17062.295716850003 139608189.71089965 195.6534070968628
106 2623.7088799999983 15629.8955241 114574744.85902923 197.46004509925842
107 2623.7088799999983 15263.756117699999 126691855.60272661 199.26107907295227
108 2623.7088799999983 15488.9984296 127479897.45508644 201.05887413024902
109 2623.7088799999983 15831.643856600002 142410786.3641932 202.85760021209717
110 2623.7088799999983 16442.2961551 134106598.21906845 204.68649125099182
111 2623.7088799999983 16593.6175608 132201223.1189856 206.51353812217712
112 2623.7088799999983 18001.3952161 154875274.81935677 208.37796711921692
113 2623.7088799999983 17501.32581845 139818452.52736273 210.21752190589905
114 2623.7088799999983 16515.88691915 141798810.6625961 212.0426321029663
115 2623.7088799999983 16297.41805305 129811571.7425689 213.85950708389282
116 2623.7088799999983 16491.185385450004 135383880.13379973 215.67720413208008
117 2623.7088799999983 16298.91930865 131155558.46995674 217.49597311019897
118 2623.7088799999983 17691.650982600004 139018786.30866373 219.33651995658875
119 2623.7088799999983 16950.046938350006 130928071.4704158 221.16764426231384
120 2623.7088799999983 17323.2596263 133889998.09248807 223.00755834579468
121 2623.7088799999983 16793.544271849998 126747979.45463844 224.83867502212524
122 2623.7088799999983 17760.310995 141029074.25756022 226.6866581439972
123 2623.7088799999983 17411.72351715 133684815.76509735 228.53252625465393
124 2623.7088799999983 16528.1576522 135288368.40899485 230.35495400428772
125 2623.7088799999983 16213.214074600004 140803985.26362786 232.17196798324585
126 2623.7088799999983 16792.496929300003 152123985.0509744 233.99532508850098
127 2623.7088799999983 16994.202880300003 147031095.41673675 235.82814526557922
128 2623.7088799999983 16455.942537550003 139744436.42489702 237.6591272354126
129 2623.7088799999983 16382.5409693 121711358.14679992 239.48086619377136
130 2623.7088799999983 16699.701404900003 129598878.56988607 241.31292915344238
131 2623.7088799999983 17631.691125850004 139203748.03288832 243.1673321723938
132 2623.7088799999983 17667.6904178 142206683.3591507 245.01875519752502
133 2623.7088799999983 17101.120139450002 147234448.85240144 246.85988521575928
134 2623.7088799999983 16114.051852350001 138865690.60094067 248.67764925956726
135 2623.7088799999983 17228.69536755 148061003.70221782 250.51379418373108
136 2623.7088799999983 17088.192415550002 152222030.878856 252.35504531860352
137 2623.7088799999983 18263.847679650004 151403927.27494088 254.213937997818
138 2623.7088799999983 17540.729191650003 143095904.9369203 256.0499532222748
139 2623.7088799999983 16668.811489850003 138161505.9741028 257.8762629032135
140 2623.7088799999983 18418.5107371 145205023.7858748 259.7400462627411
141 2623.7088799999983 17554.28551855 147033343.56078488 261.5835111141205
142 2623.7088799999983 17750.304935699998 144354402.34971058 263.4346842765808
143 2623.7088799999983 17077.17771535 147525636.11970195 265.2654981613159
144 2623.7088799999983 17174.95268075 136363435.9261891 267.0879421234131
145 2623.7088799999983 17558.3029265 140748389.44248626 268.9370849132538
146 2623.7088799999983 16472.46369345 135340406.5984508 270.765878200531
147 2623.7088799999983 15130.46862905 136840273.23401996 272.5598511695862
148 2623.7088799999983 15811.059477550001 124928683.90660234 274.3563241958618
149 2623.7088799999983 17109.4236403 153562281.16282025 276.1935119628906
150 2623.7088799999983 17601.653293900003 160749116.23047984 278.03512716293335
151 2623.7088799999983 18105.169970100003 152196318.93344545 279.8858902454376
152 2623.7088799999983 17351.4858251 146376287.89170334 281.7179100513458
153 2623.7088799999983 17988.8896371 160719726.34628883 283.57113218307495
154 2623.7088799999983 17522.334616750002 155876467.5190755 285.4125382900238
155 2623.7088799999983 18384.960607450004 161532161.42838004 287.2755961418152
156 2623.7088799999983 17431.66810835 131906576.8278823 289.11746621131897
157 2623.7088799999983 16726.83306845 138504472.59523714 290.9529411792755
158 2623.7088799999983 16972.950709500004 138885628.21831945 292.78481006622314
159 2623.7088799999983 16197.29809815 126917292.02952152 294.60549211502075
160 2623.7088799999983 17126.2170772 126458071.11155826 296.442595243454
161 2623.7088799999983 17344.989939450003 131518179.4029823 298.2912621498108
162 2623.7088799999983 17396.13436805 141326627.21293643 300.1255292892456
163 2623.7088799999983 17970.4872506 138280504.89537835 301.97684717178345
164 2623.7088799999983 17602.01835035 130311882.5281656 303.8302090167999
165 2623.7088799999983 17321.9363531 127828858.18886396 305.66803097724915
166 2623.7088799999983 17446.530362550006 138605976.59563145 307.52066016197205
167 2623.7088799999983 17437.0843667 137133757.7974569 309.3703820705414
168 2623.7088799999983 16744.6768249 122428443.40458536 311.2025101184845
169 2623.7088799999983 16450.139364250004 131684691.64968304 313.0209150314331
170 2623.7088799999983 15599.899874500004 126826033.5310553 314.82767701148987
171 2623.7088799999983 16356.307406100002 150237356.31907794 316.6450641155243
172 2623.7088799999983 16912.471945 140022100.6979286 318.4831461906433
173 2623.7088799999983 17751.807518250003 153915320.54199237 320.33514499664307
174 2623.7088799999983 18355.731004750003 141567509.09154564 322.20007824897766
175 2623.7088799999983 19394.559391750005 149024435.87282658 324.08679604530334
176 2623.7088799999983 18673.359672000002 142330203.60947755 325.9649431705475
177 2623.7088799999983 17521.39746375 130896018.64097603 327.825248003006
178 2623.7088799999983 16266.42675975 140552874.46981868 329.6467242240906
179 2623.7088799999983 16966.5431512 139620591.18715316 331.48661828041077
180 2623.7088799999983 16743.1422448 139021543.32244352 333.31862926483154
181 2623.7088799999983 16240.6695301 125800795.08935146 335.1247911453247
182 2623.7088799999983 16128.876385450003 119093678.05280052 336.94441509246826
183 2623.7088799999983 16383.4319969 123668543.75221881 338.7631051540375
184 2623.7088799999983 16263.4330902 121371978.3159008 340.57841324806213
185 2623.7088799999983 16337.729411850003 139693341.24199775 342.39218616485596
186 2623.7088799999983 17077.0291079 136086225.96914005 344.2329201698303
187 2623.7088799999983 16323.4039824 136143013.43162498 346.0483582019806
188 2623.7088799999983 16052.364084650004 142040401.48261586 347.86478328704834
189 2623.7088799999983 15631.2496169 147189208.5056309 349.6693150997162
190 2623.7088799999983 16245.220953549999 141980854.71936235 351.48274421691895
191 2623.7088799999983 16441.2647183 147400628.27139905 353.29651713371277
192 2623.7088799999983 16665.297852500004 143949262.06254834 355.12780809402466
193 2623.7088799999983 16591.933129600002 134018917.02739982 356.9686601161957
194 2623.7088799999983 15967.017475350001 126099997.21661942 358.78210520744324
195 2623.7088799999983 14544.975188850001 110210489.0655544 360.5594832897186
196 2623.7088799999983 14990.691971250002 122256881.69572285 362.34263825416565
197 2623.7088799999983 15836.3801218 121339238.1972255 364.1501750946045
198 2623.7088799999983 17147.51185245 123662884.23689327 365.9887521266937
199 2623.7088799999983 16654.53228835 122361497.87159795 367.8198699951172
200 2623.7088799999983 16870.903601899998 130281543.91136608 369.6542983055115
201 2623.7088799999983 17236.320865750004 136284573.3687607 371.492418050766
202 2623.7088799999983 16493.787306600003 142355810.81262836 373.31513118743896
203 2623.7088799999983 16169.904557150001 132756767.82179752 375.1258111000061
204 2623.7088799999983 17858.2774019 142023103.14955786 376.9776499271393
205 2623.7088799999983 17513.48529965 149156837.8470896 378.82736706733704
206 2623.7088799999983 16568.969443750004 145456841.36182004 380.64350414276123
207 2623.7088799999983 17329.3575475 127250817.91668566 382.4929242134094
208 2623.7088799999983 16162.326430200003 133354983.45444176 384.3047890663147
209 2623.7088799999983 15972.597424300002 133293574.919203 386.1185259819031
210 2623.7088799999983 16750.83494775 131783878.93578205 387.94784808158875
211 2623.7088799999983 16807.05387785 135232748.35060334 389.778804063797
212 2623.7088799999983 15275.997552450004 127106612.56144215 391.58497428894043
213 2623.7088799999983 16953.309692350005 137987785.71352193 393.4071431159973
214 2623.7088799999983 17884.238172250003 133273972.99128689 395.26408410072327
215 2623.7088799999983 16707.247083399998 135985863.4797792 397.0847432613373
216 2623.7088799999983 16445.106667200005 146572473.1786424 398.91357612609863
217 2623.7088799999983 16611.706625500006 134384750.0570071 400.74279499053955
218 2623.7088799999983 17370.40543585 141384663.4890133 402.5815191268921
219 2623.7088799999983 17196.0292366 142190839.98127526 404.425843000412
220 2623.7088799999983 16481.34607225 144252263.82598794 406.233736038208
221 2623.7088799999983 17832.893965850002 141969927.41337207 408.0759742259979
222 2623.7088799999983 16667.09686845 118747708.38926913 409.9060113430023
223 2623.7088799999983 15755.0692381 117904790.87592311 411.71526408195496
224 2623.7088799999983 15820.761681950002 140646381.23156366 413.51631712913513
225 2623.7088799999983 15593.6546282 133651315.8014242 415.31080293655396
226 2623.7088799999983 15521.849303650002 131876415.13274671 417.10042810440063
227 2623.7088799999983 16191.8414969 134983790.45004463 418.9201331138611
228 2623.7088799999983 15481.80915735 133692672.94528969 420.71108317375183
229 2623.7088799999983 14919.5960699 113349696.60321617 422.5074760913849
230 2623.7088799999983 16070.304996850002 123405737.68927063 424.3196601867676
231 2623.7088799999983 17253.029991250005 144633481.06414837 426.1570529937744
232 2623.7088799999983 17474.50094425 135845473.56549957 428.0042712688446
233 2623.7088799999983 17436.928826150004 141907557.32766187 429.8478820323944
234 2623.7088799999983 18065.1865375 143432472.03324756 431.70123314857483
235 2623.7088799999983 18720.046033900002 129213779.39654198 433.582492351532
236 2623.7088799999983 18523.728790750003 135269438.01896343 435.45392322540283
237 2623.7088799999983 17556.123139250005 130278998.06300999 437.3016519546509
238 2623.7088799999983 16672.0654488 144905133.77594173 439.1282081604004
239 2623.7088799999983 16815.115960250005 144852423.90368965 440.9589729309082
240 2623.7088799999983 17500.074298650004 147926920.77448562 442.814040184021
241 2623.7088799999983 16443.123769100002 136825519.22852162 444.63916420936584
242 2623.7088799999983 15854.57949675 130964158.51177946 446.44978308677673
243 2623.7088799999983 17282.377618050003 135513303.7240313 448.287810087204
244 2623.7088799999983 15894.214845450002 126775772.97447625 450.09367203712463
245 2623.7088799999983 16669.65072695 142869973.8664266 451.9188311100006
246 2623.7088799999983 16360.065856050001 148179631.59201863 453.7381410598755
247 2623.7088799999983 17091.76991845 144439824.42448926 455.6004762649536
248 2623.7088799999983 16188.227735899998 127549736.9512147 457.42070722579956
249 2623.7088799999983 17136.464078300003 143482886.68815085 459.2537500858307
The optimum value should be 2623.70888

2623.7088799999983 461.06545424461365

