INSTANCE: MP4

TOTAL GENERATION IS: 250

-------------------------------------------------------------------------------------------------------------------------

ROUND 1:
Generation, best, average, variance, time(s)
0 9223372036854775807 38430.38921539998 8049164.040882924 1.5400030612945557
1 7946.098570000001 36216.651305149986 18248773.47861475 4.03617000579834
2 4524.612599999999 30102.098290499987 110763318.69663614 6.141957759857178
3 3456.2956100000006 24328.805862799996 153133195.42273322 8.085070133209229
4 3442.3914800000016 22334.229130649994 164841053.23729613 9.982367992401123
5 3413.9923400000016 20278.971775549995 164261441.6503746 11.83367919921875
6 3211.06671 20028.360985749994 159950226.23514983 13.676421880722046
7 3211.06671 19107.182238549995 152225682.69696662 15.505189180374146
8 3211.06671 18421.060072449996 163944650.91544855 17.326240062713623
9 3092.66085 18919.644812349994 162212112.47319177 19.158181190490723
10 3085.6419600000017 16953.39656935 138564560.2917416 20.961146116256714
11 3034.5957199999984 17973.024992549996 142406828.57165134 22.768100023269653
12 3034.5957199999984 18999.407708249997 153654079.0650721 24.606494903564453
13 3034.5957199999984 19243.165068849994 162754342.9204817 26.48253893852234
14 3034.5957199999984 18531.461125349997 150090244.0788431 28.311140060424805
15 3034.5957199999984 19143.303060099995 155075244.138797 30.147119998931885
16 3034.5957199999984 19563.264572349995 159575897.23869354 31.997851848602295
17 3015.717019999999 19647.996414149995 167017022.08457878 33.85089683532715
18 3015.717019999999 19449.732114 158275443.2727988 35.701411962509155
19 3015.717019999999 19190.258458599998 176501810.15464506 37.550363063812256
20 3015.717019999999 18288.581780649998 170126924.44065434 39.36658716201782
21 2996.47387 17718.759994399996 148729141.9633696 41.178345918655396
22 2996.47387 18985.603568799994 158883038.12247983 43.019728899002075
23 2963.1578500000005 19601.036200549992 172951252.9979048 44.87002110481262
24 2938.75002 18671.977202099995 166960213.98511592 46.70931601524353
25 2938.75002 20258.875849999997 153396879.122043 48.57964205741882
26 2938.75002 17544.456100949996 136481175.42369485 50.39905309677124
27 2938.75002 17055.043809549996 131753616.38998468 52.21349501609802
28 2938.75002 18572.860071549996 139617062.56842843 54.052764892578125
29 2938.75002 18453.368622449994 147685893.55252403 55.89338183403015
30 2938.75002 19115.248884449993 159051673.1607644 57.74144411087036
31 2938.75002 17596.009576599998 145463018.69976372 59.55696415901184
32 2938.75002 16993.474135199995 153385540.92393973 61.36788821220398
33 2938.75002 16872.201434749997 164204905.07797223 63.16968488693237
34 2938.75002 16712.167109099995 149073218.54383308 64.96412706375122
35 2938.75002 18638.7798609 157210154.72479272 66.7983410358429
36 2938.75002 18455.584410949996 147597405.36412266 68.63779711723328
37 2938.75002 19313.152610499998 159495986.84325263 70.4983069896698
38 2938.75002 19046.662626749996 162272414.95037925 72.34987378120422
39 2938.75002 19355.518885099995 151445695.57403615 74.20741987228394
40 2938.75002 18879.8479766 155527368.54263377 76.05378723144531
41 2938.75002 19177.880231299998 147436437.4255575 77.9077079296112
42 2938.75002 18290.737365599995 150641097.65523076 79.73709011077881
43 2938.75002 17632.578234899996 148794114.2595373 81.556645154953
44 2938.75002 18155.757762649995 164013159.11816534 83.43123197555542
45 2938.75002 18246.312395699995 149471440.14839807 85.32504391670227
46 2938.75002 18490.520878649993 163336420.3711882 87.18278288841248
47 2938.75002 18114.410978649994 155078789.6418221 89.01603412628174
48 2938.75002 18991.672908249995 136269076.1560193 90.8579797744751
49 2938.75002 19237.441257399994 147869839.19088897 92.70504713058472
50 2938.75002 19147.236966749995 145183385.7673544 94.560054063797
51 2938.75002 18093.975349949997 145908623.6304082 96.38191509246826
52 2938.75002 19428.1710516 150466281.94896245 98.2454469203949
53 2938.75002 18879.8379999 149097931.74925092 100.09754395484924
54 2938.75002 16111.209440249997 142506270.44241297 101.88787293434143
55 2938.75002 16825.10931505 157853677.6443132 103.6919059753418
56 2938.75002 17429.149247699996 147204978.8257117 105.50525212287903
57 2938.75002 17912.028450299997 142772154.0664275 107.34082293510437
58 2938.75002 18230.155192899994 142515715.66855565 109.16978883743286
59 2938.75002 17521.557760399995 149671948.28290656 110.99327993392944
60 2938.75002 17267.643759249997 152335174.1534794 112.81598114967346
61 2938.75002 17739.129079599996 154033041.75306243 114.64106297492981
62 2938.75002 17993.339402399994 147125136.36255828 116.47422885894775
63 2938.75002 16678.048765 139144237.64554092 118.27776098251343
64 2938.75002 17728.844406049997 147171930.9692078 120.09546899795532
65 2938.75002 18234.381257399997 160517504.59472862 121.92493319511414
66 2938.75002 17570.491384449993 144036239.51009598 123.75417017936707
67 2938.75002 17228.730481449995 147714779.55402339 125.56052708625793
68 2938.75002 17646.303612749994 152332372.74239364 127.37799191474915
69 2938.75002 17216.783192099996 147823204.33733672 129.18439078330994
70 2938.75002 17132.27421145 160627595.52848157 130.99639701843262
71 2938.75002 17363.693095349994 142638110.55435216 132.8085000514984
72 2938.75002 18276.681269399996 142952447.14671463 134.66816687583923
73 2938.75002 18795.758293099996 144953465.3838692 136.71050691604614
74 2938.75002 17356.913520999995 147423700.8709234 138.5811049938202
75 2938.75002 16568.682128749995 141104891.57215554 140.42343497276306
76 2938.75002 16830.209126699996 151108908.30059955 142.2614710330963
77 2938.75002 17851.002579949996 149964335.79759324 144.11806893348694
78 2938.75002 17789.406229849996 160627621.45759892 145.98490595817566
79 2938.75002 17897.135771649995 143384690.1813039 147.8438630104065
80 2938.75002 17090.871933549995 144222072.04953918 149.70419096946716
81 2938.75002 17142.039364599994 143520786.3618333 151.54909586906433
82 2938.75002 17837.899340349995 154996379.48641804 153.4129421710968
83 2938.75002 17221.190686099995 148223952.59450153 155.2607238292694
84 2938.75002 17254.029818299998 144323527.40880704 157.10428595542908
85 2938.75002 17637.213482199997 151911928.72666323 159.03106498718262
86 2938.75002 17242.674397649997 142833234.13361743 160.89057683944702
87 2938.75002 17868.123346599998 148747429.2856614 162.7556128501892
88 2938.75002 16524.713750999996 136292749.20309335 164.59905314445496
89 2938.75002 18201.3577561 150872097.29046267 166.5123529434204
90 2938.75002 18879.386625699994 144331844.90772507 168.40471696853638
91 2938.75002 18270.414273249997 149994510.99047005 170.28456091880798
92 2938.75002 17839.537311999997 149889233.23166597 172.17731714248657
93 2938.75002 16324.886768449996 141579349.0849276 174.0069818496704
94 2938.75002 17086.42359105 143926658.73905078 175.8622498512268
95 2938.75002 18377.694989199998 139048139.31369567 177.73325204849243
96 2938.75002 19272.224128299993 151292616.49271595 179.62420511245728
97 2938.75002 18483.791666249996 147493995.0250002 181.5083360671997
98 2938.75002 17159.071829799996 148513203.26687637 183.37785696983337
99 2938.75002 17244.970489449996 154228922.27393904 185.2382960319519
100 2938.75002 18384.859844099996 150491969.35394567 187.11571097373962
101 2938.75002 17291.308439499993 125091288.54917604 188.95949387550354
102 2938.75002 16158.107012649993 140484308.7271321 190.78428602218628
103 2938.75002 17594.634041799996 139534241.43071944 192.64879989624023
104 2938.75002 18547.985268449997 150500291.29578507 194.53575611114502
105 2938.75002 19048.039542649993 146991365.27257317 196.4233078956604
106 2938.75002 18648.464025549994 150321703.27444974 198.30521392822266
107 2938.75002 17907.230268949996 140435333.9595538 200.16539096832275
108 2938.75002 17403.600606099997 159423437.37529975 202.01500701904297
109 2938.75002 18914.958292299994 146144845.60071713 203.90111207962036
110 2938.75002 18609.988427699995 151986509.68344945 205.77985787391663
111 2938.75002 17951.30760455 167852113.30654448 207.64365601539612
112 2938.75002 17853.454156849995 159176484.95785806 209.51282715797424
113 2938.75002 18455.802465899997 155545360.0608213 211.38289308547974
114 2938.75002 17702.02347845 143619167.30910215 213.2427749633789
115 2938.75002 17401.12790435 150346108.16263357 215.09434700012207
116 2938.75002 17723.462694299993 147674896.02724597 216.95987701416016
117 2938.75002 18264.668361999997 157981216.1294507 218.82659101486206
118 2938.75002 18440.242016249995 159438198.0625492 220.69573307037354
119 2938.75002 17993.296207099993 154574155.86577156 222.55740118026733
120 2938.75002 17963.43220705 149345009.4790415 224.42304515838623
121 2938.75002 18853.689887099998 154085725.43341845 226.30804085731506
122 2938.75002 19733.487752699995 147262020.07487053 228.2171630859375
123 2938.75002 19192.9630892 143977338.188621 230.11194109916687
124 2938.75002 19484.537089799993 149517012.4245001 232.00871801376343
125 2938.75002 18598.268371799997 151500572.81646022 233.8828480243683
126 2938.75002 17607.014206199994 149321107.2655343 235.73246479034424
127 2938.75002 17077.235539849997 162218615.9648819 237.5829360485077
128 2938.75002 17769.419043899998 163318986.94067448 239.44471287727356
129 2938.75002 18651.909212399994 160414002.51009673 241.31848096847534
130 2938.75002 16492.800539149997 155107635.10476577 243.14730215072632
131 2938.75002 17708.985438449996 151213112.1327353 245.01089310646057
132 2938.75002 17626.403996449997 148866751.72347626 246.8679301738739
133 2938.75002 17350.677032449996 144943248.5944332 248.72387981414795
134 2938.75002 18858.540335799997 145483239.91904062 250.60318207740784
135 2938.75002 18160.223128449998 138636313.60990065 252.4665448665619
136 2938.75002 16955.163945299995 142182291.2823053 254.30862307548523
137 2938.75002 16987.008526449998 135397483.39163727 256.1362609863281
138 2938.75002 16650.299082499994 151270242.08218068 258.00409603118896
139 2938.75002 17348.557228449994 145705426.11677697 259.8893759250641
140 2938.75002 18211.893986599996 146983733.82112253 261.7819309234619
141 2938.75002 17474.973676349997 146675487.95998493 263.6929190158844
142 2938.75002 17551.924912149996 141661702.23482013 265.59107303619385
143 2938.75002 16849.943356449996 133749629.02390468 267.4429180622101
144 2938.75002 17215.748252949998 149409947.3257716 269.3102779388428
145 2938.75002 17099.188483349993 149949739.31711185 271.15397000312805
146 2938.75002 17983.0841767 135708585.51512593 273.0134930610657
147 2938.75002 18021.918435999996 143887773.4496189 274.8972878456116
148 2938.75002 17721.366021749996 150946718.53053576 276.75037908554077
149 2938.75002 17622.071775799996 148399409.2627657 278.60561895370483
150 2938.75002 17874.463129699998 157084597.7549735 280.4732949733734
151 2938.75002 17457.752453549994 143866328.83724454 282.32139706611633
152 2938.75002 18177.770966949996 152353629.30329973 284.20239090919495
153 2938.75002 16729.800941949994 138667122.7189616 286.03569197654724
154 2938.75002 17496.945863049998 154181729.6490411 287.87667298316956
155 2938.75002 17863.436987699995 162994185.1195775 289.7394599914551
156 2938.75002 17457.845068549996 154612698.02738056 291.5973460674286
157 2938.75002 17787.476666299997 160879796.80372036 293.4577479362488
158 2938.75002 18517.011682999997 153159008.1651049 295.3303849697113
159 2938.75002 18713.923487049997 149642947.8809347 297.21710205078125
160 2938.75002 17914.827320149994 153275027.1428274 299.0741789340973
161 2938.75002 18398.365455149997 143849271.98185432 300.9488351345062
162 2938.75002 18342.161451049997 150214231.31307992 302.8227210044861
163 2938.75002 18245.74721935 170211335.65894586 304.69032192230225
164 2938.75002 17716.325091699997 160770376.6933343 306.54202604293823
165 2938.75002 17967.004142199996 149858154.7167559 308.40808486938477
166 2938.75002 17845.043631599994 158187005.340395 310.27871680259705
167 2938.75002 16853.370161299998 145484688.82471788 312.18310284614563
168 2938.75002 16622.649774 150057599.32902375 314.04484391212463
169 2938.75002 17651.49217255 147569019.70586228 315.96773290634155
170 2938.75002 18299.597942699995 152120503.92028034 317.8549859523773
171 2938.75002 18081.2079809 139487840.4461974 319.74585700035095
172 2938.75002 18213.589749449995 145879429.84107256 321.67019605636597
173 2938.75002 17130.3380723 149042180.12696135 323.59275698661804
174 2938.75002 17615.977054449995 155914652.77059838 325.5332751274109
175 2938.75002 17304.943732549997 156189448.1510666 327.5631217956543
176 2938.75002 17937.381924599995 146336149.60617676 329.5155620574951
177 2938.75002 18710.239297849992 169289226.53902712 331.4353449344635
178 2938.75002 18984.203942049993 148516729.4499382 333.426687002182
179 2938.75002 19093.865744199997 169557530.54976615 335.35093808174133
180 2938.75002 17775.471382849995 163569086.7362153 337.3045701980591
181 2938.75002 16683.1604192 154818193.84601384 339.1498830318451
182 2938.75002 17962.990688099995 151880504.62515503 341.033087015152
183 2938.75002 18241.795008099998 151472761.44747546 342.9113128185272
184 2938.75002 17466.276662849996 158580854.4693843 344.7673981189728
185 2938.75002 16886.038594449998 151240340.4188151 346.611212015152
186 2938.75002 17334.917235199995 146283645.71663922 348.47560000419617
187 2938.75002 18206.352924649997 151495348.0921812 350.3516709804535
188 2938.75002 17740.270670049995 156245268.4593088 352.21370911598206
189 2938.75002 18335.9316863 144009220.8981012 354.0872800350189
190 2938.75002 18497.472717399996 161861781.94013378 355.9759349822998
191 2938.75002 18154.598706549998 157992778.9214462 357.8451290130615
192 2938.75002 18216.086155549998 166950652.34086218 359.72290992736816
193 2938.75002 17810.75613285 158252184.2709496 361.5854640007019
194 2938.75002 17274.196764899996 151288585.6109879 363.43919801712036
195 2938.75002 17846.472081949996 145370284.14280212 365.30743408203125
196 2938.75002 18323.869137449994 159130336.46411553 367.18292713165283
197 2938.75002 17434.545852199997 142853913.4585685 369.04149985313416
198 2938.75002 17350.395377649995 154547196.34732807 370.90464997291565
199 2938.75002 17835.350309749996 144565474.70478728 372.8111879825592
200 2938.75002 17151.717610799995 153044552.5998376 374.6811089515686
201 2938.75002 17135.991148549994 142552069.89624587 376.56314396858215
202 2938.75002 17235.856792799997 143161192.26856378 378.4385578632355
203 2938.75002 16149.677636699998 141996528.84808448 380.280277967453
204 2938.75002 18114.864960049996 144185983.39569026 382.15435099601746
205 2938.75002 17627.736564549996 152572186.67803824 384.02604603767395
206 2938.75002 17451.463901649997 143436295.28901124 385.9330360889435
207 2938.75002 16729.975364949998 146475720.12630937 387.78213715553284
208 2938.75002 16615.281872549996 140440190.1314908 389.71565890312195
209 2938.75002 17686.534198049998 152296303.96805692 391.62113189697266
210 2938.75002 17354.826157599997 158244353.0118607 393.5458879470825
211 2938.75002 17797.697506649998 153995274.9419402 395.4339210987091
212 2938.75002 18050.867385899997 155424744.58028993 397.32539200782776
213 2938.75002 19056.580111049996 171016663.64157277 399.23412704467773
214 2938.75002 17783.825990749992 170751998.29524326 401.13014101982117
215 2938.75002 18548.961261149994 169927825.78923193 403.0346620082855
216 2938.75002 18146.353862349995 154073019.3336124 404.92732310295105
217 2938.75002 17871.181468549996 153724216.45269412 406.8259918689728
218 2938.75002 17301.177047749996 150636085.14702332 408.6930150985718
219 2938.75002 17472.561077349998 158601780.04065838 410.5854320526123
220 2938.75002 17959.893692099995 168169046.9321987 412.4820840358734
221 2938.75002 15956.579932349994 162987549.81639642 414.35715413093567
222 2938.75002 17370.934158999997 157512131.5540365 416.24709391593933
223 2938.75002 17828.285049749993 154830856.7765898 418.14754605293274
224 2938.75002 19034.756525649995 151012317.4102812 420.0735650062561
225 2938.75002 18262.184802949996 152225847.5903388 422.02438592910767
226 2938.75002 18635.416159549997 156717255.37675178 423.94276881217957
227 2938.75002 18525.456678249997 145082700.19385922 425.9232759475708
228 2938.75002 18059.477131749998 155308734.3372785 427.94348216056824
229 2938.75002 17845.177539099994 147856012.0255113 429.84555292129517
230 2938.75002 17799.873836299997 141448688.16394177 431.76170206069946
231 2938.75002 17216.664720549994 147908972.10046685 433.69131803512573
232 2938.75002 19128.129272749993 150095507.2134972 435.7200839519501
233 2938.75002 19142.051197899993 162582466.39097074 437.71052598953247
234 2938.75002 20177.431366499994 149065329.91602758 439.64913988113403
235 2938.75002 19319.483003999994 157279549.37348926 441.5603241920471
236 2938.75002 18043.764275849997 139636383.218385 443.43854784965515
237 2938.75002 17424.101906349995 152642476.17349187 445.3238799571991
238 2938.75002 16243.156685149996 155308788.03182167 447.21174716949463
239 2938.75002 17268.951281599995 143964550.92396203 449.1229329109192
240 2938.75002 19491.004466299997 161884525.06831235 451.0420432090759
241 2938.75002 18088.089209349997 156668513.8297349 452.9360809326172
242 2938.75002 17785.329460649995 158233631.7513071 454.82452511787415
243 2938.75002 17366.393083149997 163465778.98944786 456.6980559825897
244 2938.75002 17984.365250099996 153255323.09509265 458.5779709815979
245 2938.75002 16431.322832849997 149626755.34367314 460.4251871109009
246 2938.75002 16238.043976599998 133132213.75192273 462.27651596069336
247 2938.75002 16583.302656599997 146036237.9244872 464.12558579444885
248 2938.75002 17327.966396399996 146150922.63780534 465.9989581108093
249 2938.75002 18192.6009274 140381814.68986556 467.90780901908875
The optimum value should be 2938.75002

2938.75002 469.7947268486023

-------------------------------------------------------------------------------------------------------------------------

ROUND 2:
Generation, best, average, variance, time(s)
0 9223372036854775807 38173.837269349984 7686609.6019320795 1.5749239921569824
1 10337.529200000004 36297.60011689999 13905426.374845536 4.161714792251587
2 4123.96802 30357.57556944999 91584579.85981497 6.373683929443359
3 3393.5545399999996 24809.673942999994 139428544.09979156 8.369302988052368
4 3299.0130900000026 22294.446818249995 153337513.16675103 10.300096988677979
5 3285.3309099999997 20855.264130749994 154543738.585431 12.216737985610962
6 3285.3309099999997 19951.058245849992 146478632.19713578 14.108715057373047
7 3220.4166800000003 19037.082694449997 161433316.77861804 15.975916624069214
8 3220.4166800000003 18330.119104999998 158393679.0346511 17.829734802246094
9 3220.4166800000003 19931.645871999997 152217815.86733952 19.73094391822815
10 3220.4166800000003 18536.768809049994 166327503.463236 21.590844869613647
11 3201.96109 16782.71502325 159216187.85089946 23.424372911453247
12 3189.5359900000003 15873.664913099994 141452022.704124 25.232693910598755
13 3067.9194200000015 17280.06066465 154166996.76746836 27.07092571258545
14 3067.9194200000015 17156.3709045 145915002.42896804 28.904189825057983
15 3067.9194200000015 16214.946335049995 141621687.22361416 30.71983790397644
16 3067.9194200000015 18608.020801849998 148556851.91609666 32.594910860061646
17 3067.9194200000015 19144.720262999996 136693610.10372248 34.47712206840515
18 3067.9194200000015 19095.232564899994 153803765.79915252 36.355814933776855
19 2981.48738 17979.340597949995 148974713.4216807 38.21059989929199
20 2956.496799999999 17795.104824349997 139762930.7399327 40.130077838897705
21 2956.496799999999 18140.507793899997 137563020.830048 42.039344787597656
22 2956.496799999999 17759.636392499997 145164493.5258645 43.97016763687134
23 2956.496799999999 17941.956719199996 146359885.413675 45.85406279563904
24 2956.496799999999 17527.012875949993 153557159.7916194 47.72782373428345
25 2956.496799999999 17808.531613349995 155269466.39354572 49.60348987579346
26 2944.7801199999985 18289.358828749995 165573710.74899235 51.47816777229309
27 2944.7801199999985 18258.291811999996 149394796.71885708 53.35160493850708
28 2944.7801199999985 18105.83364985 149264147.09309173 55.233558893203735
29 2944.7801199999985 17164.437805249996 148786681.7207477 57.082576751708984
30 2942.6279799999984 18763.146928049995 160282449.09748277 58.97861671447754
31 2942.6279799999984 19544.181895799997 153488216.55318183 60.882911920547485
32 2942.6279799999984 18540.542527949998 153036110.01948762 62.77179479598999
33 2942.6279799999984 18057.644096199994 155065480.18749642 64.64985394477844
34 2942.6279799999984 16938.138456349996 160508211.60171282 66.50370979309082
35 2942.6279799999984 16031.331092799996 153498448.98507535 68.32442283630371
36 2942.6279799999984 16442.771359599996 139362060.9340866 70.17358374595642
37 2942.6279799999984 16564.486666799996 159655973.12183085 72.02398490905762
38 2942.6279799999984 17564.351802899997 152831512.61412525 73.89217591285706
39 2942.6279799999984 17641.207064699996 171494864.1839741 75.76163792610168
40 2942.6279799999984 17297.200227749996 149101532.6408392 77.64879488945007
41 2942.6279799999984 17158.531334349995 150703430.84663144 79.50975108146667
42 2942.6279799999984 16878.137077749998 142784433.8046177 81.36361980438232
43 2942.6279799999984 17606.807703599996 142438170.5987092 83.2270200252533
44 2942.6279799999984 17544.861968499994 138054429.33613628 85.09929275512695
45 2942.6279799999984 18106.9877059 147082244.6099608 86.9706916809082
46 2942.6279799999984 17237.415673499996 142154859.13366055 88.82770586013794
47 2942.6279799999984 18244.731823599996 148463322.6218972 90.71056580543518
48 2942.6279799999984 18059.649273399995 155145749.94897023 92.58550596237183
49 2942.6279799999984 16964.6990118 135846100.4813673 94.44611668586731
50 2942.6279799999984 17972.674897299996 140210384.05639094 96.32110095024109
51 2942.6279799999984 17994.386948249998 145323967.6894125 98.19404292106628
52 2942.6279799999984 18021.484131149995 162415156.8848331 100.07160782814026
53 2942.6279799999984 15892.453199899996 137002498.90229115 101.90952587127686
54 2942.6279799999984 16872.208274099998 148595369.59260482 103.76534605026245
55 2942.6279799999984 17924.0496908 132461227.90877056 105.64792776107788
56 2942.6279799999984 18176.273309299995 157690683.47713462 107.52920174598694
57 2942.6279799999984 16849.2847447 148191594.78373912 109.3801736831665
58 2942.6279799999984 18264.854645599997 141771174.74253234 111.27010202407837
59 2942.6279799999984 17601.740505249993 160383779.13091037 113.1419768333435
60 2942.6279799999984 17532.881810849995 149543324.091931 115.01453495025635
61 2942.6279799999984 18007.992712249998 148005275.76811522 116.89556884765625
62 2942.6279799999984 18244.903121599997 151277715.38662001 118.77503991127014
63 2942.6279799999984 17813.033519399996 144604522.98300302 120.64158177375793
64 2942.6279799999984 17511.65740645 142316582.09038123 122.50622272491455
65 2942.6279799999984 16647.497980149998 149408672.7533265 124.38011693954468
66 2942.6279799999984 16612.174134799996 146837298.28896266 126.22787475585938
67 2942.6279799999984 15758.341616249998 145869889.41985145 128.05800771713257
68 2942.6279799999984 16860.298928099997 143275443.6385822 129.91444182395935
69 2942.6279799999984 16369.551738249997 150525831.2888571 131.75620770454407
70 2942.6279799999984 15971.909867949998 150872245.11489812 133.58488583564758
71 2942.6279799999984 17586.537621299998 150756578.44403362 135.44661569595337
72 2942.6279799999984 17164.391139699997 156960346.80603963 137.29977989196777
73 2942.6279799999984 17145.754874399994 152552702.16236654 139.1590600013733
74 2942.6279799999984 16955.517206049997 151555623.19444048 141.0117428302765
75 2942.6279799999984 16442.127257449996 150926059.42677295 142.86272192001343
76 2942.6279799999984 17239.840266099996 170903537.01034606 144.7249400615692
77 2942.6279799999984 17246.594123499995 161872457.53913724 146.59154200553894
78 2942.6279799999984 18362.966918899998 146855651.04277527 148.46961569786072
79 2942.6279799999984 18515.0403615 150711802.82112157 150.36904883384705
80 2942.6279799999984 17637.490162399998 146040745.57248563 152.26395797729492
81 2942.6279799999984 17675.764848199997 151088276.13816792 154.12022185325623
82 2942.6279799999984 17873.349456199998 147615855.33943936 155.98904180526733
83 2942.6279799999984 17170.378150999997 142005719.86000195 157.83729577064514
84 2942.6279799999984 17832.73731405 134554533.90552387 159.6997299194336
85 2942.6279799999984 16926.716616849997 131011757.54722717 161.539874792099
86 2942.6279799999984 17820.738530249997 149220010.88161737 163.39927077293396
87 2942.6279799999984 17235.43345549999 159962118.29858947 165.25404906272888
88 2942.6279799999984 16696.062836849997 136667017.7347174 167.26007604599
89 2942.6279799999984 17693.600320999994 147823981.4984879 169.12166595458984
90 2942.6279799999984 18502.875649349997 149479841.18462843 171.0094289779663
91 2942.6279799999984 17589.873071299997 143561504.69876125 172.8806357383728
92 2942.6279799999984 18029.755903999998 140016143.3686077 174.7489459514618
93 2942.6279799999984 18066.940310449994 154687605.91617066 176.62225484848022
94 2942.6279799999984 18299.589661649996 157312258.91936687 178.49459981918335
95 2942.6279799999984 18158.328915949995 147354428.80104116 180.38074588775635
96 2942.6279799999984 17249.769098799996 130063498.0678911 182.25375175476074
97 2942.6279799999984 17600.380029899996 144127427.2294175 184.1175947189331
98 2942.6279799999984 17941.615840449995 148580722.24721128 185.99531984329224
99 2942.6279799999984 17608.710251649998 160600699.86881274 187.85786986351013
100 2942.6279799999984 16448.114453349997 150723499.33426896 189.70270490646362
101 2942.6279799999984 15802.387939549997 149485455.7333977 191.53200793266296
102 2942.6279799999984 17859.2765172 155324865.60900664 193.40355777740479
103 2942.6279799999984 17136.862314449994 146791923.90282995 195.26111698150635
104 2942.6279799999984 18346.0652156 145956956.80925322 197.14237594604492
105 2942.6279799999984 19564.564965749996 153754308.89661404 199.05562376976013
106 2942.6279799999984 18333.6618029 166770474.9406651 200.93973684310913
107 2942.6279799999984 17484.930248299996 147594289.68340543 202.81167697906494
108 2942.6279799999984 17215.3203778 146145672.5314561 204.66914772987366
109 2942.6279799999984 17924.763841249995 149174358.79947755 206.5509898662567
110 2942.6279799999984 17990.6955685 157196492.9441119 208.4187788963318
111 2942.6279799999984 17083.102550449996 151875149.15563434 210.275643825531
112 2942.6279799999984 16649.977168249996 153485093.28728592 212.13236689567566
113 2942.6279799999984 17072.953097899997 145516390.08539465 213.99577975273132
114 2942.6279799999984 16952.03349915 146142577.1562548 215.8577299118042
115 2942.6279799999984 17172.385071299996 155340667.32386616 217.71991181373596
116 2942.6279799999984 17686.389761299994 162950706.04747427 219.59195590019226
117 2942.6279799999984 17172.855521449997 156561720.50167224 221.45443773269653
118 2942.6279799999984 15670.018462249995 159582984.6902953 223.2883529663086
119 2942.6279799999984 18358.791711649996 164600199.9252416 225.17188477516174
120 2942.6279799999984 17084.507588049997 155588363.34229356 227.02769374847412
121 2942.6279799999984 17729.785029449995 163192176.98835468 228.8878309726715
122 2942.6279799999984 17383.921614399995 156505392.98929563 230.74349069595337
123 2942.6279799999984 18713.275356999995 156749341.30853713 232.63379883766174
124 2942.6279799999984 17770.98871865 147599393.46303704 234.50233697891235
125 2942.6279799999984 16892.838584049998 147280978.89267442 236.36259984970093
126 2942.6279799999984 18085.409234649997 159887656.03388864 238.23649787902832
127 2942.6279799999984 17724.730525499996 164526847.9549598 240.11065864562988
128 2942.6279799999984 17512.427800099995 146170411.88831243 241.98422193527222
129 2942.6279799999984 17478.74557755 143873816.67233774 243.85112595558167
130 2942.6279799999984 16933.82450285 142302013.87619075 245.70791482925415
131 2942.6279799999984 17681.051230549998 150812200.70096362 247.57823085784912
132 2942.6279799999984 17691.330444199997 149054032.96571565 249.4435887336731
133 2942.6279799999984 18552.221119949994 157226407.06261215 251.33910608291626
134 2942.6279799999984 19139.637570699993 146082321.02328 253.26975989341736
135 2942.6279799999984 18601.705497199997 163853291.44277525 255.20715069770813
136 2942.6279799999984 18563.214438799994 155873903.75543624 257.1379828453064
137 2942.6279799999984 18571.272456349994 151433833.79280362 259.071496963501
138 2942.6279799999984 17835.997915699994 151304993.2223618 260.9944980144501
139 2942.6279799999984 17125.591059999995 155503939.4578817 262.90336775779724
140 2942.6279799999984 17900.652870799997 170723712.77819648 264.81275391578674
141 2942.6279799999984 17657.2203317 139558169.62408715 266.6805467605591
142 2942.6279799999984 16825.4666309 139670170.3030704 268.52665400505066
143 2942.6279799999984 16446.023848049997 136143332.37126794 270.3750579357147
144 2942.6279799999984 15761.852836849997 133459103.7227149 272.21326088905334
145 2942.6279799999984 15960.837536299998 146958464.4279157 274.0458948612213
146 2942.6279799999984 15874.753199899998 125478633.54367213 275.8822078704834
147 2942.6279799999984 15950.207105899995 144535142.42511037 277.7235987186432
148 2942.6279799999984 15690.516028399998 152182986.44911993 279.5490789413452
149 2942.6279799999984 16230.966489249997 156668519.54470414 281.39684081077576
150 2942.6279799999984 17823.543056799994 153664224.208606 283.268159866333
151 2942.6279799999984 17172.914932699998 149105619.86221322 285.1273846626282
152 2942.6279799999984 17902.127804249998 158744742.06393278 287.0046410560608
153 2942.6279799999984 17581.318296899997 152721372.01784202 288.8715789318085
154 2942.6279799999984 17213.054138249994 161841454.29951045 290.74289083480835
155 2942.6279799999984 18127.680050649993 160702379.28421214 292.62030005455017
156 2942.6279799999984 18975.538026899994 147797934.80234975 294.52210998535156
157 2942.6279799999984 18562.358084099993 158703419.6400965 296.42215394973755
158 2942.6279799999984 18419.962650299993 163900401.62140357 298.31624698638916
159 2942.6279799999984 17848.924785299994 148979334.71704438 300.2614529132843
160 2942.6279799999984 18082.205882849998 144680416.8806011 302.1397497653961
161 2942.6279799999984 17752.0101501 147903681.0978513 304.0140588283539
162 2942.6279799999984 17470.395551949998 141754101.35623884 305.8796648979187
163 2942.6279799999984 17437.10754205 150825946.20382276 307.74766993522644
164 2942.6279799999984 17394.2435653 140396299.2603765 309.6203968524933
165 2942.6279799999984 16889.2645465 145074706.5886754 311.47519278526306
166 2942.6279799999984 18073.071922449995 146292729.33895135 313.3545489311218
167 2942.6279799999984 18085.5416161 149369701.39567885 315.2295596599579
168 2942.6279799999984 17785.015781549995 137002126.74693146 317.10266494750977
169 2942.6279799999984 17574.544599949997 152849569.82093856 318.96791768074036
170 2942.6279799999984 17314.731673049995 159728109.19833392 320.8348069190979
171 2942.6279799999984 17289.686720899994 147757365.02903232 322.708349943161
172 2942.6279799999984 17528.648627399998 156094224.04299957 324.58130383491516
173 2942.6279799999984 17964.629679449998 147718622.85202044 326.46106791496277
174 2942.6279799999984 18132.343363 148692589.47558326 328.35100293159485
175 2942.6279799999984 17080.895024749996 134806453.6301239 330.21091890335083
176 2942.6279799999984 18002.390879 153481319.70291936 332.0859010219574
177 2942.6279799999984 18724.022838099994 142501480.79593492 333.9781708717346
178 2942.6279799999984 19346.083065349994 156735160.79675245 335.8839957714081
179 2942.6279799999984 17169.335646499996 148728503.03028014 337.7554438114166
180 2942.6279799999984 17237.63575735 140588639.85584247 339.61374378204346
181 2942.6279799999984 17726.063233749996 150024921.34138748 341.49246072769165
182 2942.6279799999984 17633.871988699993 167508689.3530606 343.36665391921997
183 2942.6279799999984 16949.060871399994 157172725.7114003 345.2223527431488
184 2942.6279799999984 18237.033069199995 140316610.39969814 347.12331080436707
185 2942.6279799999984 17475.766727849998 145354898.95160475 348.9941658973694
186 2942.6279799999984 17413.016683299997 148824032.65529937 350.8659157752991
187 2942.6279799999984 17863.901851799994 145689481.06481332 352.7485728263855
188 2942.6279799999984 17497.294500199998 149032241.99715337 354.622811794281
189 2942.6279799999984 17519.306558549997 152476447.96798894 356.49502897262573
190 2942.6279799999984 17765.637578999995 138492040.98437762 358.37113070487976
191 2942.6279799999984 18630.194966549996 153613243.4886054 360.2688009738922
192 2942.6279799999984 18076.000220349993 149850866.69258878 362.1491687297821
193 2942.6279799999984 19747.632573149996 152412643.25029173 364.0709660053253
194 2942.6279799999984 18690.757908449996 150182731.323199 365.96324586868286
195 2942.6279799999984 18344.196822549995 139356058.8848543 367.855831861496
196 2942.6279799999984 17442.005120399997 145125333.684933 369.73165583610535
197 2942.6279799999984 18111.163733999994 137550199.45577145 371.63358902931213
198 2942.6279799999984 18309.71630765 160511918.23629043 373.52882194519043
199 2942.6279799999984 17226.08747015 157837749.54402068 375.39153385162354
200 2942.6279799999984 15945.501054049995 159150397.7714287 377.22681879997253
201 2942.6279799999984 16328.129767849994 145272135.74973708 379.09134101867676
202 2942.6279799999984 16424.772091349998 164792208.8402185 380.9345438480377
203 2942.6279799999984 16896.946817049993 155993373.10795772 382.7949569225311
204 2942.6279799999984 18613.379973399995 146413744.22925425 384.70052671432495
205 2942.6279799999984 17710.081323749997 145901961.19593474 386.6088318824768
206 2942.6279799999984 16999.967009249995 152292448.93659377 388.604994058609
207 2942.6279799999984 17362.6581857 148729851.15532357 390.5042178630829
208 2942.6279799999984 17806.660013499997 148639933.7447709 392.3953459262848
209 2942.6279799999984 17123.182986799995 161057994.86017695 394.2851037979126
210 2942.6279799999984 18526.39387225 161616192.32572 396.21459794044495
211 2942.6279799999984 17576.329323249996 158187081.735896 398.1022367477417
212 2942.6279799999984 17068.4912528 141567226.16483563 399.98735785484314
213 2942.6279799999984 17414.233765449997 130561698.42748493 401.8835828304291
214 2942.6279799999984 17152.498445299992 145516974.68300006 403.801552772522
215 2942.6279799999984 17601.63315535 158775147.4684586 405.70705103874207
216 2942.6279799999984 18012.621675599996 159603027.09859315 407.62929677963257
217 2942.6279799999984 17895.500476799996 143334839.31714922 409.55665588378906
218 2942.6279799999984 17082.986761099997 145875107.17828655 411.501859664917
219 2942.6279799999984 16740.318036899997 144726973.06613007 413.39710998535156
220 2942.6279799999984 18022.7873132 151961136.93806526 415.31199169158936
221 2942.6279799999984 18273.350703649994 160662449.95718998 417.21197390556335
222 2942.6279799999984 17499.635855049994 161174027.10191754 419.1319270133972
223 2942.6279799999984 16679.519373899995 156740495.7326769 420.99235677719116
224 2942.6279799999984 17477.340175499994 143740984.96292216 422.91204285621643
225 2942.6279799999984 18147.372532799996 140179397.24560142 424.8626067638397
226 2942.6279799999984 18716.422801049997 152623876.29302117 426.779746055603
227 2942.6279799999984 21292.90452985 150522093.55812797 428.73109197616577
228 2942.6279799999984 19168.253980749996 161330209.61784565 430.6398777961731
229 2942.6279799999984 17180.680101749997 146337458.6025639 432.5128479003906
230 2942.6279799999984 17399.805013699995 149393847.33454296 434.38405776023865
231 2942.6279799999984 17690.143388999997 141596142.41423967 436.2621328830719
232 2942.6279799999984 17735.353746599998 159522247.8936168 438.13763785362244
233 2942.6279799999984 17315.407161949995 158749014.86217624 440.0073699951172
234 2942.6279799999984 16596.985939999995 160065940.0562116 441.8664288520813
235 2942.6279799999984 17290.636030549995 135936735.15049827 443.7477717399597
236 2942.6279799999984 18447.508131649996 138106980.1687671 445.6514868736267
237 2942.6279799999984 17676.891723399996 141924053.86738485 447.5406799316406
238 2942.6279799999984 17653.128072749994 131795700.20672241 449.4273087978363
239 2942.6279799999984 17061.980089999997 128797094.34814917 451.30909180641174
240 2942.6279799999984 17260.819729749997 127110705.43393259 453.1792860031128
241 2942.6279799999984 17544.137407099995 129584222.91825691 455.06660890579224
242 2942.6279799999984 17562.643612199998 130765669.99223068 456.9463360309601
243 2942.6279799999984 18150.828301399997 134150979.7496236 458.87272596359253
244 2942.6279799999984 19047.3681773 145376510.7808267 460.8095178604126
245 2942.6279799999984 17591.682409599995 148789461.15785697 462.71134996414185
246 2942.6279799999984 18009.744907149998 154579057.2626179 464.7272927761078
247 2942.6279799999984 18870.376692349997 157642157.53470632 466.76590180397034
248 2942.6279799999984 17162.81547655 145688444.7211279 468.6618947982788
249 2942.6279799999984 16793.805797949997 149836245.60616782 470.54217886924744
The optimum value should be 2938.75002

2942.6279799999984 472.4104688167572

-------------------------------------------------------------------------------------------------------------------------

ROUND 3:
Generation, best, average, variance, time(s)
0 9223372036854775807 38126.29467629998 7825041.671181077 1.6256730556488037
1 12318.752219999998 36794.55657319998 12060729.632059474 4.295969009399414
2 6684.177299999997 31407.084320949994 69097572.26048687 6.594552040100098
3 4050.9976699999997 25204.711296849997 131512046.20308019 8.753494024276733
4 3539.2849100000008 23143.66281339999 147392923.9394593 10.750562906265259
5 3500.540930000002 21775.332579849997 144178802.86695632 12.727800846099854
6 3191.569409999999 20834.995389849995 148772797.14585423 14.799821138381958
7 3191.569409999999 19376.158025299996 148799503.52124205 16.72062110900879
8 3036.2664900000004 19183.738696899993 154670318.01164043 18.631364822387695
9 3036.2664900000004 18055.659106099996 150998569.61793065 20.532525777816772
10 3036.2664900000004 17630.855384149992 146714461.416236 22.405083894729614
11 3036.2664900000004 17342.27288975 150650469.8272299 24.338883876800537
12 2963.1578500000005 16919.397334299996 167659810.1971419 26.20314383506775
13 2963.1578500000005 16920.843228449998 164789490.88192868 28.099469900131226
14 2963.1578500000005 15819.496771849994 158147906.44328675 29.97899079322815
15 2963.1578500000005 17646.953981549996 158342591.14115664 31.850095748901367
16 2963.1578500000005 18159.220458249994 146772198.12849888 33.741791009902954
17 2963.1578500000005 18142.247362499995 144753583.96048588 35.63162088394165
18 2963.1578500000005 18529.865597449996 155252719.39607075 37.528706073760986
19 2963.1578500000005 18759.372338699995 143814941.84800458 39.42474293708801
20 2963.1578500000005 17871.589066149994 145468793.28885153 41.33363199234009
21 2963.1578500000005 18325.172181599995 165888538.6021361 43.22483777999878
22 2963.1578500000005 18414.007475399998 175903654.45608985 45.109848737716675
23 2963.1578500000005 18753.974342849993 164027241.11370903 47.009649991989136
24 2963.1578500000005 18918.93406465 157048102.73878354 48.95904588699341
25 2963.1578500000005 17781.567733349995 140769546.4698858 50.84139800071716
26 2963.1578500000005 16451.644581249995 144875484.94013166 52.69202208518982
27 2963.1578500000005 17223.406327199995 156260603.4005878 54.59355592727661
28 2963.1578500000005 17403.853978849995 155966838.6752727 56.46558380126953
29 2963.1578500000005 17971.535877099996 160927640.91039363 58.346354961395264
30 2963.1578500000005 19056.970062449993 157531021.24020785 60.24926280975342
31 2963.1578500000005 18144.97870365 145286408.9009399 62.14350700378418
32 2963.1578500000005 17514.692594149998 151546690.57560262 64.01768398284912
33 2938.75002 18695.367421299998 147496724.20130986 65.95922303199768
34 2938.75002 18047.762618449997 148339301.92747223 67.86043906211853
35 2938.75002 18402.503206899994 159744704.55957946 69.76739692687988
36 2938.75002 20061.140004949997 154158290.16395134 71.71258902549744
37 2938.75002 18748.687342799996 151047618.0617993 73.63139581680298
38 2938.75002 18408.659707949995 148318706.3112049 75.53679275512695
39 2938.75002 18544.337944749994 157740512.07396325 77.43703079223633
40 2938.75002 18846.882796649992 164614044.33782342 79.34958171844482
41 2938.75002 18974.827599599994 157380209.7152671 81.25963282585144
42 2938.75002 18659.253417999997 143807542.4878023 83.17425680160522
43 2938.75002 20044.848969849994 146607896.402955 85.11784768104553
44 2938.75002 18996.85608745 138158273.48865536 87.02633881568909
45 2938.75002 18615.105781899994 131035983.6934157 88.92588901519775
46 2938.75002 17386.454339999997 138352274.80581185 90.81249690055847
47 2938.75002 17677.146161449993 139048706.10525113 92.68970799446106
48 2938.75002 17207.184729499997 135245419.29432392 94.55798506736755
49 2938.75002 18324.324019549997 151830103.38821018 96.45191502571106
50 2938.75002 18289.076751099994 154227951.06178033 98.33475589752197
51 2938.75002 19078.247082149992 154317248.0283665 100.24801206588745
52 2938.75002 17866.276463799997 149668458.1909655 102.12510108947754
53 2938.75002 17762.318668049997 158032821.4944594 104.0055718421936
54 2938.75002 18202.145736749997 159470448.82388636 105.8893928527832
55 2938.75002 18373.846534849996 166953880.4327935 107.77830672264099
56 2938.75002 17343.201309199994 144127592.45335886 109.64917778968811
57 2938.75002 17431.615230249994 152465034.80519584 111.52712202072144
58 2938.75002 17479.240992999996 159120937.50752833 113.41653990745544
59 2938.75002 17042.925999 155080998.01128384 115.28673315048218
60 2938.75002 17994.0762481 152064740.9115595 117.17303204536438
61 2938.75002 17674.259470349996 142556780.46707213 119.04899001121521
62 2938.75002 17537.578016599997 138153746.10433158 120.9311728477478
63 2938.75002 17103.832111099997 144676859.49869433 122.8074779510498
64 2938.75002 17929.92890965 142218461.42063835 124.690603017807
65 2938.75002 18518.872430549996 138893485.75853318 126.6001968383789
66 2938.75002 18314.742624049995 150962799.8781097 128.49215006828308
67 2938.75002 17794.20484295 139055887.1595471 130.36734175682068
68 2938.75002 17465.968239149995 141448652.58088484 132.23093509674072
69 2938.75002 16724.8709227 141736584.6397698 134.09024477005005
70 2938.75002 17216.784734599994 150883705.8278463 135.95400977134705
71 2938.75002 17772.183818999994 144591016.43050858 137.8335418701172
72 2938.75002 18068.8694777 155347802.42478144 139.70824885368347
73 2938.75002 18309.174196199994 152195301.68601462 141.59096097946167
74 2938.75002 18862.471145199994 163540807.37271512 143.49099898338318
75 2938.75002 18367.750822299993 157351414.42390525 145.38430905342102
76 2938.75002 17254.289023749996 154322590.9058834 147.24836587905884
77 2938.75002 17000.131276899996 148000324.16042522 149.10846281051636
78 2938.75002 16067.488735349998 135847475.11016998 150.94334888458252
79 2938.75002 17224.568401499997 136699971.4910645 152.81148290634155
80 2938.75002 16879.386677899995 133941536.25932184 154.6828908920288
81 2938.75002 16086.402134199994 144645350.98640692 156.5325379371643
82 2938.75002 17689.581955949998 151928316.80209967 158.42974185943604
83 2938.75002 18604.805954599997 149463137.36558798 160.3272750377655
84 2938.75002 18310.55983385 150640085.1532038 162.26416206359863
85 2938.75002 18070.432903249995 166706747.56595695 164.14834308624268
86 2938.75002 17672.226168999994 156842884.23024166 166.02820777893066
87 2938.75002 17221.555930999995 146520113.75292033 167.8919460773468
88 2938.75002 17873.3461379 163955075.72459003 169.7766411304474
89 2938.75002 18064.93483945 153367159.3098083 171.65446400642395
90 2938.75002 17892.198863049995 141603635.02056712 173.54075598716736
91 2938.75002 18824.178763099993 135264926.81881833 175.44178986549377
92 2938.75002 17695.262481949998 150838969.0434742 177.31228184700012
93 2938.75002 17167.928584249996 143558152.0986594 179.1761679649353
94 2938.75002 16530.227410149997 141896541.7854458 181.0220489501953
95 2938.75002 18874.100917849995 149941474.73906317 182.91419982910156
96 2938.75002 18532.353441799994 157539122.14320618 184.80323004722595
97 2938.75002 18639.847349249994 157861028.5793803 186.69553208351135
98 2938.75002 18782.636820849995 150550847.89533687 188.59412693977356
99 2938.75002 17240.631333399993 155498477.04091752 190.4631507396698
100 2938.75002 17103.316429849998 155804826.2245182 192.3232560157776
101 2938.75002 17663.6748408 146961172.17373314 194.19557690620422
102 2938.75002 18166.84181875 145143385.91028982 196.08332705497742
103 2938.75002 18079.778469049998 147398852.39792684 197.96897792816162
104 2938.75002 18597.06354345 156023219.23267525 199.86836886405945
105 2938.75002 17734.1252923 157502256.0224861 201.8925540447235
106 2938.75002 18015.177524249997 154903154.11964542 203.78202080726624
107 2938.75002 19473.504700299996 151157875.1794449 205.73754692077637
108 2938.75002 19461.7711184 159535306.7748095 207.6538360118866
109 2938.75002 18732.5695499 151519664.677514 209.55839490890503
110 2938.75002 18033.383841049996 151717379.7731492 211.44529795646667
111 2938.75002 17494.212319749993 150831649.97437572 213.30943202972412
112 2938.75002 18395.482885349993 151953942.01723143 215.19044995307922
113 2938.75002 18312.20431935 151554904.99464172 217.088063955307
114 2938.75002 18882.959925049996 166576305.25319228 218.97931385040283
115 2938.75002 18245.1357109 152772940.9136837 220.8577070236206
116 2938.75002 18428.821571999997 159103791.46516627 222.73920273780823
117 2938.75002 18875.128785749996 155418574.24125835 224.6544988155365
118 2938.75002 18065.85988555 151216510.66707647 226.53885793685913
119 2938.75002 17535.681353649994 143987868.14751586 228.3965880870819
120 2938.75002 17183.946015099995 149431831.15114048 230.26342391967773
121 2938.75002 17963.038908949995 160972761.6322609 232.1374740600586
122 2938.75002 16274.590120949997 151304353.183468 233.96462488174438
123 2938.75002 15868.720822549998 155804930.52121106 235.81887102127075
124 2938.75002 16509.88425135 147813279.36973366 237.6720540523529
125 2938.75002 17943.596008199995 159505020.31095597 239.5653839111328
126 2938.75002 17332.023802399995 159388381.30797988 241.41905093193054
127 2938.75002 18295.356038899994 158297822.6946823 243.3385307788849
128 2938.75002 19240.701945249995 167547282.761732 245.27383184432983
129 2938.75002 18672.664161449997 149817997.02404153 247.2008719444275
130 2938.75002 18356.282044849995 170823654.27132687 249.1289758682251
131 2938.75002 18390.6543239 148422406.65283188 251.06030797958374
132 2938.75002 17178.902199199994 149107288.99742538 252.92578291893005
133 2938.75002 17135.329997099994 146558209.54725066 254.784334897995
134 2938.75002 16950.937524449997 147297065.37753716 256.6193759441376
135 2938.75002 17716.079191499994 155567027.0200499 258.4787347316742
136 2938.75002 18523.044217799994 158486120.9993731 260.37340903282166
137 2938.75002 17561.512747049994 154479561.91588128 262.29238510131836
138 2938.75002 18763.675313099997 150981782.98098183 264.1750409603119
139 2938.75002 18468.454072199995 159826768.27286112 266.05970191955566
140 2938.75002 18806.987827099994 157247310.30166194 268.0017018318176
141 2938.75002 17779.020013299996 149364976.75747868 269.87355184555054
142 2938.75002 17436.955787549996 146828201.2078008 271.7323820590973
143 2938.75002 18699.140939249995 155616651.3079138 273.63426780700684
144 2938.75002 17952.528802649995 154014426.71043447 275.5084888935089
145 2938.75002 17157.242808299998 142823781.2407299 277.3570990562439
146 2938.75002 17222.293122049992 142469452.64124936 279.21130895614624
147 2938.75002 18437.328309049994 158761101.60781407 281.10541701316833
148 2938.75002 19800.521033499994 152652375.687277 283.015820980072
149 2938.75002 19442.085142449996 150061081.30869162 284.9107139110565
150 2938.75002 18752.085604099997 148731015.84032834 286.87441992759705
151 2938.75002 20008.171097199993 153493905.2723398 288.86191987991333
152 2938.75002 19118.554008599996 149442135.5313916 290.7779369354248
153 2938.75002 18749.979985199996 146857610.0477033 292.68615889549255
154 2938.75002 19471.956371099997 143274237.0677438 294.6104989051819
155 2938.75002 19081.018413799997 147250280.5586039 296.51945972442627
156 2938.75002 18764.668303299997 154592569.51266876 298.39221692085266
157 2938.75002 18166.416418699995 157833253.95328993 300.2571439743042
158 2938.75002 17404.047851449996 153302704.38093045 302.10026383399963
159 2938.75002 17966.151213399997 156469293.8646762 303.9626259803772
160 2938.75002 18301.10102015 158951580.42584804 305.8292169570923
161 2938.75002 17864.622121599998 153413327.0024458 307.6885139942169
162 2938.75002 17995.523558949997 142736090.2899761 309.55842995643616
163 2938.75002 18576.337588649996 148709978.84730345 311.43839383125305
164 2938.75002 17230.849655899998 153393454.60107914 313.2925748825073
165 2938.75002 17153.944977099996 152084335.58738586 315.1382930278778
166 2938.75002 18277.014520349996 145159650.3851244 317.01227593421936
167 2938.75002 18041.307638949995 144692992.26153827 318.88286113739014
168 2938.75002 17120.6818751 144326170.95228437 320.7260558605194
169 2938.75002 18672.447592399996 147932248.1410576 322.59387588500977
170 2938.75002 17518.899604949995 156750548.5258534 324.4503297805786
171 2938.75002 17190.298042049995 154742560.42685905 326.3126788139343
172 2938.75002 18679.429875099995 158589894.22504804 328.2122917175293
173 2938.75002 18804.974357749998 147293398.7474518 330.10330986976624
174 2938.75002 18947.145629849994 156925228.28632447 332.01799607276917
175 2938.75002 17079.385085599995 163403229.84845847 333.89622688293457
176 2938.75002 16505.24633245 145536388.3309436 335.7547860145569
177 2938.75002 16116.943495399993 161001604.35031548 337.5748429298401
178 2938.75002 15917.269682799997 135535964.11381397 339.42258191108704
179 2938.75002 16603.937394549997 139951818.5975402 341.281124830246
180 2938.75002 17125.21471075 144468303.76270092 343.1498818397522
181 2938.75002 17090.9479864 154201031.88463965 345.0156307220459
182 2938.75002 16874.285511199996 147249445.89300376 346.8736608028412
183 2938.75002 16780.951264149997 150561823.28893486 348.80258297920227
184 2938.75002 18244.717255599993 149640238.39003426 350.70001196861267
185 2938.75002 17755.494199399996 144583180.25730926 352.68230295181274
186 2938.75002 17078.958414349996 148044778.09573844 354.5642650127411
187 2938.75002 17894.298509149994 157647887.87902448 356.48471879959106
188 2938.75002 18791.828623349997 162736563.3843456 358.4276349544525
189 2938.75002 18037.908931249996 150410377.40698743 360.3375680446625
190 2938.75002 18636.466860149998 152174372.18692306 362.2496540546417
191 2938.75002 19276.811600399997 149136590.85381675 364.2302589416504
192 2938.75002 17529.4519505 161292350.66755724 366.1676528453827
193 2938.75002 18228.7233063 161264715.5097446 368.1246109008789
194 2938.75002 18073.544513449993 148636485.20485654 370.0853090286255
195 2938.75002 17302.534892399995 153541927.47417122 372.0106749534607
196 2938.75002 16646.061948999995 148528159.19121045 373.87892293930054
197 2938.75002 16015.145262949998 141288126.16463715 375.75578689575195
198 2938.75002 17510.005809649996 142509020.55158225 377.64776396751404
199 2938.75002 19453.468459549993 146284061.9620935 379.57689809799194
200 2938.75002 18731.580041349996 146137961.51512355 381.48720693588257
201 2938.75002 17205.242654649996 148393434.7556037 383.34985089302063
202 2938.75002 15622.948254549998 141027392.49297416 385.1866497993469
203 2938.75002 17599.241643499994 149026930.1717257 387.0692050457001
204 2938.75002 16822.847511199994 153290917.07542294 388.9182767868042
205 2938.75002 17019.024729799996 154850957.40425596 390.7852418422699
206 2938.75002 19128.694379449993 150176869.04087514 392.6977610588074
207 2938.75002 16985.093576649993 145494367.89367932 394.5514168739319
208 2938.75002 16826.469980249996 136508968.73899278 396.403865814209
209 2938.75002 16239.089452849998 134248268.57650715 398.2562999725342
210 2938.75002 17910.436038099997 137043099.51508686 400.1513547897339
211 2938.75002 18815.459848499995 140818035.28483906 402.06533789634705
212 2938.75002 18591.558847899996 142552617.89589986 403.97642970085144
213 2938.75002 17147.067543799996 149286183.85558563 405.84423184394836
214 2938.75002 17183.6632492 149245912.30191842 407.70754384994507
215 2938.75002 17581.952204699995 148113908.25906888 409.5712549686432
216 2938.75002 16896.656301249997 146767243.1823709 411.4331090450287
217 2938.75002 18095.788940649996 140154945.0026126 413.32618403434753
218 2938.75002 18179.598762899997 145017957.6432347 415.21731781959534
219 2938.75002 17244.741668399995 139247625.9886123 417.0765109062195
220 2938.75002 17676.268994849994 151868760.42637718 418.931116104126
221 2938.75002 17814.180459749998 144073248.21839523 420.8192038536072
222 2938.75002 17782.699691299993 148883025.7296751 422.67831087112427
223 2938.75002 17148.09997184999 149997398.306726 424.56529092788696
224 2938.75002 17492.015550999997 156754645.75518817 426.53835797309875
225 2938.75002 18261.479052299997 164617771.97487193 428.46218490600586
226 2938.75002 19333.5231755 157430098.0442526 430.36499404907227
227 2938.75002 17127.708265099995 143130632.4390098 432.2317659854889
228 2938.75002 16685.316679699998 146780466.28015584 434.0797619819641
229 2938.75002 18445.242393549994 156208065.15726924 435.9593789577484
230 2938.75002 18720.627929549995 156006353.11365724 437.8894829750061
231 2938.75002 17643.605893199994 149330200.46437082 439.77532291412354
232 2938.75002 17660.164992349994 150242425.81555194 441.64972496032715
233 2938.75002 17746.210448149995 162973590.69137838 443.5183050632477
234 2938.75002 16991.747913999996 150236728.38427502 445.3673448562622
235 2938.75002 15454.255201499998 127453938.68287815 447.20566391944885
236 2938.75002 16886.81799915 151417956.42695063 449.05982184410095
237 2938.75002 17241.226271399995 165714418.17915186 450.9299988746643
238 2938.75002 16500.330715099997 157114939.91441834 452.7742168903351
239 2938.75002 17268.333442549996 160004568.2742397 454.6385579109192
240 2938.75002 17007.273621799995 146391870.68336064 456.5421268939972
241 2938.75002 17355.975446499997 143526255.80354586 458.51402401924133
242 2938.75002 17935.243609399997 140773326.50427753 460.41402983665466
243 2938.75002 18194.267264849994 141613253.02987006 462.33688402175903
244 2938.75002 17748.326540549995 140145615.1382596 464.2728009223938
245 2938.75002 17931.564909249995 151019605.83862922 466.1915068626404
246 2938.75002 18260.952856899996 154062444.0780409 468.13094687461853
247 2938.75002 18150.527349599997 155899325.74884665 470.0377428531647
248 2938.75002 17146.724545149995 151732734.59644043 471.97415494918823
249 2938.75002 16968.910324249995 151710488.35021418 473.8699758052826
The optimum value should be 2938.75002

2938.75002 475.7992310523987

