INSTANCE: MP5

TOTAL GENERATION IS: 250

-------------------------------------------------------------------------------------------------------------------------

ROUND 1:
Generation, best, average, variance, time(s)
0 9223372036854775807 36512.96463335 7000419.03549879 1.5983080863952637
1 12280.082560000003 34510.63406425 12188930.450492661 4.207913398742676
2 6700.199750000001 29032.088051649993 65615840.77617359 6.455049276351929
3 4115.144180000002 25115.697410349996 103595011.86459829 8.566420078277588
4 3400.4017000000017 21709.68037094999 119763642.58698131 10.529743194580078
5 3160.47765 19629.628230549995 135467595.88654923 12.430886268615723
6 3160.47765 18493.806619249994 144879569.1506242 14.310840129852295
7 3160.47765 17884.659968099993 141162896.09849697 16.174652338027954
8 3160.47765 17575.636600349997 129254956.25945903 18.0350022315979
9 3160.47765 16466.638998349998 135004599.9876074 19.870330095291138
10 3160.47765 16759.939468749995 143753376.02892154 21.726725101470947
11 3160.47765 16913.295926149996 148888673.91452587 23.579411268234253
12 3160.47765 17139.719988549994 138851195.75455558 25.441115140914917
13 3160.47765 16902.476353249996 129434062.598729 27.281168222427368
14 3000.880759999998 17412.499865699996 140188276.64345995 29.14286208152771
15 3000.880759999998 17370.3358069 140077996.88719773 31.0072340965271
16 3000.880759999998 16640.416693199997 126968735.18227257 32.86169719696045
17 3000.880759999998 16735.035419849995 133126760.37392406 34.711090326309204
18 3000.880759999998 16494.150610699995 135125665.4163493 36.560307264328
19 3000.880759999998 16707.271656099994 134961355.87778997 38.40064311027527
20 2996.068689999999 16673.660961799993 141334225.61409822 40.23608708381653
21 2996.068689999999 16640.156715349996 146157035.19607913 42.074870109558105
22 2996.068689999999 17318.1989606 142403240.13975632 43.942832231521606
23 2996.068689999999 17400.377470649997 135844631.55252182 45.802258253097534
24 2996.068689999999 17568.519352249998 140210981.21747822 47.675209283828735
25 2996.068689999999 15705.756736649997 126620778.64781931 49.51147437095642
26 2996.068689999999 15140.637870499995 124343120.66465764 51.31775903701782
27 2996.068689999999 15392.076697549997 141271726.35682967 53.13509225845337
28 2996.068689999999 17005.878054649995 145534445.30109772 54.984281063079834
29 2996.068689999999 14766.504879499995 126268436.17426945 56.79396033287048
30 2996.068689999999 14817.584643799995 125603748.3982354 58.67385125160217
31 2996.068689999999 14554.563595349995 115777645.7505669 60.543689250946045
32 2996.068689999999 15675.954674899996 122116085.04672398 62.39112710952759
33 2996.068689999999 17369.873040749993 140368014.29617557 64.28732538223267
34 2996.068689999999 17230.766095699993 141500784.20639965 66.16944932937622
35 2996.068689999999 16199.785421449993 119076434.67611878 68.06085515022278
36 2996.068689999999 17529.082247 135891139.41441995 69.94323110580444
37 2996.068689999999 17645.366432099996 125848093.10772106 71.85553932189941
38 2996.068689999999 17257.012144749995 122342320.39140742 73.76593613624573
39 2996.068689999999 16685.909395099996 126550006.62589112 75.69390225410461
40 2996.068689999999 17260.644998699994 128402842.3649638 77.58711123466492
41 2996.068689999999 17155.737145449995 138600462.77265054 79.48300695419312
42 2996.068689999999 17758.344456149996 134587605.45679894 81.37774014472961
43 2996.068689999999 17700.377165649996 138047946.59231967 83.27471613883972
44 2996.068689999999 17344.478171849994 130010900.53767762 85.18393611907959
45 2996.068689999999 15941.903247799994 126649001.6700071 87.06290102005005
46 2996.068689999999 17050.564027549994 134578231.08101982 88.96794605255127
47 2996.068689999999 15873.038538649995 130376720.36804138 90.82539415359497
48 2996.068689999999 14536.300576849997 122212500.79658799 92.6682481765747
49 2996.068689999999 15664.299165399994 130559450.83259764 94.55251622200012
50 2996.068689999999 16655.776428849997 124028592.11226131 96.43334126472473
51 2996.068689999999 16656.000293349993 112751082.50298591 98.31590127944946
52 2996.068689999999 16210.731804299992 121734429.64463887 100.1739273071289
53 2996.068689999999 17076.841410349993 127094488.24542964 102.04594826698303
54 2974.981009999999 17542.578685299995 142398910.84387958 103.92205739021301
55 2974.981009999999 16978.294148099994 124820538.3756506 105.80533623695374
56 2974.981009999999 16080.823207049994 132131087.03039822 107.67130541801453
57 2974.981009999999 17310.752237849996 122487858.53355598 109.57310318946838
58 2974.981009999999 17642.664643349995 135877076.43247592 111.526358127594
59 2974.981009999999 16826.018612049997 130346434.51260868 113.42560839653015
60 2974.981009999999 17702.209409949995 125277489.97943565 115.40390515327454
61 2974.981009999999 18354.464712849996 133013212.71269439 117.34482216835022
62 2974.981009999999 17674.040527349993 145802984.2090165 119.33765721321106
63 2974.981009999999 16969.672077249994 132679348.11069252 121.30727028846741
64 2974.981009999999 17266.688618799995 126242538.2359757 123.23848605155945
65 2974.981009999999 17256.363231799995 143086426.16267478 125.18243622779846
66 2932.3311099999983 18259.388139499995 151571013.20663238 127.10774612426758
67 2932.3311099999983 17127.022880249995 139527139.13960007 129.0007302761078
68 2932.3311099999983 16802.088421599998 149858371.41901338 130.888170003891
69 2932.3311099999983 16979.4400053 142546976.90659678 132.79324221611023
70 2932.3311099999983 15546.307496299998 127382271.76374513 134.7108302116394
71 2932.3311099999983 15851.174150199997 130825571.98430122 136.57722520828247
72 2932.3311099999983 15712.352440449997 120870985.82392299 138.46760320663452
73 2932.3311099999983 15042.926516849997 117397562.32470982 140.32407402992249
74 2932.3311099999983 15334.621743899996 136738361.80606553 142.20909810066223
75 2932.3311099999983 15904.674873799999 144117199.58166984 144.0934751033783
76 2932.3311099999983 16906.6815086 157354473.0508972 146.0059893131256
77 2932.3311099999983 16072.36636205 140492639.40410054 147.87992024421692
78 2932.3311099999983 15856.647171099996 136904629.29571703 149.78508114814758
79 2932.3311099999983 16018.764438099995 125759609.64732322 151.6851770877838
80 2932.3311099999983 15800.980787499997 122504582.48460646 153.55809116363525
81 2932.3311099999983 17213.830601549995 142970508.66420895 155.47376322746277
82 2932.3311099999983 16912.209972449997 140546628.03269166 157.37917017936707
83 2932.3311099999983 17373.352677449995 131787638.58764888 159.29407835006714
84 2932.3311099999983 17811.104379099997 143730632.76354036 161.19763827323914
85 2932.3311099999983 18206.379338149996 143371827.3151098 163.12610816955566
86 2932.3311099999983 17518.337208049998 146764865.0315074 165.0432322025299
87 2932.3311099999983 17512.505065199995 146172839.74742368 166.9440951347351
88 2932.3311099999983 17386.701093349995 145909605.28595126 168.82702326774597
89 2932.3311099999983 17196.093125999996 148267734.69400454 170.71326899528503
90 2932.3311099999983 17494.20510515 144844956.4923763 172.60746121406555
91 2932.3311099999983 17333.0913189 137390889.64255148 174.49727320671082
92 2932.3311099999983 17563.930846499996 141703849.64868322 176.3947651386261
93 2932.3311099999983 17045.4408695 141392009.67137447 178.2796652317047
94 2932.3311099999983 16588.7212228 133637140.17632668 180.16704940795898
95 2932.3311099999983 14439.134573349997 129592803.13394907 181.9905722141266
96 2932.3311099999983 16289.865864499996 137060672.08678615 183.85774111747742
97 2932.3311099999983 15377.808698049997 122570450.93613613 185.703271150589
98 2932.3311099999983 15960.483613699997 119361671.9255088 187.5680832862854
99 2932.3311099999983 15980.392417649995 113111922.0808912 189.4251503944397
100 2932.3311099999983 15809.046969699997 126973919.27701999 191.28102231025696
101 2932.3311099999983 17408.872951549994 137121804.24179575 193.17529439926147
102 2932.3311099999983 17634.666709249992 140353257.81965095 195.06962323188782
103 2932.3311099999983 16377.222703599997 137058294.67002976 196.9330871105194
104 2932.3311099999983 16807.322006299997 135163787.0179998 198.8156292438507
105 2932.3311099999983 17050.937828549995 132812468.0394952 200.69509315490723
106 2932.3311099999983 16785.871637299995 136108663.12625894 202.58009338378906
107 2932.3311099999983 16502.486458749998 136076574.44456708 204.45528435707092
108 2932.3311099999983 15595.135206149998 131165057.35284238 206.30965304374695
109 2932.3311099999983 15440.430216799998 131557638.21310785 208.1536672115326
110 2932.3311099999983 16686.681856599997 132235657.31199999 210.03946805000305
111 2932.3311099999983 16931.764410549993 130156249.5301365 211.9485001564026
112 2932.3311099999983 16685.905255649996 147165372.24940822 213.82495427131653
113 2932.3311099999983 16261.001087449993 139301544.03331554 215.69051909446716
114 2932.3311099999983 15826.671133699994 131266408.22804967 217.54194021224976
115 2932.3311099999983 16066.746978899995 140091213.31111863 219.39913320541382
116 2932.3311099999983 16571.386743799994 128912407.51178259 221.28218007087708
117 2932.3311099999983 17044.083024299995 139362918.75331905 223.17002129554749
118 2932.3311099999983 17503.149669299997 136147083.44613028 225.05824422836304
119 2932.3311099999983 17626.321912649997 143496652.60436502 226.94946932792664
120 2932.3311099999983 17271.324321349995 138167280.82565206 228.83073115348816
121 2932.3311099999983 16115.567892999998 127169741.95494476 230.6872320175171
122 2932.3311099999983 17191.294178549997 126627030.52751015 232.57625317573547
123 2932.3311099999983 16629.867307599998 130974867.90634586 234.44869232177734
124 2932.3311099999983 17021.857860149998 135061374.8499421 236.32732224464417
125 2932.3311099999983 18485.275947449994 142319304.79850078 238.23159217834473
126 2932.3311099999983 18261.202802149997 143266165.92290336 240.1304030418396
127 2932.3311099999983 17358.719003399998 140046051.47867554 242.01550912857056
128 2932.3311099999983 15837.071153949997 141228575.20593506 243.8547613620758
129 2932.3311099999983 15266.955802799994 131860023.11149529 245.69488835334778
130 2932.3311099999983 15414.039778249995 117062669.8820887 247.54406714439392
131 2932.3311099999983 15648.030719249997 122687095.10891719 249.38866519927979
132 2932.3311099999983 14661.808644549996 121686819.2583004 251.21555614471436
133 2932.3311099999983 15771.112789049996 131460582.25264454 253.06343913078308
134 2932.3311099999983 17201.2562839 126504673.82858166 254.95817112922668
135 2932.3311099999983 16777.823270899997 129992939.5180559 256.8314161300659
136 2932.3311099999983 16956.798005999997 143617914.48846915 258.69468426704407
137 2932.3311099999983 17613.739910549997 147743736.09025496 260.5838191509247
138 2932.3311099999983 17218.081181149995 142812608.97950515 262.46203327178955
139 2932.3311099999983 17652.946643149993 145194813.2813412 264.34460711479187
140 2932.3311099999983 17022.431396999993 144988164.14961064 266.214839220047
141 2932.3311099999983 16628.757749249995 133138590.08983907 268.081609249115
142 2932.3311099999983 17061.493214649996 135801627.4319293 269.95831322669983
143 2932.3311099999983 17144.223736599997 141393500.64086762 271.8287453651428
144 2932.3311099999983 18224.02686919999 143080296.4086119 273.73515915870667
145 2932.3311099999983 17036.282248799995 134593653.29688203 275.6050193309784
146 2932.3311099999983 17223.902405599994 136900593.87916425 277.48406410217285
147 2932.3311099999983 18109.811166149997 145104668.92314938 279.3817071914673
148 2932.3311099999983 17311.337242749996 121354464.98686394 281.26675724983215
149 2932.3311099999983 17269.164352049997 118896046.93961915 283.1495780944824
150 2932.3311099999983 17160.765217149998 123328714.48352234 285.0278661251068
151 2932.3311099999983 16286.870405349997 130210185.0207849 286.88047909736633
152 2932.3311099999983 16363.979192499995 130780727.4918642 288.7372782230377
153 2932.3311099999983 16966.938455699994 141045057.08624405 290.60722732543945
154 2932.3311099999983 17516.468613899997 140262440.0232247 292.49390625953674
155 2932.3311099999983 16458.795757699998 120420803.5437494 294.3545169830322
156 2932.3311099999983 16720.272580199995 133100499.77248177 296.22248220443726
157 2932.3311099999983 15917.805989699997 134303316.94842532 298.06790232658386
158 2932.3311099999983 14809.638071749998 113323288.35831383 299.901251077652
159 2932.3311099999983 15988.092884649997 129290362.67720787 301.75872921943665
160 2932.3311099999983 17678.0094348 140880235.1078407 303.6452600955963
161 2932.3311099999983 18240.966714799997 136320361.1095095 305.5534551143646
162 2932.3311099999983 18650.359290849996 139465422.81798333 307.4658041000366
163 2932.3311099999983 17407.12919235 145336420.0956056 309.35207509994507
164 2932.3311099999983 16812.925929899997 139747109.3456417 311.2285351753235
165 2932.3311099999983 16567.21530285 133477549.31004386 313.1003363132477
166 2932.3311099999983 16602.799789849996 132723768.17850399 314.96152424812317
167 2932.3311099999983 17402.754123599996 136636618.5037396 316.83973932266235
168 2932.3311099999983 16938.884158549994 132179323.12016304 318.71618723869324
169 2932.3311099999983 17346.278275349996 135434401.2641202 320.5919122695923
170 2932.3311099999983 16841.073198999995 130552647.9538292 322.4763481616974
171 2932.3311099999983 17431.662099549998 133297953.98632947 324.3586962223053
172 2932.3311099999983 16560.147636399997 129694403.3582423 326.22387504577637
173 2932.3311099999983 17399.10686715 148837945.17969102 328.1095521450043
174 2932.3311099999983 17008.234482899996 146626745.02042848 329.9822430610657
175 2932.3311099999983 17820.533088099997 148584813.7830308 331.8727390766144
176 2932.3311099999983 17655.58773655 134413730.4929682 333.75935912132263
177 2932.3311099999983 16486.835672249996 126077598.3069535 335.61895418167114
178 2932.3311099999983 17516.92103605 135868792.03812253 337.50182914733887
179 2932.3311099999983 17674.20415885 138364017.40406606 339.3883230686188
180 2932.3311099999983 16580.575634349996 135558987.83071497 341.25225496292114
181 2932.3311099999983 17045.7666468 138523820.25125268 343.13899517059326
182 2932.3311099999983 18732.967929199996 139374198.78394234 345.05070209503174
183 2932.3311099999983 19339.785609099996 156364653.53618646 346.97920417785645
184 2932.3311099999983 18492.427143399997 139307570.6224098 348.89587020874023
185 2932.3311099999983 17940.332475649997 140131904.89055255 350.801390171051
186 2932.3311099999983 17208.063144699998 137078576.29908735 352.67764711380005
187 2932.3311099999983 17634.812833099997 128988066.85475753 354.5611572265625
188 2932.3311099999983 17591.56834915 131660711.06997116 356.44092631340027
189 2932.3311099999983 15980.460891499999 123340472.22148685 358.29251527786255
190 2932.3311099999983 17544.357076 139318193.97142 360.185396194458
191 2932.3311099999983 16312.2144115 134069796.220047 362.04150128364563
192 2932.3311099999983 17675.962803799994 137767769.8929318 363.93753600120544
193 2932.3311099999983 18234.126132499994 143566767.94736466 365.85218620300293
194 2932.3311099999983 17326.235279849996 138842234.98084128 367.7444531917572
195 2932.3311099999983 17488.359866349994 137104173.00284708 369.631294965744
196 2932.3311099999983 16717.628611649998 139903422.72159272 371.5054671764374
197 2932.3311099999983 16821.451201599994 136653511.60017568 373.37491512298584
198 2932.3311099999983 17326.719351799995 137325149.26926434 375.26188707351685
199 2932.3311099999983 17649.149703949995 136703451.86722445 377.1507840156555
200 2932.3311099999983 16424.862185799997 129233339.40461123 379.01357316970825
201 2932.3311099999983 16923.09707755 128078384.34825379 380.88774514198303
202 2932.3311099999983 17502.172047449996 132799351.14919597 382.7711350917816
203 2932.3311099999983 18487.811755049996 135484708.5388722 384.69474935531616
204 2932.3311099999983 18288.334785599996 140351367.89935133 386.5965759754181
205 2932.3311099999983 16996.891678799995 148676884.32913336 388.4649221897125
206 2932.3311099999983 16501.292800599997 133084060.70575564 390.31920099258423
207 2932.3311099999983 16177.167087899996 129695586.72516544 392.1734173297882
208 2932.3311099999983 16440.222362449997 136646957.92780373 394.03401017189026
209 2932.3311099999983 18145.202601199995 139505688.98671576 395.93094301223755
210 2932.3311099999983 17074.326993849994 141025984.8565575 397.80192732810974
211 2932.3311099999983 17521.523716199998 139815084.81468034 399.6835262775421
212 2932.3311099999983 17836.668998299996 137668050.64615074 401.5851502418518
213 2932.3311099999983 18580.192166349992 141020506.7299139 403.5047402381897
214 2932.3311099999983 17709.476335249994 131980567.38254349 405.4043321609497
215 2932.3311099999983 16737.250214599997 142920446.76542968 407.26880407333374
216 2932.3311099999983 16217.709506349996 133175876.0898828 409.1386549472809
217 2932.3311099999983 15391.271923799999 119948311.97674294 410.98141527175903
218 2932.3311099999983 16045.206983349995 130243503.91851474 412.8300223350525
219 2932.3311099999983 17580.732082349994 132989987.92515835 414.71496319770813
220 2932.3311099999983 18280.217855599993 143606718.34082112 416.63101530075073
221 2932.3311099999983 17646.951350399995 149163831.04460427 418.56118512153625
222 2932.3311099999983 17766.323125449995 141749207.54517886 420.52566504478455
223 2932.3311099999983 17080.68544595 140462441.21165237 422.4924862384796
224 2932.3311099999983 16560.703758649997 129511765.82990894 424.3724021911621
225 2932.3311099999983 17243.719439499997 131870163.44824526 426.3079812526703
226 2932.3311099999983 16978.344393199997 130838841.27369972 428.1761803627014
227 2932.3311099999983 16992.386690499996 130098351.77428955 430.0603382587433
228 2932.3311099999983 16047.746757549998 128865120.38143219 431.94587802886963
229 2932.3311099999983 16761.486843799994 121277174.94141588 433.8356831073761
230 2932.3311099999983 16519.644353249998 134798353.74492756 435.70823407173157
231 2932.3311099999983 17464.727399949996 130569919.45572497 437.61957240104675
232 2932.3311099999983 16551.73088185 127832096.64985351 439.47958397865295
233 2932.3311099999983 16747.594120099995 130616649.14188406 441.33585929870605
234 2932.3311099999983 16218.921926299994 126984106.121208 443.21188831329346
235 2932.3311099999983 15789.438753299995 137195754.16540176 445.0571982860565
236 2932.3311099999983 14297.526438499997 125466596.63436761 446.86660718917847
237 2932.3311099999983 16220.911426999997 144618403.9263173 448.72798013687134
238 2932.3311099999983 16273.919874199997 131098795.79178867 450.5914752483368
239 2932.3311099999983 17169.21785415 128723398.76043454 452.49472737312317
240 2932.3311099999983 17519.843100899998 132212305.04812522 454.39727997779846
241 2932.3311099999983 17289.443100499993 132369239.27518448 456.3079333305359
242 2932.3311099999983 16268.289262399994 143457599.44118914 458.2098801136017
243 2932.3311099999983 16958.915815099997 144909252.06951773 460.13634419441223
244 2932.3311099999983 17838.773699499994 139339848.6764556 462.05493211746216
245 2932.3311099999983 17349.007300499994 132714842.26124863 463.95900225639343
246 2932.3311099999983 17177.344988899993 137077767.24435762 465.84575629234314
247 2932.3311099999983 16734.271186499995 130626549.33440769 467.7144682407379
248 2932.3311099999983 17013.269995349994 146646620.79829428 469.583443403244
249 2932.3311099999983 16942.257459849996 142423529.50471956 471.4493010044098
The optimum value should be 2932.33111

2932.3311099999983 473.3158872127533

-------------------------------------------------------------------------------------------------------------------------

ROUND 2:
Generation, best, average, variance, time(s)
0 9223372036854775807 36865.309386099994 5950498.621020964 1.5800070762634277
1 10006.85564999999 35019.962035 9703377.766353464 4.161551237106323
2 5529.376950000001 28997.651695799996 87281206.12953426 6.38198709487915
3 3352.1818799999983 24902.512703649994 127685039.0491884 8.418056964874268
4 3352.1818799999983 20598.732370899994 142396638.74829486 10.337872982025146
5 3279.198920000001 19696.088832199996 149807814.57893923 12.233025074005127
6 3279.198920000001 19851.15477139999 139987643.64694554 14.13764500617981
7 3054.384169999999 18750.068763099993 143176526.09488297 16.02002787590027
8 3009.9520099999986 18935.270038599992 152865537.20670146 17.906094074249268
9 3009.9520099999986 18253.358662499995 141452041.55637515 19.784188985824585
10 2943.4763199999984 18110.438274399992 134346600.8760806 21.66456913948059
11 2943.4763199999984 18444.068670349996 149296384.23650265 23.55425214767456
12 2943.4763199999984 17054.517431399992 146960262.06007123 25.418339014053345
13 2943.4763199999984 16308.845329199994 130892819.71936737 27.26375102996826
14 2943.4763199999984 17367.776157699995 123783074.69376975 29.12109899520874
15 2943.4681699999983 16227.223357399995 134715894.2104484 30.955463886260986
16 2943.4681699999983 15896.214806399996 134149237.37596469 32.80189394950867
17 2943.4681699999983 16749.265104949995 130386443.23366551 34.69886112213135
18 2943.4681699999983 16701.879857349995 127521479.8232503 36.601102113723755
19 2943.4681699999983 17557.766011649994 137337084.49395317 38.49140405654907
20 2943.4681699999983 18306.568840849992 144073370.19533893 40.41865801811218
21 2943.4681699999983 16944.050231349993 133394047.32451332 42.322261095047
22 2943.4681699999983 16656.908094899998 138332504.35575762 44.212069272994995
23 2943.4681699999983 16933.475299999995 131778963.86495227 46.08521914482117
24 2943.4681699999983 17123.905249549993 128749613.11353618 48.017911195755005
25 2943.4681699999983 17113.215386099993 126441725.88007213 49.911827087402344
26 2943.4681699999983 16970.592625949994 123365462.68917236 51.789061069488525
27 2943.4681699999983 17160.967977299995 136165718.7007306 53.751956939697266
28 2943.4681699999983 18304.990847349996 138757895.86229217 55.6686270236969
29 2943.4681699999983 17853.261438799993 134113014.17108555 57.55167603492737
30 2943.4681699999983 16902.706516799997 145318832.56437787 59.439002990722656
31 2943.4681699999983 16625.326401899998 132901247.05376984 61.29898023605347
32 2943.4681699999983 16221.043497349992 131663064.42691937 63.13229489326477
33 2943.4681699999983 16469.640750749993 121132885.87734495 64.97734093666077
34 2943.4681699999983 17414.056886399994 128966706.42985176 66.84300589561462
35 2943.4681699999983 17118.825627699996 146357767.878567 68.69725489616394
36 2943.4681699999983 16601.25429255 135779318.4163585 70.53870010375977
37 2943.4681699999983 17487.568672899994 146640609.7152473 72.39897513389587
38 2943.4681699999983 17473.268410149994 127162631.78234586 74.26434111595154
39 2943.4681699999983 18023.185717599994 141438599.3238178 76.14371109008789
40 2943.4681699999983 16543.009573149997 144508731.4554016 78.004390001297
41 2943.4681699999983 16542.161170099997 142037606.57489768 79.88424801826477
42 2943.4681699999983 16438.47571664999 136587395.38035983 81.76065683364868
43 2943.4681699999983 14876.403198899998 121179375.92653969 83.59493613243103
44 2943.4681699999983 15695.952025099996 142284297.6869941 85.44743299484253
45 2943.4681699999983 15439.957616849995 121140091.1429325 87.27329993247986
46 2943.4681699999983 17104.132640049993 130310988.2293969 89.12388110160828
47 2943.4681699999983 16781.263881699993 145406477.99984044 90.9799108505249
48 2943.4681699999983 16911.729904049993 134444966.35232309 92.83284521102905
49 2943.4681699999983 16109.953989999998 147918722.21375903 94.70186114311218
50 2943.4681699999983 16971.950660799997 138098154.18719643 96.56859397888184
51 2943.4681699999983 16502.566760599995 147657165.53399155 98.41458702087402
52 2943.4681699999983 16454.142838649997 137350441.0190019 100.26485514640808
53 2943.4681699999983 16110.487770099997 129810932.94117069 102.09606719017029
54 2943.4681699999983 16618.573396899996 123557751.82706916 103.97743797302246
55 2943.4681699999983 16707.87359725 118097803.99557312 105.90233302116394
56 2943.4681699999983 16013.682331699996 129860841.81938279 107.75239205360413
57 2943.4681699999983 16396.785815299998 133944917.1545003 109.59919309616089
58 2943.4681699999983 16839.544652299996 142386235.74711865 111.46632289886475
59 2943.4681699999983 17596.097414499996 141772570.22273126 113.3323142528534
60 2943.4681699999983 18333.223659449995 146485661.89988846 115.21432495117188
61 2943.4681699999983 18747.120813199996 156022049.76736972 117.09413599967957
62 2943.4681699999983 17891.008014299994 149052770.06019065 118.96351599693298
63 2943.4681699999983 18038.89308154999 146147089.95525435 120.85371494293213
64 2943.4681699999983 17560.304351399995 150852432.1652951 122.72448801994324
65 2943.4681699999983 16884.059827349996 150241197.97455162 124.58689594268799
66 2943.4681699999983 16609.280847149996 145893174.62264103 126.44740414619446
67 2943.4681699999983 16454.243425499993 146922288.38429347 128.29555296897888
68 2943.4681699999983 15291.645606799993 130895773.12031853 130.13568902015686
69 2943.4681699999983 15566.585990499994 128773444.77734497 131.96523714065552
70 2943.4681699999983 16905.962354699997 145477272.8010308 133.807461977005
71 2943.4681699999983 16559.333411749998 139247369.75160047 135.64689683914185
72 2943.4681699999983 16848.730660349996 142330181.29880074 137.48401618003845
73 2943.4681699999983 16488.367235599995 139376337.0240295 139.35467219352722
74 2943.4681699999983 17635.335339099995 133936627.58547336 141.22280597686768
75 2943.4681699999983 17445.234281799992 132772629.77367191 143.09908199310303
76 2943.4681699999983 16370.213686949995 135452894.4828988 144.98803091049194
77 2943.4681699999983 16074.608873749994 136863421.42749456 146.81834197044373
78 2943.4681699999983 17221.489335449995 142975250.42480472 148.67044520378113
79 2943.4681699999983 18046.869068099997 144588325.15208474 150.53904104232788
80 2943.4681699999983 17402.438360399996 136426786.6627658 152.40146803855896
81 2943.4681699999983 17633.122706 140700622.76556626 154.25261211395264
82 2943.4681699999983 16965.692414299996 135712447.80800578 156.09273505210876
83 2943.4681699999983 16566.915608049996 137728210.86259955 157.92296409606934
84 2943.4681699999983 17045.734932349995 133083737.96333012 159.7622721195221
85 2943.4681699999983 16409.838769999995 140413491.22139212 161.5749020576477
86 2943.4681699999983 16438.5826336 141276665.6887666 163.40905094146729
87 2943.4681699999983 16151.969957499998 144505525.37320447 165.23920702934265
88 2943.4681699999983 16893.093482949993 136364573.31369817 167.09855914115906
89 2943.4681699999983 16680.298254549998 134657206.6190318 168.9644181728363
90 2943.4681699999983 16942.307516449997 132369355.05265053 170.82105493545532
91 2943.4681699999983 17824.896841899994 138676056.01943368 172.70680904388428
92 2943.4681699999983 17304.09154534999 146750448.60268664 174.58494114875793
93 2943.4681699999983 17669.902255099994 145911565.33087626 176.47996497154236
94 2943.4681699999983 18760.601519249994 152816911.55061248 178.3887050151825
95 2943.4681699999983 18637.126810649996 137792212.189237 180.29004907608032
96 2943.4681699999983 18074.564667499995 130724212.45188016 182.1925539970398
97 2943.4681699999983 18007.197013599998 144347452.52670893 184.10042023658752
98 2943.4681699999983 17810.78274045 147508950.61537883 185.97611284255981
99 2943.4681699999983 17214.635577899997 148531040.05264238 187.86437892913818
100 2943.4681699999983 17638.780830749994 145260989.12242857 189.7652289867401
101 2943.4681699999983 17410.493211699995 141597881.08819476 191.6490330696106
102 2943.4681699999983 17521.872686899995 150350866.87238583 193.52236223220825
103 2943.4681699999983 17910.967138049993 136130641.6316013 195.4086410999298
104 2943.4681699999983 17858.658827749998 136033078.82705086 197.32483792304993
105 2943.4681699999983 16359.284256699995 147939707.7069272 199.1971299648285
106 2943.4681699999983 17597.688631249996 148882721.96820447 201.06576800346375
107 2943.4681699999983 17891.711529599997 156851695.09341958 202.99020385742188
108 2943.4681699999983 17903.453170549998 152466896.36606368 204.8828558921814
109 2943.4681699999983 16016.151753199996 144764271.93642408 206.82969307899475
110 2943.4681699999983 17446.265329249996 153233432.55321205 208.75751209259033
111 2943.4681699999983 17870.249074149997 158262368.18928647 210.65423798561096
112 2943.4681699999983 17981.100413399996 141912177.4652104 212.52950310707092
113 2943.4681699999983 17938.852718049995 133939913.63440491 214.41363787651062
114 2943.4681699999983 17498.493161299997 145425346.5186278 216.28599190711975
115 2943.4681699999983 18005.274431099995 134120349.74532379 218.16668605804443
116 2943.4681699999983 18490.651076549995 140730121.67094314 220.0728530883789
117 2943.4681699999983 17912.676014249995 143566245.7838328 222.03279900550842
118 2943.4681699999983 18134.712957699994 146667352.34227216 223.91357803344727
119 2943.4681699999983 17050.9153624 142581256.96339187 225.76295614242554
120 2943.4681699999983 17236.682288699998 149506130.70299217 227.62070989608765
121 2943.4681699999983 18213.121427249996 143568053.6126353 229.51686191558838
122 2943.4681699999983 18278.516787999997 148207449.33349818 231.41278219223022
123 2943.4681699999983 17552.52541625 151022556.5943279 233.29614305496216
124 2943.4681699999983 18847.684587799995 147468699.38973695 235.2114360332489
125 2943.4681699999983 18328.562673649994 145870000.84473982 237.10414505004883
126 2943.4681699999983 17026.749135449998 133405666.94997983 238.97272300720215
127 2943.4681699999983 18912.410720049997 140038863.1435057 240.8745710849762
128 2943.4681699999983 18868.228847499995 130087022.58727272 242.7757740020752
129 2943.4681699999983 18119.512329149995 131745354.75070304 244.67967796325684
130 2943.4681699999983 19622.066768549998 141292004.02988002 246.6155080795288
131 2943.4681699999983 17624.172153449996 156194249.2661712 248.48976802825928
132 2943.4681699999983 17851.100701899995 151542505.54805854 250.38265800476074
133 2943.4681699999983 17985.112359949995 148964121.63062015 252.26738786697388
134 2943.4681699999983 17638.797970349995 146540367.9334795 254.13951206207275
135 2943.4681699999983 16538.066963299996 146530022.52660233 255.99329805374146
136 2943.4681699999983 17291.464848549993 151742828.6130001 257.8636779785156
137 2943.4681699999983 17115.080176949996 141815955.74011156 259.74395298957825
138 2943.4681699999983 17010.555228999994 145274155.50520813 261.6087350845337
139 2943.4681699999983 18105.451280899997 153424082.64910957 263.485285282135
140 2943.4681699999983 17150.62224819999 147071758.83089295 265.337641954422
141 2943.4681699999983 17331.745504849994 133545845.87082538 267.21344208717346
142 2943.4681699999983 16246.823372149996 131117600.64003773 269.07747316360474
143 2943.4681699999983 16739.879738949992 147212052.59490585 270.9330999851227
144 2943.4681699999983 17227.796168499997 153273225.44532338 272.79912185668945
145 2943.4681699999983 17532.197040999996 149115436.69982728 274.6674630641937
146 2943.4681699999983 17404.067996249996 158616630.1875813 276.5422568321228
147 2943.4681699999983 17597.180465299996 149461091.70312917 278.435672044754
148 2943.4681699999983 17441.138802199996 145421087.26010898 280.3083770275116
149 2943.4681699999983 17566.067654 148550317.01083487 282.1783571243286
150 2943.4681699999983 17653.571242849994 139185990.4409146 284.0355861186981
151 2943.4681699999983 17209.750841949997 129701831.62989049 285.889093875885
152 2943.4681699999983 18680.248648199995 150617320.7392094 287.7668821811676
153 2943.4681699999983 18600.273308699998 138342164.72957286 289.6617500782013
154 2943.4681699999983 18666.100193899994 133534097.45855398 291.55868697166443
155 2943.4681699999983 18209.326555949996 130461135.14133665 293.436861038208
156 2943.4681699999983 17897.640439099996 142154374.0366256 295.29828000068665
157 2932.3311099999983 16862.677848099996 133896573.29143736 297.14195108413696
158 2932.3311099999983 16428.529234999998 134902280.2291148 298.9593880176544
159 2932.3311099999983 17350.305038 125009297.17683525 300.82048511505127
160 2932.3311099999983 17001.96033655 134998946.8983034 302.666228055954
161 2932.3311099999983 16411.371557899995 137800643.1712482 304.4825029373169
162 2932.3311099999983 16230.752584149996 142613474.5915819 306.30916714668274
163 2932.3311099999983 17063.689802849996 151525492.90497226 308.1537358760834
164 2932.3311099999983 17443.85247485 132421651.03373414 310.02658200263977
165 2932.3311099999983 17861.475181799993 145997491.18248826 311.89814925193787
166 2932.3311099999983 17332.254912349992 144039988.86065888 313.78165006637573
167 2932.3311099999983 16097.102302949994 138810346.83880633 315.63114285469055
168 2932.3311099999983 16908.589689499997 138425811.34336856 317.50778698921204
169 2932.3311099999983 17309.305062199994 140351359.44508767 319.4042019844055
170 2932.3311099999983 18437.725665599995 152169347.57294923 321.3056240081787
171 2932.3311099999983 17998.777917699994 144895512.07301158 323.20176100730896
172 2932.3311099999983 16980.022235249995 139187468.19713172 325.05229806900024
173 2932.3311099999983 17229.255572449994 149105926.0517784 326.9139120578766
174 2932.3311099999983 18086.959611149996 134382304.4540123 328.80084204673767
175 2932.3311099999983 17091.349049049993 134676225.8057798 330.6772532463074
176 2932.3311099999983 16639.373354899995 130667780.70542772 332.51611709594727
177 2932.3311099999983 17199.077968249996 127862533.9454002 334.37987899780273
178 2932.3311099999983 17757.958999149996 139887962.34127238 336.254518032074
179 2932.3311099999983 17977.080753149996 144689020.14808995 338.1413240432739
180 2932.3311099999983 17053.698216799996 134286826.30351812 339.98243713378906
181 2932.3311099999983 16999.911830549998 136888556.24204502 341.8245482444763
182 2932.3311099999983 16400.163654349995 128201574.45763212 343.66838097572327
183 2932.3311099999983 16270.006058849995 130120187.01657122 345.4990289211273
184 2932.3311099999983 16335.918199899996 126547726.24306177 347.3438560962677
185 2932.3311099999983 16690.812344749993 125785028.63034521 349.21725606918335
186 2932.3311099999983 16085.411337699998 138692260.78662187 351.07290506362915
187 2932.3311099999983 16138.541988149995 132606999.05878747 352.8902678489685
188 2932.3311099999983 16520.471479549993 141263302.51408005 354.75492811203003
189 2932.3311099999983 16942.764691649998 130887110.51087956 356.6073269844055
190 2932.3311099999983 17425.668122799994 144510891.19607294 358.4751250743866
191 2932.3311099999983 15825.609453799996 137606155.54685473 360.3180019855499
192 2932.3311099999983 16300.822398799997 134144141.56451853 362.1754970550537
193 2932.3311099999983 15940.311199099997 139393862.49653274 364.0308768749237
194 2932.3311099999983 17885.969895399994 135431993.17362714 365.90384697914124
195 2932.3311099999983 17356.956228399995 152254183.32900274 367.74893403053284
196 2932.3311099999983 16881.298105699996 130295672.48884673 369.626993894577
197 2932.3311099999983 16330.242061049994 131709884.64018337 371.48436093330383
198 2932.3311099999983 15925.969812049996 133163459.18602686 373.32666182518005
199 2932.3311099999983 17324.828508349998 139528103.8228469 375.20723509788513
200 2932.3311099999983 16091.41391525 135119999.93571016 377.0337998867035
201 2932.3311099999983 16692.702868049997 136406839.4875396 378.8858540058136
202 2932.3311099999983 16281.761487099997 135132684.12905613 380.74724888801575
203 2932.3311099999983 17252.195538899992 130671801.15194663 382.61322808265686
204 2932.3311099999983 16934.392888349994 136557458.1333246 384.4906339645386
205 2932.3311099999983 16492.475977299997 137996299.2397607 386.3457040786743
206 2932.3311099999983 16638.072730149994 145698211.867775 388.21841406822205
207 2932.3311099999983 16896.205520849995 140287951.17739785 390.0776388645172
208 2932.3311099999983 17690.935703549996 145194407.86461413 391.95159816741943
209 2932.3311099999983 18489.164516249995 161196472.39238307 393.8686640262604
210 2932.3311099999983 17712.178618449998 147632004.804307 395.77319717407227
211 2932.3311099999983 17099.930766049994 153612408.7931673 397.6707720756531
212 2932.3311099999983 17862.202002449994 159725390.30970255 399.55306601524353
213 2932.3311099999983 18361.102863349995 153906360.84657285 401.456316947937
214 2932.3311099999983 18348.642849299995 151696283.9113883 403.4134211540222
215 2932.3311099999983 17280.189236799997 144272347.46918157 405.3208770751953
216 2932.3311099999983 17102.720258899997 143679441.55532998 407.1999261379242
217 2932.3311099999983 16553.863141999995 136028447.329348 409.0706629753113
218 2932.3311099999983 17317.714142849996 140370774.73177454 410.9524049758911
219 2932.3311099999983 18716.975794299993 140542018.96337068 412.90203499794006
220 2932.3311099999983 19267.950044299992 147952950.7015077 414.82180404663086
221 2932.3311099999983 17990.436272099992 146381226.7791212 416.7185230255127
222 2932.3311099999983 17974.135130649996 134633163.97477895 418.6614191532135
223 2932.3311099999983 18808.199320599997 136470961.23757756 420.60467410087585
224 2932.3311099999983 17903.925300249994 132119347.57200532 422.5314619541168
225 2932.3311099999983 17650.137646849995 136131340.680254 424.44884991645813
226 2932.3311099999983 17865.1310149 147759557.27220768 426.33195900917053
227 2932.3311099999983 16343.68014545 137278359.26786068 428.21590209007263
228 2932.3311099999983 17563.416187049996 140704420.47836772 430.1112451553345
229 2932.3311099999983 16673.9174459 146100783.81347996 431.99769616127014
230 2932.3311099999983 15355.939511699999 135034907.06398198 433.84667706489563
231 2932.3311099999983 16772.802932349994 139150520.10859454 435.7300329208374
232 2932.3311099999983 17039.096373449996 144115985.7566613 437.6322720050812
233 2932.3311099999983 17510.080872399994 140270137.31285125 439.54198813438416
234 2932.3311099999983 16164.719578249997 138709210.80351233 441.41234517097473
235 2932.3311099999983 16461.670101749998 127582229.66348827 443.3258020877838
236 2932.3311099999983 16974.484833599996 125138955.46033724 445.2142331600189
237 2932.3311099999983 17849.028895399995 129879395.95500918 447.11733198165894
238 2932.3311099999983 18641.198584249993 139811346.24534947 449.04683017730713
239 2932.3311099999983 20144.619647899992 140920881.26022184 450.9946970939636
240 2932.3311099999983 18822.795517049995 138682646.21540105 452.94334602355957
241 2932.3311099999983 18177.844535049997 147334392.41042814 454.8502399921417
242 2932.3311099999983 16692.361327249993 136015590.8039701 456.7247109413147
243 2932.3311099999983 16650.389974049995 131058955.80493683 458.682226896286
244 2932.3311099999983 16539.766778749996 141385039.05269504 460.5572979450226
245 2932.3311099999983 16656.482382099995 132962392.27985203 462.42256689071655
246 2932.3311099999983 15280.131927199996 122822126.31121022 464.26975893974304
247 2932.3311099999983 17609.438892649996 134391367.19464192 466.1526279449463
248 2932.3311099999983 17137.844057849994 141939750.18028829 468.03860783576965
249 2932.3311099999983 17444.131749799995 138258508.99109545 469.90862107276917
The optimum value should be 2932.33111

2932.3311099999983 471.77628803253174

-------------------------------------------------------------------------------------------------------------------------

ROUND 3:
Generation, best, average, variance, time(s)
0 9223372036854775807 36602.52659254999 7026747.126188721 1.5691289901733398
1 12502.41624 34808.14872639999 10327279.830009548 4.167728900909424
2 6340.738419999996 29584.55770974999 66868622.20721673 6.457032918930054
3 4524.851139999999 24671.75598219999 107198225.16069753 8.559842109680176
4 3125.8030000000012 21430.592044749996 129804962.44619861 10.528795957565308
5 3125.8030000000012 18617.441460399998 123712685.5017271 12.470106840133667
6 3125.8030000000012 18606.817723049997 123478594.65154487 14.412003993988037
7 3097.326609999997 19281.170584949996 127473740.2193037 16.359971046447754
8 3097.326609999997 19797.836112349996 133993340.76912464 18.30257296562195
9 3022.5560699999965 18910.696421449993 134232812.41967082 20.247015953063965
10 3022.5560699999965 18513.200607299994 143789710.74667084 22.175415992736816
11 3016.586539999999 18867.503189649993 146221571.69784686 24.106526851654053
12 2975.4057599999996 17874.943247149993 139920437.01192012 26.028947830200195
13 2975.4057599999996 17611.845654699995 134095460.01684959 27.950671195983887
14 2975.4057599999996 17109.899454349994 134104494.63127401 29.85048007965088
15 2975.4057599999996 17236.709831749995 143868572.18357348 31.73332715034485
16 2975.4057599999996 16646.307541199996 137873686.82399562 33.595783948898315
17 2964.9062299999987 17744.774525849996 143150878.73220456 35.49043893814087
18 2947.632619999998 17600.822529949994 135505371.4913184 37.412370920181274
19 2947.632619999998 16731.971170199995 145202640.60203248 39.286064863204956
20 2947.632619999998 16965.095685399996 134572657.3552363 41.176912784576416
21 2947.632619999998 17042.835684749996 144788446.97986868 43.09634208679199
22 2947.632619999998 16036.841822149996 137990819.9522037 44.99787902832031
23 2947.632619999998 17109.549324249994 148606895.7618253 46.88744807243347
24 2947.632619999998 17352.901833699998 152114713.74092162 48.792486906051636
25 2947.632619999998 18544.526538699996 148630807.52701586 50.780263900756836
26 2936.942929999998 17303.146489149993 134505557.89126053 52.69381809234619
27 2936.942929999998 17419.582836949994 121049727.8420307 54.59799289703369
28 2936.942929999998 16369.968736099996 123016775.41889907 56.47189497947693
29 2936.942929999998 15790.302513349998 125411585.05310556 58.35158920288086
30 2936.942929999998 15675.411205049995 124712835.9853675 60.206737995147705
31 2936.942929999998 16529.709137349993 136277826.28293988 62.107258796691895
32 2936.942929999998 16553.598203699992 135370401.33784324 64.00981879234314
33 2936.942929999998 16741.122805749997 137157172.9867949 65.89652514457703
34 2936.942929999998 16357.769064699996 137438614.26314393 67.79593801498413
35 2936.942929999998 17292.820996049995 147661965.53135407 69.70067501068115
36 2936.942929999998 16082.528439949992 136678485.6840045 71.5730848312378
37 2936.942929999998 15115.176083299997 122834946.43299101 73.4179699420929
38 2936.942929999998 15668.786862649995 132734359.35932426 75.27569508552551
39 2936.942929999998 16447.687373649995 135935174.004438 77.1502959728241
40 2936.942929999998 16558.866159099995 150434071.9809395 79.03800916671753
41 2936.942929999998 16838.5470181 148287788.84676304 80.93177008628845
42 2936.942929999998 16458.724981599997 142079052.29499057 82.83658504486084
43 2936.942929999998 17407.515425749996 132940345.07317738 84.73252606391907
44 2936.942929999998 17924.820028649992 144381739.6610945 86.64604210853577
45 2936.942929999998 17998.866485199997 145307251.8267074 88.5704300403595
46 2936.942929999998 17241.333893349994 142731601.3113253 90.47625184059143
47 2936.942929999998 18262.763729699993 139667755.8305334 92.39951419830322
48 2936.942929999998 19552.289949999995 147805886.41088328 94.35386180877686
49 2936.942929999998 17745.714542899994 136123287.292195 96.25895977020264
50 2936.942929999998 18372.205818549995 137371125.3601454 98.1773419380188
51 2936.942929999998 17165.140506199994 136570609.08924678 100.08167815208435
52 2936.942929999998 16605.800593799995 123843329.42292704 101.95729303359985
53 2936.942929999998 16966.269025849997 146257143.49583408 103.84178304672241
54 2936.942929999998 16597.089225849995 141536619.17181462 105.73778796195984
55 2936.942929999998 17414.619124549994 142868225.1490613 107.67171597480774
56 2936.942929999998 16676.075247849993 153065618.41282544 109.55952000617981
57 2936.942929999998 16717.082450449994 132750326.86983638 111.44323778152466
58 2936.942929999998 17353.849900749996 138503887.45539108 113.351802110672
59 2936.942929999998 17299.969596149997 138751148.89544907 115.27167201042175
60 2936.942929999998 19231.040198099996 144716814.2411691 117.20455288887024
61 2936.942929999998 19050.708096199993 138716934.9972166 119.12382316589355
62 2936.942929999998 18799.504563099992 127960227.56200394 121.04625415802002
63 2936.942929999998 17294.697859649994 146695236.76600957 122.94178295135498
64 2936.942929999998 17554.389277849998 148036063.92190787 124.83138108253479
65 2936.942929999998 17180.848474849998 148734933.496755 126.70721983909607
66 2936.942929999998 17118.726915999996 144858679.95799595 128.6086549758911
67 2936.942929999998 18377.046964249992 148434044.8909914 130.543781042099
68 2936.942929999998 17811.001877849994 136656685.01066455 132.46745896339417
69 2936.942929999998 18091.106775399996 131199890.89124802 134.3752179145813
70 2936.942929999998 16744.782324899992 134122963.80530229 136.25356602668762
71 2936.942929999998 15851.535224899999 130977226.76365218 138.1228129863739
72 2936.942929999998 16751.132264549997 134161873.23938097 140.01018595695496
73 2936.942929999998 16586.468515949993 144351025.8281421 141.88323497772217
74 2936.942929999998 16745.023967449994 152914117.8271276 143.76040697097778
75 2936.942929999998 15991.933477699995 144894455.9759444 145.63126802444458
76 2936.942929999998 16910.045458499997 148032675.4202948 147.51258182525635
77 2936.942929999998 16373.925131499995 142226668.12337273 149.40899205207825
78 2936.942929999998 16390.417947399998 149347308.6214423 151.29056310653687
79 2936.942929999998 17126.095059649997 140411204.41477853 153.22751784324646
80 2936.942929999998 16979.99483609999 139668276.68387604 155.12218284606934
81 2936.942929999998 17998.347277199995 146032788.69849163 157.0583291053772
82 2936.942929999998 17266.110490349998 138613182.17842612 158.97519993782043
83 2936.942929999998 18210.658158499995 145129507.04809943 160.90069103240967
84 2936.942929999998 17527.285725999995 141904619.12402686 162.9146749973297
85 2936.942929999998 16729.40185724999 138814095.1968036 164.81904792785645
86 2936.942929999998 17560.010046849995 137508928.25596535 166.73151993751526
87 2936.942929999998 17734.679205649994 130708871.70067567 168.6550750732422
88 2936.942929999998 17649.946477299993 143878969.30285963 170.6180489063263
89 2936.942929999998 17429.163123499995 134099921.10247932 172.6274790763855
90 2936.942929999998 18010.256387949994 146280455.3300724 174.5788700580597
91 2936.942929999998 17754.106853349997 149261568.90184808 176.4904329776764
92 2936.942929999998 17166.867573649994 148529532.65959948 178.38742184638977
93 2936.942929999998 17701.582881249997 149199669.27494898 180.30299592018127
94 2936.942929999998 17701.599841599997 138163383.3587634 182.22262811660767
95 2936.942929999998 17387.300220549994 139385189.71940362 184.12538290023804
96 2936.942929999998 17597.354150249994 137036782.81200436 186.0379319190979
97 2936.942929999998 16820.371619749996 142468064.179518 187.93220710754395
98 2936.942929999998 15663.093148799995 125803992.72804923 189.80436301231384
99 2936.942929999998 15586.785217749995 120624033.1771803 191.66429591178894
100 2936.942929999998 16001.362832749996 129516304.31100444 193.53610277175903
101 2936.942929999998 16763.574053749995 130991662.1643852 195.43981313705444
102 2936.942929999998 17092.17805764999 133195383.65210211 197.340665102005
103 2936.942929999998 17430.265150649993 133485891.60490678 199.27637696266174
104 2936.942929999998 16882.453173049995 130813098.90767166 201.1821141242981
105 2936.942929999998 17037.978734499993 135753434.63290817 203.0823678970337
106 2936.942929999998 16259.023218649994 126517949.32003312 204.97565698623657
107 2936.942929999998 17622.731502349998 136151688.28315315 206.89436888694763
108 2936.942929999998 17328.612204999998 150057026.6059296 208.80523014068604
109 2936.942929999998 17797.789445449995 145783233.8458852 210.73616099357605
110 2936.942929999998 17326.231193899996 146531289.3653051 212.66765999794006
111 2936.942929999998 17071.151993549996 128920623.23077078 214.56994795799255
112 2936.942929999998 16751.268398949993 135124471.35385752 216.45380997657776
113 2936.942929999998 15910.326841899994 119337152.28156172 218.31588196754456
114 2936.942929999998 15028.355583349992 118878117.0367906 220.1768410205841
115 2936.942929999998 15308.159146899996 121588205.55356507 222.0768918991089
116 2936.942929999998 16409.147785799996 123971205.34232052 223.94936180114746
117 2936.942929999998 14533.184453549993 120707536.86405769 225.7804958820343
118 2936.942929999998 17337.635206599996 139929341.8465774 227.68411993980408
119 2936.942929999998 17116.094201049993 142705349.7183166 229.63648200035095
120 2936.942929999998 16655.633257799993 147116563.55956239 231.52355980873108
121 2936.942929999998 16847.721584449995 146832458.7162701 233.42520403862
122 2936.942929999998 17421.614106149995 146605135.96378314 235.3396008014679
123 2936.942929999998 18166.692559 141614998.3181543 237.25913381576538
124 2936.942929999998 17761.239234049994 135549832.57683614 239.1860740184784
125 2936.942929999998 17997.619989649993 138786723.23691574 241.09042096138
126 2936.942929999998 16633.033508599998 138191903.56843072 243.01796507835388
127 2936.942929999998 16016.800713149994 133163673.35470106 244.88941097259521
128 2936.942929999998 16438.678760749994 144496116.91386932 246.7786180973053
129 2936.942929999998 17855.336704099995 144641215.39905939 248.69697999954224
130 2936.942929999998 18264.419570049995 131612027.41784866 250.61959290504456
131 2936.942929999998 17071.582645149996 139616497.494847 252.52744603157043
132 2936.942929999998 17376.645353849995 144307790.94189435 254.4262809753418
133 2936.942929999998 16733.125684199997 138797733.47197855 256.3531677722931
134 2936.942929999998 17292.802980049997 137259256.83884966 258.26518201828003
135 2936.942929999998 16511.281565699996 146768988.29953423 260.1470379829407
136 2936.942929999998 16508.682937299996 133590872.65560502 262.0427780151367
137 2936.942929999998 17608.041349049992 149636273.7311147 263.9516570568085
138 2936.942929999998 17080.049794299994 141859572.57123286 265.850084066391
139 2936.942929999998 17079.754273449995 143106749.29006383 267.76258301734924
140 2936.942929999998 16088.921528649997 137732470.8465994 269.621435880661
141 2936.942929999998 17621.74814739999 134857463.62549716 271.5270929336548
142 2936.942929999998 16979.172867599995 133953780.29589649 273.4104800224304
143 2936.942929999998 17331.075961549996 135210024.67137277 275.29884219169617
144 2936.942929999998 16915.785293999994 138983816.7232383 277.18971395492554
145 2936.942929999998 17536.747752199994 148702248.81820896 279.1016619205475
146 2936.942929999998 17484.081781199995 144254552.91357738 281.00983595848083
147 2936.942929999998 17936.192122799996 129773973.57376622 282.9052369594574
148 2936.942929999998 16686.40581695 135358026.43806666 284.7904498577118
149 2936.942929999998 15961.014657999998 128200885.64765187 286.6589970588684
150 2936.942929999998 15709.844445249997 128235952.74324185 288.5273640155792
151 2936.942929999998 15183.056482499996 122232344.76207495 290.3905668258667
152 2936.942929999998 16610.664265849995 135152682.89155716 292.2760818004608
153 2936.942929999998 18647.331716799996 145279140.7376535 294.2164888381958
154 2936.942929999998 17795.930046049998 138789217.69850713 296.13508892059326
155 2936.942929999998 17793.024078299994 141541558.73401928 298.06375908851624
156 2936.942929999998 18190.593788149996 143206925.96155754 299.9954319000244
157 2936.942929999998 17088.690110849995 124576227.55673534 301.8904139995575
158 2936.942929999998 16075.030615499993 134298904.3038607 303.76941990852356
159 2936.942929999998 16560.614790949992 141495651.08022386 305.65183687210083
160 2936.942929999998 16232.037644749997 146610228.8149741 307.53213381767273
161 2936.942929999998 16380.263805049995 138709236.34335026 309.42618703842163
162 2936.942929999998 17677.907508949993 143715151.3141364 311.41887402534485
163 2936.942929999998 17329.036386799995 145106183.13291806 313.3148419857025
164 2936.942929999998 17108.931078249992 138625205.69812143 315.1971158981323
165 2936.942929999998 17175.908462599997 132249783.59778872 317.0905818939209
166 2936.942929999998 17474.629128649995 140651961.79760087 318.984219789505
167 2936.942929999998 16448.285663399998 139868358.5368787 320.85202407836914
168 2936.942929999998 18239.336943499995 133473526.6655125 322.77264404296875
169 2936.942929999998 18282.108992299993 144545310.07111695 324.68610191345215
170 2936.942929999998 17491.129498599996 148930612.81886318 326.62625002861023
171 2936.942929999998 18225.954422599996 155094611.59485963 328.5628468990326
172 2936.942929999998 18689.071921349998 149394640.22635895 330.52798318862915
173 2936.942929999998 18914.672114549994 142709090.8536054 332.4939570426941
174 2936.942929999998 17466.377728699994 136034657.74363866 334.3975839614868
175 2936.942929999998 16313.741401399993 140412926.00336894 336.2951579093933
176 2936.942929999998 17383.313804749996 151602017.69859263 338.2278730869293
177 2936.942929999998 17211.027021599995 133043931.8028488 340.13555884361267
178 2936.942929999998 17698.947275399994 127147040.44663176 342.0580909252167
179 2936.942929999998 18837.357378999994 144264492.20448163 344.0078430175781
180 2936.942929999998 18501.684045149996 142742993.99490944 345.98709201812744
181 2936.942929999998 17198.403947299994 133335297.44127269 347.9325370788574
182 2936.942929999998 17524.121697699997 151461626.72241825 349.8333170413971
183 2936.942929999998 18018.324921449992 145314480.20074752 351.75210905075073
184 2936.942929999998 16791.162353599997 140457657.91917473 353.655394077301
185 2936.942929999998 17707.841686149994 139557236.10279137 355.607213973999
186 2936.942929999998 16674.03999705 133991492.51318161 357.4945149421692
187 2936.942929999998 16340.602323349998 122773794.07290082 359.38089299201965
188 2936.942929999998 14767.261717849999 128730262.60061702 361.23280096054077
189 2936.942929999998 15955.772231949995 145124845.777925 363.1090979576111
190 2936.942929999998 16941.722642299996 135407209.80477852 365.00105690956116
191 2936.942929999998 17206.753445899998 130836867.69739905 366.8983359336853
192 2936.942929999998 17839.089864249996 143086616.61942914 368.80433678627014
193 2936.942929999998 17287.600058549997 150868593.02504817 370.7007329463959
194 2936.942929999998 16115.882312399994 138753664.77853167 372.56593108177185
195 2936.942929999998 15126.754119949997 139858330.42468563 374.4108211994171
196 2936.942929999998 16493.292765899994 143777736.8244964 376.2908310890198
197 2936.942929999998 16083.703158649992 145330155.7373381 378.15456891059875
198 2936.942929999998 16662.649566249995 132783195.1898069 380.0491578578949
199 2936.942929999998 16887.791202299995 140057355.30275124 381.94123220443726
200 2936.942929999998 17509.718809199996 149109116.3878442 383.8426458835602
201 2936.942929999998 17444.524387899997 150579045.5369156 385.75474405288696
202 2936.942929999998 16929.674631599995 133754867.32352729 387.6854248046875
203 2936.942929999998 17211.490963799995 124784425.4568974 389.58383798599243
204 2936.942929999998 16983.858570599998 124270840.29684955 391.4820499420166
205 2936.942929999998 17225.404885749995 127615565.26481716 393.4046940803528
206 2936.942929999998 17926.724917499996 135182342.4642519 395.3178539276123
207 2936.942929999998 18158.166361899996 131372656.20926128 397.23479080200195
208 2936.942929999998 17745.610801299998 140394333.05197656 399.15499997138977
209 2936.942929999998 18002.651237249993 138713450.40766725 401.069011926651
210 2936.942929999998 18270.752604849997 139607372.1100753 402.98759293556213
211 2936.942929999998 17838.233040699997 136141903.914888 404.8982219696045
212 2936.942929999998 17643.960340949994 143834401.6782938 406.81007409095764
213 2936.942929999998 17760.023648349994 138663916.2268653 408.71754789352417
214 2936.942929999998 17339.558689699996 141966390.2371434 410.62067890167236
215 2936.942929999998 18100.331938499992 138758995.7451668 412.54529881477356
216 2936.942929999998 18226.567358249995 136652890.10027725 414.4816379547119
217 2936.942929999998 18078.036178749997 141241675.61944264 416.405179977417
218 2936.942929999998 18521.751825999996 136010676.85459632 418.33931708335876
219 2936.942929999998 18411.298649499993 137957194.89866984 420.2724039554596
220 2936.942929999998 16928.460119449996 138291263.87962642 422.18449997901917
221 2936.942929999998 16904.707236999995 135613955.17090288 424.08214592933655
222 2936.942929999998 17170.399981749993 129628801.4703134 425.98099088668823
223 2936.942929999998 16241.958687499995 135492877.42757553 427.85189390182495
224 2936.942929999998 16411.136707449994 143939806.92304096 429.73524594306946
225 2936.942929999998 16711.047736449997 127253169.8020203 431.62577986717224
226 2936.942929999998 18281.53204339999 133839381.70853892 433.5468521118164
227 2936.942929999998 17942.946902149994 133790303.17472172 435.4569399356842
228 2936.942929999998 17656.84517739999 129193913.67057103 437.3618440628052
229 2936.942929999998 17351.031643299997 140218247.11036596 439.2917220592499
230 2936.942929999998 17753.671914049995 144592249.34499204 441.2300658226013
231 2936.942929999998 18432.032576199992 140717524.98548594 443.16668581962585
232 2936.942929999998 19017.940131999996 145812336.40663102 445.11705017089844
233 2936.942929999998 17690.039945749995 135995199.09034112 447.0156319141388
234 2936.942929999998 17488.596982249994 136993502.24246028 448.91376304626465
235 2936.942929999998 17371.2694059 131027244.61601365 450.81433606147766
236 2936.942929999998 16941.071271449997 133611791.17045696 452.6945610046387
237 2936.942929999998 17403.303725149995 125964538.39996152 454.5928499698639
238 2936.942929999998 17177.124027149996 125998799.04228176 456.50077199935913
239 2936.942929999998 16860.276240299994 124431560.47742519 458.39668703079224
240 2936.942929999998 16788.202253499996 130454261.36159098 460.3068289756775
241 2936.942929999998 15081.735389499998 135940839.01986644 462.16031885147095
242 2936.942929999998 16488.077126099997 130029747.9281083 464.04418206214905
243 2936.942929999998 16928.636995749996 130748856.20458727 465.93602895736694
244 2936.942929999998 17632.956154499996 142376650.3888054 467.8426671028137
245 2936.942929999998 18054.339264399998 156036124.58520117 469.76877903938293
246 2936.942929999998 17895.13777049999 151048124.85796148 471.6847779750824
247 2936.942929999998 17032.255369199993 135564349.29178253 473.58448004722595
248 2936.942929999998 16932.080540949995 137754577.95551732 475.51533794403076
249 2936.942929999998 15676.754261449996 133371743.06791012 477.404748916626
The optimum value should be 2932.33111

2936.942929999998 479.28979992866516

