INSTANCE: MQ1

TOTAL GENERATION IS: 250

-------------------------------------------------------------------------------------------------------------------------

ROUND 1:
Generation, best, average, variance, time(s)
0 66429.00636 77798.24655716667 21113093.31616488 0.028641939163208008
1 25201.20121 74948.25116173334 35563876.23091249 0.07248497009277344
2 11074.328819999999 61824.94507176668 317833253.94642663 0.10581111907958984
3 6950.057239999999 49525.35485406667 538040725.4597957 0.13401103019714355
4 4929.10687 38207.33914653333 564298907.6563649 0.15747594833374023
5 4616.45399 28407.30120636667 481915195.1848225 0.17784690856933594
6 4274.14388 22126.181803433334 382651099.4819929 0.19660186767578125
7 4274.14388 17495.293971166666 304458557.52442527 0.21413803100585938
8 4257.28111 14211.076766799999 243501037.18979076 0.2310340404510498
9 4136.05767 11880.4966716 188216126.27419052 0.2469339370727539
10 4136.05767 10075.971372500002 142278350.7444816 0.2632479667663574
11 4136.05767 8522.5297801 101007553.53354105 0.2795989513397217
12 4136.05767 7516.312316533334 67650143.53220159 0.29498791694641113
13 4136.05767 6778.887148933334 57474289.79612592 0.3097259998321533
14 4136.05767 6109.565264233333 41243155.48913851 0.3237478733062744
15 4136.05767 5665.6038463 34283186.058258355 0.3375730514526367
16 4136.05767 5288.898814566667 27555384.704881027 0.35140204429626465
17 4136.05767 4996.400181000002 17098539.431963254 0.36487793922424316
18 4136.05767 4839.679497600001 15320634.43849063 0.3784780502319336
19 4136.05767 4600.987568466668 8909257.889742017 0.3920459747314453
20 4091.00946 4551.160437933334 7755210.808469862 0.4052870273590088
21 4091.00946 4524.848976200001 7723069.370138848 0.41870975494384766
22 4091.00946 4452.426409 5848157.444582876 0.4330258369445801
23 4091.00946 4390.8204828 5197908.950840498 0.4472160339355469
24 4091.00946 4349.132601900001 4989234.307650214 0.460864782333374
25 4091.00946 4337.6399286666665 4954275.800121634 0.4745790958404541
26 4091.00946 4259.927692100001 1863379.24114632 0.4880950450897217
27 4091.00946 4235.0425498 1343406.311431571 0.5016980171203613
28 4091.00946 4215.630406133334 933720.8112647334 0.5158438682556152
29 4091.00946 4207.976641233334 945374.3928578392 0.5313811302185059
30 4091.00946 4176.216992366666 472590.94718308677 0.5459921360015869
31 4091.00946 4168.297895333334 469396.6638330951 0.5611820220947266
32 4091.00946 4170.9391699 473480.38764664927 0.5760049819946289
33 4091.00946 4147.6611473 194786.38405771376 0.5902810096740723
34 4091.00946 4124.3476943000005 43542.83440342422 0.6048200130462646
35 4091.00946 4125.608659200001 37619.0887386634 0.618772029876709
36 4091.00946 4122.208121 36792.285239273224 0.6328840255737305
37 4091.00946 4120.3259597 34580.0141174646 0.6468157768249512
38 4091.00946 4121.570518833334 35236.45094721191 0.6606659889221191
39 4091.00946 4122.071399166666 35704.08306724477 0.675091028213501
40 4091.00946 4115.3599680666675 33666.121991802094 0.6897900104522705
41 4091.00946 4116.388511333334 34120.78494789544 0.7038381099700928
42 4091.00946 4103.605433900001 3153.1803238473676 0.7186899185180664
43 4091.00946 4104.841862233334 3805.595601608587 0.7333929538726807
44 4091.00946 4108.800882033333 5328.695317169707 0.7475008964538574
45 4091.00946 4110.740279733333 5694.335897572947 0.7613809108734131
46 4091.00946 4108.830762933334 5222.343562519362 0.7753701210021973
47 4091.00946 4108.5386876 4933.400868232188 0.7888422012329102
48 4091.00946 4105.849299899999 4477.176088973096 0.8027589321136475
49 4091.00946 4108.757942566666 5311.370425120354 0.816540002822876
50 4091.00946 4106.030521033334 4623.72808426264 0.8304040431976318
51 4091.00946 4107.292246533333 4665.203675861253 0.8436141014099121
52 4091.00946 4104.906597933333 3969.167951977626 0.8571009635925293
53 4091.00946 4109.4402365999995 7232.171305848786 0.8708498477935791
54 4091.00946 4112.220930133333 7343.842548615675 0.8845269680023193
55 4091.00946 4101.248874033333 2935.042981644508 0.8981668949127197
56 4091.00946 4101.722265633333 3154.85744244487 0.9117839336395264
57 4091.00946 4103.099361833334 3697.800225336938 0.92545485496521
58 4091.00946 4101.668345133333 2925.353539090746 0.9391560554504395
59 4091.00946 4101.0874509000005 2487.9658858869216 0.9527080059051514
60 4091.00946 4108.186933433332 4750.983854031987 0.9664769172668457
61 4091.00946 4110.150722366667 6131.126213003312 0.9801559448242188
62 4091.00946 4114.337075700001 9767.610344791208 0.9938058853149414
63 4091.00946 4114.7653189 9108.852513704922 1.0072510242462158
64 4091.00946 4112.982624033333 7838.436104081167 1.0211291313171387
65 4091.00946 4115.358753033333 9613.697967923643 1.0347609519958496
66 4091.00946 4111.601905366667 8818.243405465293 1.04852294921875
67 4091.00946 4108.484549533334 5109.875500668413 1.0625360012054443
68 4091.00946 4107.462521266667 4982.447310250411 1.0761370658874512
69 4091.00946 4110.1800766666665 6143.580118196901 1.0897510051727295
70 4091.00946 4113.7098925 7689.962246546441 1.103360891342163
71 4091.00946 4113.972711833334 7816.831608656539 1.1166980266571045
72 4091.00946 4107.627778066667 6036.10449999749 1.129870891571045
73 4091.00946 4112.137358333333 7867.512653641908 1.1436169147491455
74 4091.00946 4109.600991 5099.192599396335 1.1568989753723145
75 4091.00946 4103.8506763333335 3576.542065662153 1.170300006866455
76 4091.00946 4103.383133700001 3423.431327583523 1.1841950416564941
77 4091.00946 4106.015594566667 4129.469219828181 1.197693109512329
78 4091.00946 4110.583449166667 5886.381536913775 1.2108659744262695
79 4091.00946 4110.866660233334 6558.826035406736 1.2244341373443604
80 4091.00946 4106.713332200001 4715.521510189781 1.239013910293579
81 4091.00946 4109.658554633333 6600.531426127026 1.2534937858581543
82 4091.00946 4110.1582572 7387.073252552451 1.2680869102478027
83 4091.00946 4108.1763178 6569.7636162819135 1.282377004623413
84 4091.00946 4110.5608995 5587.519099608179 1.2964088916778564
85 4091.00946 4107.5250802 5467.440704563341 1.3103420734405518
86 4091.00946 4110.323880633333 6294.794351013893 1.3236429691314697
87 4091.00946 4109.744873900001 6096.561432692659 1.337066888809204
88 4091.00946 4110.285114 6100.182634690702 1.3506579399108887
89 4091.00946 4108.648675066667 5537.736242789225 1.3645029067993164
90 4091.00946 4115.306929366667 9470.44613263666 1.3781788349151611
91 4091.00946 4109.3533418333345 7286.520533807014 1.392143964767456
92 4091.00946 4116.581957833334 8706.770167062214 1.4060518741607666
93 4091.00946 4108.222279733333 5840.43599784092 1.4200859069824219
94 4091.00946 4099.588616833333 1959.1942140685464 1.4340550899505615
95 4091.00946 4105.407892933334 3515.007710797194 1.4477100372314453
96 4091.00946 4108.6922109 4814.837191232731 1.4612371921539307
97 4091.00946 4106.528414366667 4747.710689640957 1.47507905960083
98 4091.00946 4107.559815600001 5096.558383071415 1.488586187362671
99 4091.00946 4108.2361889 5149.887743249638 1.501941204071045
100 4091.00946 4109.371596566667 5910.340371266047 1.5160069465637207
101 4091.00946 4114.9646716 6998.208533277058 1.5298020839691162
102 4091.00946 4108.6696555 5773.805721832229 1.5443501472473145
103 4091.00946 4112.5594243 7001.044015847117 1.5586779117584229
104 4091.00946 4108.026855533333 5926.892051595126 1.5730278491973877
105 4091.00946 4106.623060166667 4556.068671524416 1.5873548984527588
106 4091.00946 4110.621577 5979.97426042538 1.6018059253692627
107 4091.00946 4112.793264633333 7281.186723799889 1.6161129474639893
108 4091.00946 4103.944106066667 4047.474517489904 1.6300809383392334
109 4091.00946 4106.516751633333 4638.852651017149 1.6442899703979492
110 4091.00946 4106.535913133334 4618.375189685469 1.6579501628875732
111 4091.00946 4109.579033766667 5861.058744744064 1.6714799404144287
112 4091.00946 4107.133229499999 4517.472163363718 1.6851680278778076
113 4091.00946 4107.066076766667 4188.07831808654 1.698606014251709
114 4091.00946 4110.003136133333 5388.777235984486 1.7130520343780518
115 4091.00946 4102.915449533334 3107.45573988623 1.7270009517669678
116 4091.00946 4103.507165366666 3870.3068095563335 1.7411558628082275
117 4091.00946 4103.3887588 4000.6745087119416 1.7550828456878662
118 4091.00946 4104.3226556 4707.3292023428385 1.768829107284546
119 4091.00946 4108.494915666666 5757.3415672034325 1.7823200225830078
120 4091.00946 4113.108971233333 6537.71912745676 1.7957370281219482
121 4091.00946 4107.372393800001 4788.277377303319 1.809567928314209
122 4091.00946 4112.1885843 6164.660754497611 1.8231220245361328
123 4091.00946 4111.735548600001 6457.6876419584405 1.8365111351013184
124 4091.00946 4103.0839801 4224.126529177266 1.8500959873199463
125 4091.00946 4107.991385433334 5576.812244319304 1.8637349605560303
126 4091.00946 4107.723819400001 4231.834479815819 1.877013921737671
127 4091.00946 4107.0795218 4231.073279202487 1.8905198574066162
128 4091.00946 4106.8292111 4849.444262634587 1.9038629531860352
129 4091.00946 4106.049553066666 4468.559837369728 1.9173409938812256
130 4091.00946 4107.8162133333335 4946.938938032674 1.9310948848724365
131 4091.00946 4105.2319583 4093.579623820804 1.944746971130371
132 4091.00946 4108.516113466666 5127.570115730272 1.9582958221435547
133 4091.00946 4107.7985808 4833.543638415503 1.9720468521118164
134 4091.00946 4107.4047864 4567.313664450767 1.9856338500976562
135 4091.00946 4110.2279541 6041.919895647748 1.9989619255065918
136 4091.00946 4109.978930066667 6029.55861483762 2.0129308700561523
137 4091.00946 4112.076308966667 5778.671281706426 2.026763916015625
138 4091.00946 4107.579243000001 5376.344302169568 2.040724992752075
139 4091.00946 4111.918613700001 6111.967739109501 2.055001974105835
140 4091.00946 4108.617677766667 5567.594378510683 2.0692169666290283
141 4091.00946 4107.0088223 4860.8415875769315 2.0827438831329346
142 4091.00946 4108.932000033333 5229.565646338324 2.0963659286499023
143 4091.00946 4105.726019966667 3868.6313783190244 2.1099958419799805
144 4091.00946 4099.465207266667 2115.8552198041943 2.123274087905884
145 4091.00946 4099.034516166666 1562.9680518478515 2.1368699073791504
146 4091.00946 4107.923139166667 5054.4165540191125 2.150714874267578
147 4091.00946 4105.599533933334 4435.468167886795 2.1641860008239746
148 4091.00946 4106.498757 4857.300373338928 2.1778149604797363
149 4091.00946 4110.423136766668 6509.449426255976 2.1912951469421387
150 4091.00946 4105.2829102999995 4433.877203591266 2.204639196395874
151 4091.00946 4111.355773733333 7539.838724733262 2.218240976333618
152 4091.00946 4112.2967714 8417.564306809105 2.2315189838409424
153 4091.00946 4110.252392 6021.3886781814645 2.24530291557312
154 4091.00946 4107.135606733334 4458.630243040461 2.259492874145508
155 4091.00946 4105.102824866667 3888.924348744946 2.2737109661102295
156 4091.00946 4105.058333666667 3546.1584883587875 2.2876131534576416
157 4091.00946 4105.020829366667 4444.279488261347 2.3018131256103516
158 4091.00946 4109.062155933334 5558.098460727671 2.315317153930664
159 4091.00946 4109.416235266667 5641.583784555313 2.3290741443634033
160 4091.00946 4110.2701524 5830.663830826553 2.3428430557250977
161 4091.00946 4106.637957766667 4827.911684842962 2.3565011024475098
162 4091.00946 4112.396855666667 6191.945010847826 2.370216131210327
163 4091.00946 4112.511844166667 7559.533229307613 2.384265184402466
164 4091.00946 4112.132622866667 7161.264153855077 2.397874116897583
165 4091.00946 4106.139547866666 4815.158769202616 2.4117300510406494
166 4091.00946 4105.1182723 4266.087931138275 2.4253909587860107
167 4091.00946 4102.528343766667 2785.5969645498585 2.438920021057129
168 4091.00946 4101.464420533333 2959.621052912414 2.4522740840911865
169 4091.00946 4105.983379833334 5064.2237006642035 2.465718984603882
170 4091.00946 4108.572351933333 5891.075639453349 2.4795501232147217
171 4091.00946 4105.338391733334 5155.611578192425 2.493098020553589
172 4091.00946 4106.227235566666 4756.147275042082 2.506749153137207
173 4091.00946 4104.7531361 3498.2917242130156 2.5207769870758057
174 4091.00946 4103.0432928 3243.4043850808425 2.5353360176086426
175 4091.00946 4104.406597366667 3907.856623423354 2.5501301288604736
176 4091.00946 4109.6158566 4857.369973265843 2.5643038749694824
177 4091.00946 4104.920527766667 4623.5473350885995 2.5781099796295166
178 4091.00946 4103.9973603 3462.5493133848686 2.5921409130096436
179 4091.00946 4103.830656766667 3749.140196987974 2.605839967727661
180 4091.00946 4103.829722433333 3679.4792439940247 2.619551181793213
181 4091.00946 4104.804275799999 3973.2226140087178 2.6332950592041016
182 4091.00946 4105.1989097 4093.892530712724 2.646803140640259
183 4091.00946 4102.4099225 3405.987897786478 2.6601879596710205
184 4091.00946 4107.855487466667 5131.5184634524285 2.6738998889923096
185 4091.00946 4108.508622733333 5295.1330714587775 2.6873490810394287
186 4091.00946 4103.132561633334 3318.5750789278777 2.7012808322906494
187 4091.00946 4103.267010266668 3432.614666993372 2.715027093887329
188 4091.00946 4100.670032 2186.136477937486 2.728761911392212
189 4091.00946 4101.2426295000005 2676.460218554972 2.7420430183410645
190 4091.00946 4106.8876566 4523.640236095741 2.7559468746185303
191 4091.00946 4110.238409666667 6337.635143705281 2.7695870399475098
192 4091.00946 4103.3742699333325 4323.172615340636 2.7829511165618896
193 4091.00946 4103.941524066667 4679.002526994337 2.7968170642852783
194 4091.00946 4107.0176541 5443.153640885787 2.8103909492492676
195 4091.00946 4099.933690666667 2100.421935353795 2.823914051055908
196 4091.00946 4104.385080066666 3937.8727508605007 2.8379008769989014
197 4091.00946 4108.8440224 5411.880689435476 2.851274013519287
198 4091.00946 4110.577484966667 6291.048497254733 2.864588975906372
199 4091.00946 4109.266063066667 6044.917465867214 2.8785228729248047
200 4091.00946 4111.202829733333 5925.667473296971 2.8920180797576904
201 4091.00946 4108.3110688666675 4642.57465005094 2.9054391384124756
202 4091.00946 4110.7502691 5593.050987744928 2.9193828105926514
203 4091.00946 4108.553329566666 4760.21529944515 2.9328668117523193
204 4091.00946 4105.098250733333 3703.63468183015 2.946516990661621
205 4091.00946 4106.6294113 5054.942719190065 2.9602999687194824
206 4091.00946 4105.569976000001 4620.682294449438 2.9737229347229004
207 4091.00946 4107.901631366666 6852.877392158512 2.9871230125427246
208 4091.00946 4105.8563895666675 4665.553683568752 3.0008158683776855
209 4091.00946 4101.845429466667 2901.574326061729 3.0141918659210205
210 4091.00946 4101.515364733334 2589.4462594592464 3.0274410247802734
211 4091.00946 4112.037882799999 6435.066515455684 3.041393995285034
212 4091.00946 4109.5825269 6052.946076855064 3.0555360317230225
213 4091.00946 4114.704553333334 7498.065293203726 3.0693349838256836
214 4091.00946 4117.701857566667 8924.055928560027 3.0834689140319824
215 4091.00946 4110.6465508 5791.672864436462 3.09763503074646
216 4091.00946 4104.627922466667 3402.358599778853 3.1115479469299316
217 4091.00946 4105.0941071 3651.290174212906 3.125213146209717
218 4091.00946 4108.065109433333 4642.5959321540395 3.138803005218506
219 4091.00946 4108.006042999999 5454.994525474788 3.152437210083008
220 4091.00946 4113.6267684333325 7542.084180100467 3.1660938262939453
221 4091.00946 4107.595957066666 5860.8972450608435 3.179708957672119
222 4091.00946 4108.116449533334 5706.640772341689 3.1930551528930664
223 4091.00946 4112.079934966667 7286.587709850618 3.2067737579345703
224 4091.00946 4109.389009800001 6394.864797075619 3.220263957977295
225 4091.00946 4107.055648833333 5145.9479336848 3.2335798740386963
226 4091.00946 4108.072636266666 5292.198264654786 3.2473909854888916
227 4091.00946 4110.608555166667 5095.288731346854 3.2612791061401367
228 4091.00946 4110.543383866667 5246.598345703773 3.275269031524658
229 4091.00946 4105.309475533333 3760.5007682043138 3.2892801761627197
230 4091.00946 4102.9907639 3194.368834606587 3.302902936935425
231 4091.00946 4106.551291333334 4283.247603928835 3.3163747787475586
232 4091.00946 4106.908707833333 5194.341844112441 3.3302040100097656
233 4091.00946 4110.720016800001 5609.614919361297 3.3440489768981934
234 4091.00946 4112.141158433333 6247.985319939444 3.3577840328216553
235 4091.00946 4107.421082166667 6658.329443762776 3.3719451427459717
236 4091.00946 4109.354615333334 6461.092388264419 3.3854820728302
237 4091.00946 4107.6036435666665 6659.806384594785 3.398787021636963
238 4091.00946 4103.8606254 3522.476375849916 3.413264036178589
239 4091.00946 4110.415714933333 5799.121276868083 3.4267520904541016
240 4091.00946 4117.530998666667 9636.069826396826 3.4402577877044678
241 4091.00946 4112.579047966667 8040.02184633004 3.454349994659424
242 4091.00946 4109.6234627 5850.936811082406 3.46773099899292
243 4091.00946 4114.3932784 7709.256636938691 3.481433868408203
244 4091.00946 4114.560647733333 9607.756607370095 3.4950180053710938
245 4091.00946 4108.7169661 5183.8836520703 3.5090949535369873
246 4091.00946 4103.907147100001 3555.040854397354 3.5233068466186523
247 4091.00946 4103.000302333334 3695.8683268361106 3.5382821559906006
248 4091.00946 4102.673687733334 3163.35711869855 3.5525100231170654
249 4091.00946 4105.506791233333 4659.83589997328 3.5668561458587646
The optimum value should be 4091.00946

4091.00946 3.5812690258026123

-------------------------------------------------------------------------------------------------------------------------

ROUND 2:
Generation, best, average, variance, time(s)
0 66215.53847000001 77965.46817023333 16176446.25946968 0.02841019630432129
1 25587.057460000004 74947.90731553333 31888227.92002976 0.0719151496887207
2 11858.27665 62146.7662718 320088666.6485438 0.10550212860107422
3 6148.92405 48460.60547576667 548644753.6034796 0.13319921493530273
4 5181.72646 36450.1679869 547924328.2789307 0.15578222274780273
5 4802.84824 28459.192781533333 500209781.20972943 0.17635607719421387
6 4719.0172299999995 23187.401289933336 409417209.3544431 0.19483613967895508
7 4576.304889999999 18976.438525266665 342508964.969575 0.2126312255859375
8 4377.999629999999 15953.166218766666 270507148.7066518 0.22958898544311523
9 4277.58587 12717.854172666668 194503384.72154614 0.24559426307678223
10 4277.58587 10287.315604266667 135890585.6120807 0.2608680725097656
11 4253.47801 8545.904121966667 96919809.10270938 0.2755279541015625
12 4172.54932 7169.715584366666 60711939.337361716 0.2898581027984619
13 4172.54932 6426.433139066667 39835357.063261986 0.304293155670166
14 4091.00946 5615.673800366666 24559113.56808609 0.31929802894592285
15 4091.00946 5315.2391179 21523109.459594768 0.33443617820739746
16 4091.00946 5062.6357370666665 16292155.736430304 0.3494143486022949
17 4091.00946 4897.9778658 14692086.696772471 0.3642549514770508
18 4091.00946 4654.056519666667 5738442.157528859 0.3795461654663086
19 4091.00946 4560.4206817 5419088.3925894955 0.393665075302124
20 4091.00946 4442.6341378 4056305.0500978343 0.4073202610015869
21 4091.00946 4387.853253200001 3651502.2137000044 0.42093801498413086
22 4091.00946 4280.102363166667 2237669.989173112 0.4344611167907715
23 4091.00946 4253.464715433333 2134556.517190637 0.44794297218322754
24 4091.00946 4226.868307966667 1319967.5599415826 0.461292028427124
25 4091.00946 4227.465510000001 1321534.881790192 0.4749441146850586
26 4091.00946 4164.061893033334 267129.1475924868 0.48839306831359863
27 4091.00946 4118.498975766666 10319.990856049662 0.5017521381378174
28 4091.00946 4115.429836833334 10032.527864951531 0.5152981281280518
29 4091.00946 4108.607862866666 7257.310046902597 0.5285639762878418
30 4091.00946 4110.703023233334 7531.1238475686005 0.5416610240936279
31 4091.00946 4110.607236033334 7048.165974517272 0.5548889636993408
32 4091.00946 4108.188935600001 4955.122188717493 0.5683043003082275
33 4091.00946 4110.865321133334 6269.582297927665 0.5817022323608398
34 4091.00946 4114.546374366667 6890.739835506938 0.5955650806427002
35 4091.00946 4109.5643261000005 6377.561610684638 0.6092431545257568
36 4091.00946 4106.6862653 5655.4316792577 0.6237270832061768
37 4091.00946 4103.993988266667 4221.465705844375 0.6384131908416748
38 4091.00946 4104.3469005 3891.1762514917164 0.652116060256958
39 4091.00946 4101.767973833334 2705.6703369620996 0.6660051345825195
40 4091.00946 4102.5534830999995 3169.561482634803 0.6798491477966309
41 4091.00946 4107.094685833333 4616.985341442588 0.6934211254119873
42 4091.00946 4107.8569046 4046.7737784080314 0.7075920104980469
43 4091.00946 4107.164834066667 4037.208848989047 0.7219181060791016
44 4091.00946 4103.319613566667 2798.749588366948 0.7367610931396484
45 4091.00946 4100.597349166666 2033.5025762880998 0.7510840892791748
46 4091.00946 4099.858592466667 2046.6018297857684 0.7654531002044678
47 4091.00946 4103.035324666667 3432.2261443463512 0.7792971134185791
48 4091.00946 4106.288942933334 5089.873768185334 0.7927870750427246
49 4091.00946 4107.451039233333 6117.436069080635 0.8064620494842529
50 4091.00946 4108.1210869999995 5865.040557253746 0.8200290203094482
51 4091.00946 4104.3906772 3674.768076906946 0.8332822322845459
52 4091.00946 4107.154769033334 4770.195395718552 0.8469629287719727
53 4091.00946 4100.418582366668 2347.986845939868 0.8605201244354248
54 4091.00946 4106.447426166666 4505.930625366075 0.873967170715332
55 4091.00946 4103.956297966667 3457.3809770791086 0.8880982398986816
56 4091.00946 4096.908066833334 1773.7697035183614 0.9018082618713379
57 4091.00946 4107.181752366668 4372.587490290271 0.9154403209686279
58 4091.00946 4106.0360040333335 4521.875347647845 0.9294381141662598
59 4091.00946 4104.235678566666 3915.191480148749 0.9431822299957275
60 4091.00946 4108.275907833333 5290.321342094539 0.9569122791290283
61 4091.00946 4112.070419166667 6750.967420954132 0.9708611965179443
62 4091.00946 4111.8216733 6477.4021644889435 0.9844090938568115
63 4091.00946 4114.891005 8681.63956583498 0.9979112148284912
64 4091.00946 4108.211703533333 5127.8219613642395 1.0115830898284912
65 4091.00946 4109.696534566667 5941.20402673344 1.0252070426940918
66 4091.00946 4109.5603771 6308.408009417281 1.0385680198669434
67 4091.00946 4107.071132333333 5582.7021198386465 1.0521140098571777
68 4091.00946 4105.638506333333 4834.931245166037 1.0657260417938232
69 4091.00946 4107.9719434 5719.584929691861 1.0795221328735352
70 4091.00946 4102.680737666667 3718.712048745368 1.0934171676635742
71 4091.00946 4099.619445166667 3089.6624381052834 1.1070122718811035
72 4091.00946 4106.667431533334 4350.750585240542 1.120476245880127
73 4091.00946 4105.154839766667 4135.595907780418 1.1345453262329102
74 4091.00946 4110.650610766667 5982.941510483736 1.1481270790100098
75 4091.00946 4105.150159366666 4169.144807726488 1.1618711948394775
76 4091.00946 4108.1776715333335 5064.430233186596 1.1757822036743164
77 4091.00946 4109.662789533334 4895.693964135012 1.1893391609191895
78 4091.00946 4104.795295100001 3372.4856166137615 1.2026822566986084
79 4091.00946 4105.732295866666 4142.991350151805 1.216294288635254
80 4091.00946 4103.9839771666675 3902.7312070041935 1.2295951843261719
81 4091.00946 4106.928734666666 5235.43133363483 1.2431252002716064
82 4091.00946 4108.7326814 5504.884936873174 1.2568771839141846
83 4091.00946 4109.392411333333 5872.819359585309 1.2703890800476074
84 4091.00946 4108.316777366666 5362.251076429522 1.2837822437286377
85 4091.00946 4108.7749138 5441.659018256184 1.2973620891571045
86 4091.00946 4110.020286033334 7570.9059414732565 1.3112189769744873
87 4091.00946 4105.989500766666 6337.124669118292 1.3247952461242676
88 4091.00946 4100.363700000001 3310.434565006338 1.3390750885009766
89 4091.00946 4104.057413133333 4136.183814963519 1.3531501293182373
90 4091.00946 4102.666979233333 3052.7321933103726 1.3672161102294922
91 4091.00946 4103.4245014 3577.9360956670685 1.3808271884918213
92 4091.00946 4106.112554533334 5510.846869650333 1.3943638801574707
93 4091.00946 4105.971008533334 4428.135787386197 1.4077661037445068
94 4091.00946 4103.437238233334 3940.9448247351 1.4214091300964355
95 4091.00946 4102.7331799 3441.3783700209096 1.4350242614746094
96 4091.00946 4110.1490852333345 5693.616836955077 1.448349952697754
97 4091.00946 4107.6300470333335 4850.657709956312 1.4621381759643555
98 4091.00946 4109.520335499999 5122.443431645753 1.4757990837097168
99 4091.00946 4107.628623066667 4573.368279709525 1.4891080856323242
100 4091.00946 4108.9350469 4749.473464883563 1.5026392936706543
101 4091.00946 4110.180445933333 5622.192570607668 1.515977144241333
102 4091.00946 4107.743575366667 6827.0778088515235 1.5293960571289062
103 4091.00946 4112.093609266667 7725.545816241169 1.543154001235962
104 4091.00946 4107.2150029 5688.892900919425 1.5565309524536133
105 4091.00946 4109.633802166666 6398.740995666085 1.569742202758789
106 4091.00946 4113.175270166667 8302.712132926372 1.5843651294708252
107 4091.00946 4108.800775366667 5215.767816213772 1.5991601943969727
108 4091.00946 4114.545685133333 7626.232475329077 1.6138381958007812
109 4091.00946 4115.858002966667 7960.527663373907 1.6284501552581787
110 4091.00946 4113.297316233334 6720.348057899844 1.6425421237945557
111 4091.00946 4106.019213099999 4949.452317563371 1.6563472747802734
112 4091.00946 4105.701257266667 4569.40519806816 1.6701240539550781
113 4091.00946 4102.551539466667 2822.880807583006 1.6840062141418457
114 4091.00946 4106.0088884666675 4290.26122577627 1.6981189250946045
115 4091.00946 4108.496154433334 5911.488662245852 1.7126059532165527
116 4091.00946 4108.7288605 5561.32593000198 1.7267529964447021
117 4091.00946 4103.812248599999 3861.7244517795307 1.7405171394348145
118 4091.00946 4106.550579033334 4654.407474075346 1.7544913291931152
119 4091.00946 4104.816831466667 4968.434161048446 1.7681291103363037
120 4091.00946 4106.940812766667 5205.859832530753 1.781818151473999
121 4091.00946 4103.254252866666 3652.0381344889693 1.7958800792694092
122 4091.00946 4105.2655460999995 4310.19192739643 1.8097553253173828
123 4091.00946 4102.905177633334 3292.6452749776536 1.8235280513763428
124 4091.00946 4104.374036166666 4374.823361542066 1.837590217590332
125 4091.00946 4105.483323966667 4732.51222642053 1.8510830402374268
126 4091.00946 4108.822796833334 5086.646534221884 1.8647880554199219
127 4091.00946 4106.553094999999 4603.935622124531 1.8787121772766113
128 4091.00946 4106.120745733334 4492.232707232052 1.8926680088043213
129 4091.00946 4105.603258233333 3886.7076093002966 1.906141996383667
130 4091.00946 4108.3046444 5482.849659341182 1.92006516456604
131 4091.00946 4104.463413733334 4249.984172991433 1.9339051246643066
132 4091.00946 4105.554896933333 4684.592143608981 1.9474401473999023
133 4091.00946 4113.4118798 7788.578885569362 1.9615440368652344
134 4091.00946 4114.3114704 7785.587475587647 1.9753022193908691
135 4091.00946 4112.661070900001 7067.807161480546 1.9888153076171875
136 4091.00946 4108.2141917 7028.809709365774 2.0027289390563965
137 4091.00946 4102.600997133333 3885.055491982669 2.016284227371216
138 4091.00946 4102.744410166667 4684.02949383534 2.0299692153930664
139 4091.00946 4107.396254333334 5678.217233112658 2.0436270236968994
140 4091.00946 4111.074041733334 6225.793658257163 2.0571200847625732
141 4091.00946 4108.3437016 5498.860463574938 2.0706520080566406
142 4091.00946 4104.212374233333 3884.4302119974186 2.084249258041382
143 4091.00946 4106.3728331 4229.435794677056 2.097970962524414
144 4091.00946 4108.164966733334 4843.868478166632 2.1119911670684814
145 4091.00946 4105.348119066667 4029.9196152486948 2.126260995864868
146 4091.00946 4111.783501 6403.986763927677 2.1399471759796143
147 4091.00946 4105.2241183333335 5366.660240354806 2.15346622467041
148 4091.00946 4104.4163777 5361.791377092965 2.1673359870910645
149 4091.00946 4106.664377566667 4874.0825786399555 2.1810052394866943
150 4091.00946 4102.916290033334 3996.6114075147198 2.1946871280670166
151 4091.00946 4110.846018866667 6493.830619971162 2.2085602283477783
152 4091.00946 4112.393687866667 8512.88128480809 2.2220940589904785
153 4091.00946 4110.122278333333 7785.185160415678 2.2356271743774414
154 4091.00946 4105.5155696 5436.007959979234 2.2496352195739746
155 4091.00946 4105.622499166667 5176.280213941143 2.2631311416625977
156 4091.00946 4103.1845723 4490.383089363561 2.276715040206909
157 4091.00946 4106.711839266667 5612.43197018336 2.2905452251434326
158 4091.00946 4103.427399799999 4613.46210462305 2.304354190826416
159 4091.00946 4108.876112133334 6248.282781594697 2.317974090576172
160 4091.00946 4108.9642896000005 6157.922889977699 2.3321170806884766
161 4091.00946 4112.0487911 7663.65168703128 2.3462421894073486
162 4091.00946 4112.320845666667 7348.864577500597 2.360427141189575
163 4091.00946 4111.574964200001 5914.228891514053 2.374075174331665
164 4091.00946 4110.9942443 6592.752083915545 2.3875620365142822
165 4091.00946 4109.4218187 5941.412177219146 2.4010932445526123
166 4091.00946 4110.4914976 9022.574646174666 2.414910078048706
167 4091.00946 4100.854846666666 2910.1276008964082 2.428523063659668
168 4091.00946 4101.9492877 3276.238925324216 2.4423680305480957
169 4091.00946 4101.159514 2545.637305440353 2.4561452865600586
170 4091.00946 4103.666593033333 3755.2159296335963 2.469841241836548
171 4091.00946 4108.053892566667 5289.374014106958 2.4834539890289307
172 4091.00946 4110.854265833334 5792.937829082707 2.4972920417785645
173 4091.00946 4107.492842233333 5136.186175437278 2.510931968688965
174 4091.00946 4106.831066033333 4378.094856020992 2.5244879722595215
175 4091.00946 4105.452951733333 4064.1708221320746 2.538228988647461
176 4091.00946 4106.116416966667 4005.909929914604 2.551683187484741
177 4091.00946 4110.743195233334 5334.414676068897 2.565094232559204
178 4091.00946 4106.498581633334 4605.645348571722 2.5788581371307373
179 4091.00946 4103.078326299999 3847.51121439759 2.5930051803588867
180 4091.00946 4104.6129803 4192.3212278438905 2.6074602603912354
181 4091.00946 4107.560483166667 5351.598152960154 2.6214442253112793
182 4091.00946 4109.0707201 5623.725015345853 2.635185956954956
183 4091.00946 4106.723468033333 4486.790335207134 2.648919105529785
184 4091.00946 4110.729060966667 6102.677931254461 2.662912130355835
185 4091.00946 4107.700420166667 4335.666577889241 2.676330089569092
186 4091.00946 4106.307351 3585.7784819676217 2.689854145050049
187 4091.00946 4113.0612696 6313.634177170042 2.7035000324249268
188 4091.00946 4107.9546623666665 4361.595670238719 2.7170040607452393
189 4091.00946 4108.267862466667 4228.670875137791 2.7310709953308105
190 4091.00946 4105.996264466667 3557.441202800502 2.7448151111602783
191 4091.00946 4109.830792933333 4636.572293025067 2.7585270404815674
192 4091.00946 4103.532028033333 3122.3667743415454 2.772200107574463
193 4091.00946 4102.525468399999 2998.826138672651 2.786055088043213
194 4091.00946 4110.885521066667 5808.530947665847 2.7995500564575195
195 4091.00946 4107.0282852 4780.512036645602 2.8128371238708496
196 4091.00946 4106.481068 4336.000724379483 2.82631516456604
197 4091.00946 4107.042142366667 4587.917922473762 2.8399319648742676
198 4091.00946 4109.473490333334 5329.076606753603 2.8533830642700195
199 4091.00946 4112.1384204000005 6511.509126589879 2.8673620223999023
200 4091.00946 4109.0163565 5083.690029389174 2.880791187286377
201 4091.00946 4103.320708233334 4365.378654026315 2.8945491313934326
202 4091.00946 4106.854089433334 6756.394096201151 2.9084532260894775
203 4091.00946 4110.172750066667 6445.4413178844725 2.9220292568206787
204 4091.00946 4112.033326466666 6696.650567814161 2.9353883266448975
205 4091.00946 4104.9127266000005 4463.855140245438 2.94933819770813
206 4091.00946 4105.227637433333 4528.748519960293 2.9627630710601807
207 4091.00946 4107.573555700001 4528.430631653186 2.976379156112671
208 4091.00946 4106.193807266666 4095.49338404267 2.9901959896087646
209 4091.00946 4102.598046766667 4103.300546008995 3.0036981105804443
210 4091.00946 4107.617039 4417.531814081751 3.017271041870117
211 4091.00946 4107.301584133334 4351.128451348727 3.0311172008514404
212 4091.00946 4109.2200244666665 5563.538748236883 3.0447771549224854
213 4091.00946 4107.382720233333 5093.674367752412 3.058692216873169
214 4091.00946 4110.781841766667 6345.110750668436 3.0721921920776367
215 4091.00946 4106.034024733333 4598.411304496429 3.0856592655181885
216 4091.00946 4104.440410166667 3721.3457343087393 3.0990002155303955
217 4091.00946 4103.411327100001 3680.8736268461494 3.1124942302703857
218 4091.00946 4108.579401133334 5747.087164437258 3.1260643005371094
219 4091.00946 4102.173311366667 3495.015992309111 3.139626979827881
220 4091.00946 4102.319544166668 2882.394143205159 3.153226137161255
221 4091.00946 4109.232397466667 5651.299827904006 3.166945219039917
222 4091.00946 4105.758063266667 3718.634419474371 3.180778980255127
223 4091.00946 4114.060552566666 7491.595190272183 3.194533109664917
224 4091.00946 4115.264881833334 7755.586272414721 3.208172082901001
225 4091.00946 4112.0580537000005 6495.344208886936 3.221798896789551
226 4091.00946 4109.875500566667 5552.207222167527 3.235422134399414
227 4091.00946 4111.417780466667 6432.917808695186 3.2488620281219482
228 4091.00946 4112.795153200001 6904.601948090032 3.2624011039733887
229 4091.00946 4112.033573600001 6663.98172766756 3.2757630348205566
230 4091.00946 4108.209110266667 4940.21339950724 3.289349317550659
231 4091.00946 4103.276051633333 3195.5320166464244 3.3026721477508545
232 4091.00946 4103.217514133334 3224.5385990049735 3.3162219524383545
233 4091.00946 4103.9853066000005 3879.668134916854 3.330113172531128
234 4091.00946 4101.704360799999 2991.9039899379422 3.344027280807495
235 4091.00946 4101.1261695 3084.7902500436194 3.358126163482666
236 4091.00946 4102.3351201333335 2930.280111640068 3.371735095977783
237 4091.00946 4096.1553449 1410.1414317260655 3.385082244873047
238 4091.00946 4097.585048366666 1944.8668021816263 3.3985092639923096
239 4091.00946 4099.530036833333 2583.569357966593 3.412055015563965
240 4091.00946 4099.318091533334 2381.5526276049013 3.425513982772827
241 4091.00946 4107.45005 6251.633982658885 3.4391841888427734
242 4091.00946 4105.238680566667 4109.202206856617 3.4526121616363525
243 4091.00946 4107.600424733333 5152.645634573002 3.465947151184082
244 4091.00946 4106.677401966666 4388.546883643697 3.4796340465545654
245 4091.00946 4103.453598833334 3601.2638016624114 3.493232250213623
246 4091.00946 4102.3624176 3175.161417786734 3.5065720081329346
247 4091.00946 4105.879212833333 4070.7437734102045 3.520190954208374
248 4091.00946 4103.618168966666 3204.4335518816424 3.533811092376709
249 4091.00946 4105.152480733334 3703.1023937698988 3.547394037246704
The optimum value should be 4091.00946

4091.00946 3.561012029647827

-------------------------------------------------------------------------------------------------------------------------

ROUND 3:
Generation, best, average, variance, time(s)
0 64923.59084999999 77590.10899510002 22702263.67964239 0.027654170989990234
1 26425.04478 74599.2938401 35755211.59259085 0.07057714462280273
2 7393.43184 63194.2885896 283457722.23182684 0.10355520248413086
3 5288.55819 50869.28914133333 538228547.4852328 0.13053321838378906
4 4919.217979999999 39599.70317453334 586449183.3992385 0.15358805656433105
5 4638.70924 30834.624408199998 565331031.6166011 0.1744861602783203
6 4638.70924 25400.8842089 471521388.37217164 0.19409608840942383
7 4627.91756 20220.16983116667 396004939.4595287 0.2123100757598877
8 4567.19033 16084.648590433333 278787855.47505057 0.22958993911743164
9 4441.162560000001 12498.518456 182084003.43656626 0.2454509735107422
10 4261.49907 10393.691687499999 129416212.3233141 0.261127233505249
11 4261.49907 8994.309730399998 108939782.28935221 0.2761809825897217
12 4167.5366699999995 8235.4293686 92808226.57075384 0.2908751964569092
13 4143.76145 7442.895665266666 76995978.94024022 0.3055422306060791
14 4143.76145 6588.0940255666665 47143590.521827 0.319735050201416
15 4143.76145 6147.130774966667 40178640.96919637 0.3338942527770996
16 4143.76145 5710.6343713666665 31566853.39592467 0.3477518558502197
17 4091.00946 5258.108134699999 17254292.395089705 0.3616061210632324
18 4091.00946 4950.217944733334 12278196.86673208 0.37548112869262695
19 4091.00946 4650.008075866666 7900292.374590454 0.3896801471710205
20 4091.00946 4470.765623033333 3751525.6217833613 0.40328502655029297
21 4091.00946 4432.7190556666665 3661257.3499686923 0.4167170524597168
22 4091.00946 4376.0000685 3290164.61577169 0.43136096000671387
23 4091.00946 4309.1877546 2254214.903224551 0.44547510147094727
24 4091.00946 4267.1167442000005 2075595.960093954 0.45965003967285156
25 4091.00946 4254.955368166667 2054696.4084163173 0.4737699031829834
26 4091.00946 4252.682292433334 2054467.0817634836 0.48744916915893555
27 4091.00946 4138.010814699999 43605.418414913154 0.5015411376953125
28 4091.00946 4127.2563992333335 43526.65669003734 0.5154430866241455
29 4091.00946 4124.233919966667 35877.95649565184 0.5290749073028564
30 4091.00946 4119.514950466667 10029.588158111908 0.5426249504089355
31 4091.00946 4109.235269933333 5169.369585411033 0.5565838813781738
32 4091.00946 4106.162342366666 4762.701250468969 0.5702269077301025
33 4091.00946 4109.590887133333 5928.902074116084 0.5837409496307373
34 4091.00946 4107.258651233334 4254.994501400566 0.5974252223968506
35 4091.00946 4107.1297337666665 4254.541445853749 0.6111822128295898
36 4091.00946 4110.677377933333 5563.432107491254 0.6248610019683838
37 4091.00946 4116.7786846 8267.970344491014 0.6384661197662354
38 4091.00946 4112.655237133333 6888.128089070392 0.6521100997924805
39 4091.00946 4116.3696447 8352.138977716313 0.6655821800231934
40 4091.00946 4109.8190695 6381.620980549823 0.6789629459381104
41 4091.00946 4114.312106733333 7484.407596690863 0.6931531429290771
42 4091.00946 4110.269683633333 5300.579022883409 0.7073500156402588
43 4091.00946 4112.746681433334 6973.79904557525 0.7221450805664062
44 4091.00946 4114.308569133333 8236.286532487833 0.7359559535980225
45 4091.00946 4114.785646533333 8452.636411190777 0.7493081092834473
46 4091.00946 4111.431855133334 7373.405017611195 0.7633368968963623
47 4091.00946 4109.0310176 5654.274389513902 0.7772700786590576
48 4091.00946 4105.199279433334 4371.719218499453 0.7908432483673096
49 4091.00946 4106.333181233334 5002.882159806016 0.8045618534088135
50 4091.00946 4106.829037166666 5393.473945310326 0.8183140754699707
51 4091.00946 4107.8284346 5195.611962888517 0.8322770595550537
52 4091.00946 4108.963997733334 5645.047193248181 0.8466320037841797
53 4091.00946 4113.200640333333 6515.5546912909695 0.8606030941009521
54 4091.00946 4112.908963066667 6654.031199826931 0.8740842342376709
55 4091.00946 4116.516198833333 7914.401249958218 0.8878099918365479
56 4091.00946 4108.5963980666675 6373.385456137682 0.9016671180725098
57 4091.00946 4112.501472366667 9674.594125665584 0.9154369831085205
58 4091.00946 4106.4464835 4577.929390213682 0.929328203201294
59 4091.00946 4100.002570733333 2168.279424271815 0.9429309368133545
60 4091.00946 4104.3312793 3815.349315334026 0.9563770294189453
61 4091.00946 4106.115419600001 4437.478115105462 0.9701571464538574
62 4091.00946 4111.4838281 6433.497733131961 0.9834151268005371
63 4091.00946 4111.1713925 6308.043851247831 0.9970190525054932
64 4091.00946 4105.755242566666 4525.954814681434 1.010962963104248
65 4091.00946 4109.2473171 5978.9559060918045 1.0243990421295166
66 4091.00946 4111.5838718 6528.183206044611 1.0377349853515625
67 4091.00946 4110.864164066667 6964.8566915056645 1.0511481761932373
68 4091.00946 4104.951405233333 4069.2898072393364 1.064589023590088
69 4091.00946 4108.648326633333 5441.070583020003 1.0779500007629395
70 4091.00946 4108.639588533334 5754.658172320925 1.0913360118865967
71 4091.00946 4109.770873633333 6060.671725162698 1.1048240661621094
72 4091.00946 4105.397505566666 4438.478512591308 1.1181230545043945
73 4091.00946 4102.960259366667 3411.9258642715627 1.1315672397613525
74 4091.00946 4108.7497957 5545.6042964959315 1.1449201107025146
75 4091.00946 4108.472076066667 5709.443182646934 1.1583280563354492
76 4091.00946 4106.078818599999 4851.20154931427 1.1716620922088623
77 4091.00946 4107.9555233 5222.337977286751 1.185049057006836
78 4091.00946 4103.040691200001 3273.1414882780286 1.1984820365905762
79 4091.00946 4104.4685751 4061.063357758044 1.2119851112365723
80 4091.00946 4109.6092530666665 5203.206148354834 1.2255151271820068
81 4091.00946 4113.404644166667 6699.280171851673 1.2386009693145752
82 4091.00946 4112.927491133333 7071.364459296906 1.2521719932556152
83 4091.00946 4115.5832915 7832.942581132303 1.265444040298462
84 4091.00946 4110.3773456 6340.987464033795 1.2786459922790527
85 4091.00946 4110.196120299999 6463.803090036403 1.2919909954071045
86 4091.00946 4112.548422299999 7207.67465315068 1.3052752017974854
87 4091.00946 4115.192162366668 8013.121458872113 1.3184750080108643
88 4091.00946 4110.7760487333335 6607.5683978347115 1.3319742679595947
89 4091.00946 4108.865054166667 6035.331429813762 1.345254898071289
90 4091.00946 4104.8962587 4191.905611404474 1.3585200309753418
91 4091.00946 4103.634958500001 3822.546730357865 1.3718562126159668
92 4091.00946 4104.6690143000005 4106.126602502151 1.385138988494873
93 4091.00946 4102.809561466666 3716.3578125113745 1.3985941410064697
94 4091.00946 4106.5148669 4745.157842778791 1.4123430252075195
95 4091.00946 4106.159430233333 4366.955473150147 1.4265761375427246
96 4091.00946 4108.374506266667 4907.8531024018275 1.4406731128692627
97 4091.00946 4106.5237619 4397.394863831723 1.4548799991607666
98 4091.00946 4104.477308233333 4023.8245485411353 1.4683241844177246
99 4091.00946 4101.866505233334 2966.6367111568056 1.4817991256713867
100 4091.00946 4109.640432933334 4982.204467011048 1.4952681064605713
101 4091.00946 4107.1108623 5160.93091041245 1.5092029571533203
102 4091.00946 4112.466268766667 6797.02343198112 1.522510051727295
103 4091.00946 4117.3437584 8616.352644790266 1.536100149154663
104 4091.00946 4118.3961835 8645.207850203944 1.5494918823242188
105 4091.00946 4109.790964133334 6183.1303018406015 1.562779188156128
106 4091.00946 4109.6348843666665 5536.4751218000565 1.5762560367584229
107 4091.00946 4106.0543334 4396.163907290398 1.5897243022918701
108 4091.00946 4103.844332966666 3894.966902823844 1.6030941009521484
109 4091.00946 4105.666025133333 5114.02121987121 1.6166980266571045
110 4091.00946 4106.300776233333 5019.61878668965 1.6302540302276611
111 4091.00946 4103.672127966666 3984.191971394473 1.6437029838562012
112 4091.00946 4104.852804533333 4113.39635585393 1.6573500633239746
113 4091.00946 4108.6439562000005 5702.865999257988 1.6707472801208496
114 4091.00946 4104.857074033334 4939.681327919421 1.6841399669647217
115 4091.00946 4103.4540965666665 3712.53114744707 1.6982300281524658
116 4091.00946 4105.843982066667 4153.405596151781 1.7124202251434326
117 4091.00946 4109.424953000001 5586.6189362106825 1.726863145828247
118 4091.00946 4112.974414666667 6649.368730388812 1.7417700290679932
119 4091.00946 4108.123251266667 6203.740067967772 1.7553651332855225
120 4091.00946 4111.666570799999 6910.845228353142 1.7692129611968994
121 4091.00946 4109.856235366667 5572.494080913988 1.7831742763519287
122 4091.00946 4108.638563666666 5744.926165654083 1.7967970371246338
123 4091.00946 4105.853974533334 4949.367828305664 1.810525894165039
124 4091.00946 4105.1653716 4313.628770661628 1.8243560791015625
125 4091.00946 4108.066633266667 4897.86760650199 1.8377909660339355
126 4091.00946 4106.5215125 4631.164417016083 1.85133695602417
127 4091.00946 4108.6547392 6088.779018366286 1.865434169769287
128 4091.00946 4111.535409766667 6589.716822018932 1.8795151710510254
129 4091.00946 4109.5326602 6143.970657757364 1.8930890560150146
130 4091.00946 4110.616390366667 5610.945990583158 1.9069690704345703
131 4091.00946 4107.845137466667 4608.074114026218 1.9207980632781982
132 4091.00946 4117.768525266668 8483.729890735289 1.9344220161437988
133 4091.00946 4111.419392700001 6544.442201588591 1.94815993309021
134 4091.00946 4109.8965345 6427.001526030414 1.9617290496826172
135 4091.00946 4111.865234333332 7728.2518864949325 1.975121259689331
136 4091.00946 4112.466555933333 8817.918648967778 1.988990068435669
137 4091.00946 4110.4544127 6666.014836638161 2.0029141902923584
138 4091.00946 4107.972393133334 5083.212527305107 2.0165860652923584
139 4091.00946 4108.264840566667 5778.346805853449 2.030472993850708
140 4091.00946 4111.264175 6905.658448709848 2.043952226638794
141 4091.00946 4110.9629687999995 6242.78496122624 2.057634115219116
142 4091.00946 4108.2383961333335 5161.849210287304 2.07161808013916
143 4091.00946 4107.904145833333 5115.005033115705 2.0851352214813232
144 4091.00946 4110.5029122999995 6125.480933763677 2.0987489223480225
145 4091.00946 4114.481109166667 6876.0360732394665 2.1125380992889404
146 4091.00946 4119.167148133333 9491.644364534008 2.126138210296631
147 4091.00946 4112.326921733333 6484.5795998886015 2.139755964279175
148 4091.00946 4113.767549633333 7418.01687913165 2.153687000274658
149 4091.00946 4109.9039647 5941.948597614754 2.1671950817108154
150 4091.00946 4106.859185033333 4679.993659894334 2.1809561252593994
151 4091.00946 4108.690666 5453.242409317656 2.195056200027466
152 4091.00946 4106.4244452 4732.2274161673195 2.208759069442749
153 4091.00946 4106.974993733334 4991.358849522036 2.2226791381835938
154 4091.00946 4106.6187759 5375.658166279125 2.2368290424346924
155 4091.00946 4108.804801300001 6163.553267233819 2.2504382133483887
156 4091.00946 4110.7012861 5852.356280272488 2.264177083969116
157 4091.00946 4116.337687833333 7895.185978001061 2.2783620357513428
158 4091.00946 4116.3178159 7557.102624839587 2.2918782234191895
159 4091.00946 4114.7257484 7350.194040425196 2.3053441047668457
160 4091.00946 4111.462761299999 6561.721065246834 2.3189759254455566
161 4091.00946 4111.523180033333 6436.745834276867 2.3325891494750977
162 4091.00946 4109.6811728 6019.134302418302 2.3464460372924805
163 4091.00946 4104.803963833333 4832.817727778706 2.3602750301361084
164 4091.00946 4106.431688866666 4885.235330331216 2.373641014099121
165 4091.00946 4111.5372992 5965.7550854463525 2.386996030807495
166 4091.00946 4112.880688166667 6405.144074049064 2.4004311561584473
167 4091.00946 4121.129726033333 11755.618446429975 2.414033889770508
168 4091.00946 4108.910766100001 5843.2249320712235 2.428070068359375
169 4091.00946 4111.783664433334 6659.318428388772 2.4422740936279297
170 4091.00946 4107.376247266667 4963.581723861592 2.456348180770874
171 4091.00946 4106.6664381 4589.7564366324295 2.470379114151001
172 4091.00946 4107.452952400001 5408.303553288578 2.4842660427093506
173 4091.00946 4111.094787566667 6651.83016655251 2.4978790283203125
174 4091.00946 4111.5877154 6855.933170529623 2.511662006378174
175 4091.00946 4109.8939583 6774.088368552663 2.525559186935425
176 4091.00946 4108.952970733334 5379.543992765507 2.5391499996185303
177 4091.00946 4110.329403600001 6104.805227871362 2.552791118621826
178 4091.00946 4109.357620533334 5801.492690315107 2.5667011737823486
179 4091.00946 4108.310742799999 5194.8738596344665 2.5801939964294434
180 4091.00946 4100.471810733334 2441.1739859132376 2.593839168548584
181 4091.00946 4102.0646910666665 3400.6110938702686 2.607457160949707
182 4091.00946 4110.290807633334 5571.883289114463 2.6210129261016846
183 4091.00946 4108.1913429999995 4847.216368706899 2.6343212127685547
184 4091.00946 4105.7200945 4062.5419302272144 2.6479642391204834
185 4091.00946 4110.1512754 5845.701600126481 2.6616370677948
186 4091.00946 4111.011935766667 5840.769944883145 2.675204038619995
187 4091.00946 4113.029439066667 6634.668081345161 2.6887130737304688
188 4091.00946 4110.232322033334 6001.499972019574 2.702799081802368
189 4091.00946 4110.9555341000005 7483.646864975064 2.717142105102539
190 4091.00946 4105.4667639 4711.533586660742 2.7317371368408203
191 4091.00946 4107.9832481 5732.992163440571 2.746206045150757
192 4091.00946 4108.9546404 6782.2695015731715 2.759861946105957
193 4091.00946 4111.986580466667 7818.4238826726505 2.773841142654419
194 4091.00946 4114.027210599999 7794.708518405728 2.787386178970337
195 4091.00946 4117.276061866667 8096.782168962207 2.801255941390991
196 4091.00946 4115.828685366667 8234.84047366423 2.8146631717681885
197 4091.00946 4108.062333133334 5459.957366996608 2.8282082080841064
198 4091.00946 4108.196635 5458.535563851335 2.8417012691497803
199 4091.00946 4108.015563666667 5944.07052612817 2.855396032333374
200 4091.00946 4109.4268354666665 7020.451693807828 2.8688571453094482
201 4091.00946 4107.001185666667 4946.011219504577 2.882456064224243
202 4091.00946 4106.647627700001 5067.970372290582 2.8960859775543213
203 4091.00946 4108.101777966666 5403.621442763325 2.909724235534668
204 4091.00946 4108.668099433334 4834.657660466256 2.923292875289917
205 4091.00946 4104.4995994 3805.4908527316907 2.937098979949951
206 4091.00946 4105.2825999666675 4478.371331694982 2.950521230697632
207 4091.00946 4110.284973566667 8649.471971683666 2.964383125305176
208 4091.00946 4114.292106133334 10247.143050736482 2.9781250953674316
209 4091.00946 4116.924232933334 9532.65469376214 2.991751194000244
210 4091.00946 4112.4848523 6501.222073937781 3.0053160190582275
211 4091.00946 4112.8154263 6595.425595894695 3.018998146057129
212 4091.00946 4110.2037282 5439.12947504704 3.0325000286102295
213 4091.00946 4108.442780600001 5220.550027198888 3.0461602210998535
214 4091.00946 4109.7073992000005 5260.88354188883 3.060072898864746
215 4091.00946 4104.699989566667 4008.7367966267616 3.0735979080200195
216 4091.00946 4099.105994233333 2245.756647347318 3.086972951889038
217 4091.00946 4105.0899241 4825.52797427256 3.100497245788574
218 4091.00946 4113.0265148 7957.239849539761 3.1139168739318848
219 4091.00946 4108.7439549 6163.314160064337 3.1276721954345703
220 4091.00946 4113.326915166666 7251.374243305506 3.1419241428375244
221 4091.00946 4111.7760435 6695.6801960475195 3.155428171157837
222 4091.00946 4111.622672500001 7019.27025232005 3.1689021587371826
223 4091.00946 4101.990150333333 3496.4763682541475 3.1826140880584717
224 4091.00946 4101.779808099999 3012.865732672086 3.1960620880126953
225 4091.00946 4109.3480859 6016.164419295203 3.2096171379089355
226 4091.00946 4101.708238933334 3291.6675840715 3.2233080863952637
227 4091.00946 4105.904622366666 5165.83163734804 3.237023115158081
228 4091.00946 4104.760311333333 4213.263798561116 3.250822067260742
229 4091.00946 4102.928747000001 2813.8645845228225 3.26477313041687
230 4091.00946 4107.095744633334 5141.338734560219 3.278252124786377
231 4091.00946 4103.486630933334 3831.059660439935 3.291933059692383
232 4091.00946 4102.030042833334 3669.162679683704 3.3057689666748047
233 4091.00946 4105.7511924 6364.3401522508375 3.319430112838745
234 4091.00946 4108.691945866667 6870.3331942509385 3.3329479694366455
235 4091.00946 4113.700556700001 8611.062520567268 3.3466548919677734
236 4091.00946 4109.712655733333 7162.464870470576 3.3600759506225586
237 4091.00946 4109.723572333334 6886.473939692008 3.3732240200042725
238 4091.00946 4104.539327166666 3851.348809862773 3.3867619037628174
239 4091.00946 4105.4172106666665 4343.160141212948 3.400365114212036
240 4091.00946 4104.747045466667 4192.517776062951 3.4137039184570312
241 4091.00946 4103.504382866667 3486.9072112879257 3.4274070262908936
242 4091.00946 4103.899539800001 3719.301085178482 3.4416110515594482
243 4091.00946 4108.704827366667 5293.881253281241 3.455738067626953
244 4091.00946 4106.999096966667 4740.3044650691 3.469789981842041
245 4091.00946 4105.176846933334 4546.372211412344 3.4831459522247314
246 4091.00946 4110.6696227 6321.061829305309 3.4965860843658447
247 4091.00946 4111.4793891 7497.019324777699 3.5103371143341064
248 4091.00946 4109.641992866667 7172.132534915845 3.5239510536193848
249 4091.00946 4108.012261933333 9078.421058724574 3.53765606880188
The optimum value should be 4091.00946

4091.00946 3.551384210586548

