INSTANCE: MQ2

TOTAL GENERATION IS: 250

-------------------------------------------------------------------------------------------------------------------------

ROUND 1:
Generation, best, average, variance, time(s)
0 60998.961879999995 71266.71882509999 15808053.426450832 0.028567075729370117
1 28618.831209999997 68409.68133406667 23473447.83730865 0.07335996627807617
2 13390.19243 59522.429145233335 180602141.73186308 0.10922598838806152
3 5723.71695 48721.41769646667 366155758.0805805 0.13773012161254883
4 5005.65401 35701.15971693333 477519215.47740746 0.1614689826965332
5 4244.33824 27495.73832706666 397022698.5688513 0.1824641227722168
6 4244.33824 21228.5849599 340088845.6923869 0.20158600807189941
7 4244.33824 17105.771471766668 291448302.65141624 0.2191629409790039
8 4203.6206 13655.507250166667 217616887.30106044 0.23643112182617188
9 4203.6206 11222.00923143333 159178672.41187713 0.253385066986084
10 4143.41334 9292.0639066 113350945.08543299 0.2695469856262207
11 4143.41334 7799.118358866665 81142544.26128307 0.28453993797302246
12 4143.41334 6340.125294766666 42947927.506454915 0.29871416091918945
13 4143.41334 5754.010923033334 24752439.702171076 0.31238412857055664
14 4139.623329999999 5539.434100833333 23556990.039155573 0.3267860412597656
15 4139.04151 5247.294198566667 16445179.578491103 0.3407621383666992
16 4129.285 5108.6347943 14321097.855341276 0.35458993911743164
17 4079.6822700000002 4779.517917466667 8822431.36269578 0.3687629699707031
18 4079.6822700000002 4620.336248833334 7400152.949740311 0.38295602798461914
19 4079.6822700000002 4501.633790733333 6712047.964063613 0.3968040943145752
20 4079.6822700000002 4444.755307766666 6544479.9190289285 0.4110121726989746
21 4079.6822700000002 4319.935098433333 2455291.073109122 0.42497897148132324
22 4079.6822700000002 4244.007119500001 1887390.1332215206 0.4389472007751465
23 4079.6822700000002 4228.157545766668 1846100.6859378645 0.45303988456726074
24 4079.6822700000002 4220.670822166667 1829991.1757849415 0.46683597564697266
25 4079.6822700000002 4198.615997 1747954.3473222698 0.4804868698120117
26 4079.6822700000002 4136.353492533333 181894.5854131916 0.4943711757659912
27 4079.6822700000002 4133.335032966667 134443.30558912482 0.5080780982971191
28 4079.6822700000002 4127.503278000001 93848.7604001532 0.5221610069274902
29 4079.6822700000002 4108.068794333334 14985.34514722785 0.5362849235534668
30 4079.6822700000002 4099.5532754333335 6611.870004835864 0.5502798557281494
31 4079.6822700000002 4096.603331266667 5773.662749387651 0.564385175704956
32 4079.6822700000002 4101.264508566667 7304.240928569354 0.5792829990386963
33 4079.6822700000002 4099.2014656 5848.204873308212 0.5934040546417236
34 4079.6822700000002 4101.6616454 6920.886569295221 0.6079039573669434
35 4079.6822700000002 4107.074074466668 8178.471432935859 0.6219990253448486
36 4079.6822700000002 4102.314157633333 7276.656990393506 0.6358580589294434
37 4079.6822700000002 4098.065200466667 5397.961831254045 0.649479866027832
38 4079.6822700000002 4102.075132800001 8685.449451736618 0.6636569499969482
39 4079.6822700000002 4099.0872905666665 5721.996577649736 0.6777620315551758
40 4079.6822700000002 4098.796626000001 5867.463895888413 0.6918449401855469
41 4079.6822700000002 4100.213518433334 6517.289151271951 0.7060811519622803
42 4079.6822700000002 4089.469643600001 2706.324430786701 0.7198569774627686
43 4079.6822700000002 4090.7370964666675 3214.2147436205387 0.7336111068725586
44 4069.40434 4090.718724366667 3689.860176499924 0.7476150989532471
45 4069.40434 4108.2239178 7000.708084274361 0.7615199089050293
46 4066.27523 4098.820170233334 5147.490600014388 0.776108980178833
47 4066.27523 4094.7365964333335 4913.150078690916 0.7909550666809082
48 4066.27523 4096.311409866667 5744.178699950288 0.8053879737854004
49 4028.3257299999996 4087.5129432666668 6612.172208847 0.8194591999053955
50 4028.3257299999996 4081.094532166666 7663.768095410923 0.8339729309082031
51 4028.3257299999996 4071.4695684999997 6768.771629098859 0.8480100631713867
52 4028.3257299999996 4065.6163922999995 7034.99563254972 0.862084150314331
53 4028.3257299999996 4057.4377400666663 6993.021205442742 0.8763341903686523
54 4028.3257299999996 4057.4861640999993 6889.596275751415 0.8899269104003906
55 4028.3257299999996 4054.6698222333334 5746.46897231775 0.9038128852844238
56 4028.3257299999996 4048.0077678 4214.116993398354 0.9178249835968018
57 4028.3257299999996 4046.153404133332 3902.2380809504275 0.9315321445465088
58 4028.3257299999996 4045.176441833333 3565.815313446032 0.9456231594085693
59 4028.3257299999996 4047.0419351333335 5078.346495949134 0.9594681262969971
60 4028.3257299999996 4046.1370292333327 4824.899428860533 0.9733541011810303
61 4028.3257299999996 4047.384811766666 5963.6575754360365 0.9869520664215088
62 4028.3257299999996 4046.1786351333326 5750.408600940545 1.000730037689209
63 4028.3257299999996 4044.4586229 4063.40509971734 1.0144178867340088
64 4028.3257299999996 4044.6647680333335 4503.040941261673 1.0282821655273438
65 4028.3257299999996 4043.1155036666664 3632.5948084245097 1.0421628952026367
66 4028.3257299999996 4048.334999233333 5239.305310125338 1.0558478832244873
67 4028.3257299999996 4054.6392975999997 6556.878405904401 1.0699489116668701
68 4028.3257299999996 4047.7266936999995 5356.099015384945 1.0837740898132324
69 4028.3257299999996 4042.585886 4043.073489758566 1.0975539684295654
70 4028.3257299999996 4043.368402766667 4316.957836577021 1.111023187637329
71 4028.3257299999996 4038.8992050666657 2709.1069916553624 1.1248600482940674
72 4028.3257299999996 4042.9828606333326 3667.0907325569137 1.1386759281158447
73 4028.3257299999996 4043.5795999999996 4564.89394622114 1.1527891159057617
74 4028.3257299999996 4043.571747233333 4309.937944394915 1.1667709350585938
75 4028.3257299999996 4047.2165618 6137.044766989731 1.1804921627044678
76 4028.3257299999996 4049.8486528999997 7049.602957242684 1.1944241523742676
77 4028.3257299999996 4049.5128320666668 7297.617341224875 1.2084228992462158
78 4028.3257299999996 4049.7958998999993 7593.1937256292595 1.222602128982544
79 4028.3257299999996 4042.5641726999993 4618.380535574535 1.236806869506836
80 4028.3257299999996 4046.7770302666663 6038.832054696942 1.2510569095611572
81 4028.3257299999996 4049.164796266666 7768.896678158709 1.2651360034942627
82 4028.3257299999996 4043.9948568666664 4904.422618182187 1.2793800830841064
83 4028.3257299999996 4046.5312829333325 5313.830127607037 1.293323040008545
84 4028.3257299999996 4043.025276699999 4262.921680047989 1.3070249557495117
85 4028.3257299999996 4042.6967185 4544.907464700687 1.3208818435668945
86 4028.3257299999996 4046.704834866666 6308.8587991141585 1.3348171710968018
87 4028.3257299999996 4046.0911783333327 6554.202014553522 1.349031925201416
88 4028.3257299999996 4050.2085225333326 6841.481841677573 1.3630878925323486
89 4028.3257299999996 4047.7009675000004 6250.8560693300815 1.3771679401397705
90 4028.3257299999996 4045.114586433333 4805.373785318715 1.3916990756988525
91 4028.3257299999996 4052.2269935 7327.848729395573 1.406177043914795
92 4028.3257299999996 4053.123750966666 7411.554637455658 1.4207470417022705
93 4028.3257299999996 4051.6114760999994 6890.557045548887 1.435115098953247
94 4028.3257299999996 4044.4211586999995 4725.380270277456 1.4492690563201904
95 4028.3257299999996 4043.9918184 4623.635520198527 1.462980031967163
96 4028.3257299999996 4043.800744366666 4352.892695560028 1.476850986480713
97 4028.3257299999996 4040.601800333333 3143.960699581781 1.4906890392303467
98 4028.3257299999996 4045.1246032 5089.319278894889 1.5044610500335693
99 4028.3257299999996 4042.8386616333332 4464.49042692047 1.5183379650115967
100 4028.3257299999996 4040.031086866666 3322.650512866342 1.5320360660552979
101 4028.3257299999996 4039.2442809666663 3597.3573765834344 1.5462870597839355
102 4028.3257299999996 4041.354844933333 3726.834145304473 1.5600900650024414
103 4028.3257299999996 4043.7624555666666 4115.905147299464 1.573909044265747
104 4028.3257299999996 4043.523757666666 4362.467463914212 1.5877890586853027
105 4028.3257299999996 4042.5286906666665 3773.251092737761 1.601531982421875
106 4028.3257299999996 4041.5874258666663 3572.0049544750013 1.615105152130127
107 4028.3257299999996 4043.1471182999994 4343.371166575744 1.629256010055542
108 4028.3257299999996 4041.3147157 3405.5634710823256 1.6432631015777588
109 4028.3257299999996 4044.1306274 4538.675266945716 1.6570990085601807
110 4028.3257299999996 4049.4742454333323 5758.772526238337 1.671133041381836
111 4028.3257299999996 4042.8328470999995 3725.776261097157 1.6846039295196533
112 4028.3257299999996 4042.1649043333327 3429.151796462751 1.6985008716583252
113 4028.3257299999996 4044.1347169000005 4691.122118197206 1.7127130031585693
114 4028.3257299999996 4044.7979204666663 5395.112411612503 1.7266719341278076
115 4028.3257299999996 4047.488013699999 5706.747626839643 1.740380048751831
116 4028.3257299999996 4046.232529566666 5023.009457995838 1.7542951107025146
117 4028.3257299999996 4049.690828066666 6808.517112970672 1.7690949440002441
118 4028.3257299999996 4047.049302266666 5724.634352212331 1.7836730480194092
119 4028.3257299999996 4048.164936099999 6290.711460376072 1.798496961593628
120 4028.3257299999996 4040.3967620333333 4055.1865755926187 1.8126230239868164
121 4028.3257299999996 4038.142637933333 3291.939276403273 1.8267369270324707
122 4028.3257299999996 4037.7903959999994 3069.8918407496253 1.8409202098846436
123 4028.3257299999996 4042.0660222666666 4070.0133670153036 1.8548669815063477
124 4028.3257299999996 4040.9401256666665 3575.0530849342545 1.8687329292297363
125 4028.3257299999996 4042.2253749999995 3175.7459952716013 1.8825631141662598
126 4028.3257299999996 4041.2979941666663 3535.8488062958127 1.8964910507202148
127 4028.3257299999996 4042.213902633333 3694.1607712959512 1.9102210998535156
128 4028.3257299999996 4042.5963401 3551.720118657195 1.924077033996582
129 4028.3257299999996 4049.176671133333 5135.788141606939 1.9378199577331543
130 4028.3257299999996 4043.6328084333336 3488.009727538628 1.9515149593353271
131 4028.3257299999996 4045.7392680666667 4288.184335250837 1.965648889541626
132 4028.3257299999996 4043.2944408 4035.1012948177586 1.9794938564300537
133 4028.3257299999996 4046.7418453333335 5279.516210945772 1.9933700561523438
134 4028.3257299999996 4043.895434 3862.219157644577 2.007516860961914
135 4028.3257299999996 4047.1696510333327 4901.695183640415 2.021232843399048
136 4028.3257299999996 4043.2920348 4333.53241518339 2.0348269939422607
137 4028.3257299999996 4042.034194933333 3858.4189588489276 2.0484211444854736
138 4028.3257299999996 4044.8135010666665 4377.189153277654 2.062382221221924
139 4028.3257299999996 4044.8270413333335 4886.0207881961405 2.0763819217681885
140 4028.3257299999996 4044.087851766666 4345.032627263693 2.0903921127319336
141 4028.3257299999996 4045.2993519666666 4944.810548387707 2.1041312217712402
142 4028.3257299999996 4048.2167902333326 5702.916191070783 2.117405891418457
143 4028.3257299999996 4051.4086275 6589.070840734933 2.1312661170959473
144 4028.3257299999996 4039.682228333333 2834.158455405976 2.145108938217163
145 4028.3257299999996 4040.5263178666664 3739.777339972525 2.158812999725342
146 4028.3257299999996 4045.418664933333 5413.2089059325945 2.172879219055176
147 4028.3257299999996 4042.331111533333 4775.956926613107 2.1868560314178467
148 4028.3257299999996 4036.718511866666 1816.6302485520478 2.20035719871521
149 4028.3257299999996 4046.2250499999996 5280.400303555493 2.214247941970825
150 4028.3257299999996 4050.197560666666 6864.975924974349 2.22833514213562
151 4028.3257299999996 4046.819275866666 6449.521429628532 2.24247407913208
152 4028.3257299999996 4043.8196318999994 4954.780290437994 2.2568068504333496
153 4028.3257299999996 4040.4772968999996 3539.6798771746307 2.2713119983673096
154 4028.3257299999996 4041.5798495333324 3882.688245076206 2.2854039669036865
155 4028.3257299999996 4046.8746432666667 5915.550133569158 2.2999448776245117
156 4028.3257299999996 4039.884703699999 3425.9566177860925 2.3143959045410156
157 4028.3257299999996 4044.4089640999987 4950.667759783972 2.3281140327453613
158 4028.3257299999996 4043.8386143999996 4790.817061473257 2.341778039932251
159 4028.3257299999996 4044.574335133333 5559.771158539031 2.35551118850708
160 4028.3257299999996 4038.7173439333333 3389.288179537759 2.3689868450164795
161 4028.3257299999996 4045.4777980666668 5575.423882707062 2.382596969604492
162 4028.3257299999996 4041.702397166666 4373.959159673623 2.3962130546569824
163 4028.3257299999996 4040.3280865999996 4206.52325893171 2.409816026687622
164 4028.3257299999996 4046.008452933333 5999.377348573489 2.4235761165618896
165 4028.3257299999996 4052.0333572999994 7604.607186661853 2.437135934829712
166 4028.3257299999996 4052.1027277666662 6915.987141875359 2.4504599571228027
167 4028.3257299999996 4055.3845824666664 8139.866257752966 2.4640698432922363
168 4028.3257299999996 4049.8014646999995 6902.628723797493 2.4778330326080322
169 4028.3257299999996 4053.3271646333333 7707.719062998371 2.491400957107544
170 4028.3257299999996 4051.2387618 6761.371331268541 2.505176067352295
171 4028.3257299999996 4053.1440397999995 7431.74975125663 2.5186171531677246
172 4028.3257299999996 4048.6375023999994 6298.214709886853 2.5321412086486816
173 4028.3257299999996 4048.572017433333 6543.625080635113 2.5459561347961426
174 4028.3257299999996 4045.733393533332 4752.110581067401 2.560213088989258
175 4028.3257299999996 4043.4795232333336 4266.4206687551 2.574050188064575
176 4028.3257299999996 4047.213061933333 6101.496013286062 2.5882298946380615
177 4028.3257299999996 4047.5956149999997 6026.017285232183 2.601750135421753
178 4028.3257299999996 4050.1645693999994 7323.071066591761 2.615406036376953
179 4028.3257299999996 4054.1276354 7954.065388700652 2.6292901039123535
180 4028.3257299999996 4048.324424766666 5705.00301198747 2.6431400775909424
181 4028.3257299999996 4047.3049901666664 5197.1950454857215 2.6568901538848877
182 4028.3257299999996 4045.0395514333327 4769.82769767012 2.6707589626312256
183 4028.3257299999996 4050.480735033333 6507.117864741335 2.6845669746398926
184 4028.3257299999996 4047.8696483333333 5509.675038271154 2.698024034500122
185 4028.3257299999996 4044.9053282666664 4739.052203431607 2.7121810913085938
186 4028.3257299999996 4043.2014437666658 3822.633990414336 2.7265520095825195
187 4028.3257299999996 4038.8131639999997 2409.1028544967135 2.7408950328826904
188 4028.3257299999996 4043.3014885333337 4025.7918191380672 2.75541090965271
189 4028.3257299999996 4042.9201491999997 3668.2583385684557 2.769824981689453
190 4028.3257299999996 4047.8020392666663 6134.540247757453 2.7842750549316406
191 4028.3257299999996 4046.6506496999996 5630.019274781304 2.798856019973755
192 4028.3257299999996 4040.753121666666 4162.493023306953 2.813520908355713
193 4028.3257299999996 4036.142017166666 2080.5180020620955 2.827569007873535
194 4028.3257299999996 4042.1301798 3497.940638935243 2.842010259628296
195 4028.3257299999996 4044.7037985333327 4174.996722086267 2.856713056564331
196 4028.3257299999996 4042.393303933333 3887.915916606661 2.870811939239502
197 4028.3257299999996 4039.909557666667 3506.9059972930368 2.88510799407959
198 4028.3257299999996 4042.7722703999993 4530.670711791393 2.9000368118286133
199 4028.3257299999996 4042.5124320333325 3827.1234439132477 2.9148411750793457
200 4028.3257299999996 4040.622068066667 3894.163890782737 2.9294309616088867
201 4028.3257299999996 4041.0756647333324 3278.0133609620466 2.943047046661377
202 4028.3257299999996 4037.158665466667 2223.928181129294 2.956465005874634
203 4028.3257299999996 4042.5987360666663 4904.010491441976 2.970505952835083
204 4028.3257299999996 4041.7878056999994 4972.477498167383 2.9847869873046875
205 4028.3257299999996 4043.4670671999997 5936.493143432727 2.9985439777374268
206 4028.3257299999996 4042.3445110000002 4829.488859508039 3.012500047683716
207 4028.3257299999996 4045.4460022666663 6224.2536806639255 3.026564121246338
208 4028.3257299999996 4039.015843566667 3534.6127476338747 3.0400938987731934
209 4028.3257299999996 4042.5925942999993 3837.3894563326844 3.0539309978485107
210 4028.3257299999996 4040.791428333333 2766.2623440501266 3.067802906036377
211 4028.3257299999996 4040.7674484333324 2876.6928680434016 3.0815980434417725
212 4028.3257299999996 4043.866430033333 4785.949624228333 3.0961029529571533
213 4028.3257299999996 4047.5744892999996 6434.8212546176865 3.1099419593811035
214 4028.3257299999996 4043.1940990333337 4677.780730656421 3.123906135559082
215 4028.3257299999996 4046.1163485999996 5675.902491317759 3.137554883956909
216 4028.3257299999996 4046.492025233333 5576.3324426183 3.1516079902648926
217 4028.3257299999996 4041.288936766667 3867.93088070625 3.1655170917510986
218 4028.3257299999996 4042.5309563333326 3926.5305067237964 3.1793501377105713
219 4028.3257299999996 4041.0274027999994 3341.8341567458247 3.193282127380371
220 4028.3257299999996 4042.5869506333333 4027.592579219981 3.207224130630493
221 4028.3257299999996 4042.7997571666665 3979.6553479930913 3.2211930751800537
222 4028.3257299999996 4044.176553666666 4260.594136334925 3.235875129699707
223 4028.3257299999996 4042.389939766666 3767.74499751882 3.250265121459961
224 4028.3257299999996 4041.9475755666663 4704.905999924418 3.264672040939331
225 4028.3257299999996 4050.259054266666 7909.504329877868 3.2790470123291016
226 4028.3257299999996 4045.096775433333 4967.859858711598 3.2931299209594727
227 4028.3257299999996 4047.7646359333335 6108.096492918973 3.3073410987854004
228 4028.3257299999996 4049.6059394333324 6133.108241030548 3.3224470615386963
229 4028.3257299999996 4055.3966856333327 8720.348087423043 3.3368120193481445
230 4028.3257299999996 4052.0452776999996 8158.278946799085 3.3510379791259766
231 4028.3257299999996 4056.637441233333 9432.553591943699 3.3648109436035156
232 4028.3257299999996 4052.608060233333 8044.138539176484 3.378286123275757
233 4028.3257299999996 4045.6626067333327 5091.373500919241 3.3923110961914062
234 4028.3257299999996 4045.547567899999 4880.501104773184 3.4064090251922607
235 4028.3257299999996 4047.066010433333 5318.084519725996 3.4204261302948
236 4028.3257299999996 4042.1823104666664 3958.949125947278 3.434607982635498
237 4028.3257299999996 4042.069770366666 4260.153571829851 3.448782205581665
238 4028.3257299999996 4040.102558599999 3666.5697080861823 3.462447166442871
239 4028.3257299999996 4040.1633769999994 4165.979507381705 3.476423978805542
240 4028.3257299999996 4037.9135598 2407.1489450384815 3.490333080291748
241 4028.3257299999996 4042.431246633333 4428.768484764497 3.503999948501587
242 4028.3257299999996 4043.6310703666663 4662.275348858299 3.5180160999298096
243 4028.3257299999996 4048.211994333333 6077.531759482036 3.5318970680236816
244 4028.3257299999996 4040.899176366667 3967.685486628106 3.5454609394073486
245 4028.3257299999996 4044.6759794666664 5026.746915349274 3.559252977371216
246 4028.3257299999996 4043.183900566666 4589.629221106407 3.572906970977783
247 4028.3257299999996 4045.1982684666664 4492.33082109385 3.5870919227600098
248 4028.3257299999996 4048.4011320000004 6020.063280707512 3.601224899291992
249 4028.3257299999996 4047.5514915666668 5292.01846225206 3.6154398918151855
The optimum value should be 4028.32573

4028.3257299999996 3.6292529106140137

-------------------------------------------------------------------------------------------------------------------------

ROUND 2:
Generation, best, average, variance, time(s)
0 60544.19253 70861.85818553333 17297425.533096474 0.029258251190185547
1 26552.34844 67970.96738349998 27297454.24181511 0.07311415672302246
2 8595.535950000001 58283.61584586666 208433587.7709252 0.1067051887512207
3 6193.7142 44312.15072703333 453771766.56003636 0.13384699821472168
4 5454.22171 36329.256089300005 511610038.83713543 0.15736603736877441
5 4616.00307 27538.834215533338 430360052.06052935 0.1784970760345459
6 4250.059079999999 21143.656772266662 361473337.4483113 0.19840407371520996
7 4250.059079999999 17104.0749624 281456264.2288697 0.21626996994018555
8 4250.059079999999 14134.227102366667 232549918.71896183 0.23329925537109375
9 4203.43525 11911.303121166668 179119035.17935246 0.24927115440368652
10 4173.39846 10140.646455200002 144263969.544172 0.26485514640808105
11 4173.39846 8729.777760933333 110055168.58209287 0.28047990798950195
12 4123.01051 7578.754898466666 79748025.61157143 0.2960371971130371
13 4123.01051 6523.325951033334 51975000.0428928 0.3112640380859375
14 4064.8631899999996 6001.848281433334 41565875.122100025 0.3260369300842285
15 4064.8631899999996 5598.8761736999995 36411138.24488574 0.3404860496520996
16 4042.29651 5172.1503631000005 21082299.975578204 0.35497117042541504
17 4042.29651 4835.535008033333 16020290.627486045 0.369171142578125
18 4042.29651 4618.1942947 7456921.638851789 0.3829371929168701
19 4042.29651 4482.0577812 6229129.563614353 0.3969540596008301
20 4042.29651 4371.7843331 3618223.811483951 0.41104912757873535
21 4042.29651 4338.631840499999 3528402.5929818437 0.4250180721282959
22 4042.29651 4280.1426313 2792210.1753150662 0.4392240047454834
23 4042.29651 4222.250351066667 2162002.234132121 0.45328521728515625
24 4042.29651 4146.546083133333 843622.0616541997 0.46690917015075684
25 4042.29651 4136.438936833332 805916.2046271147 0.4805271625518799
26 4042.29651 4092.4497158 251930.94179606394 0.4944612979888916
27 4042.29651 4088.0761534666667 250762.47331758434 0.5080301761627197
28 4042.29651 4069.690981466667 18066.9418999792 0.5225222110748291
29 4042.29651 4062.3605562333337 15016.530482532504 0.5370941162109375
30 4042.29651 4068.883623100001 17547.368572158997 0.5515220165252686
31 4042.29651 4070.145988 18587.32624991377 0.5655591487884521
32 4042.29651 4064.5975479333338 7354.875092612986 0.5792849063873291
33 4042.29651 4058.2978323 5363.759921609842 0.5931131839752197
34 4042.29651 4055.719312666667 3427.465412499445 0.606903076171875
35 4042.29651 4053.1283040000003 2163.148467443006 0.6207032203674316
36 4042.29651 4053.7433199 2583.538511297685 0.6346781253814697
37 4042.29651 4056.947757633333 3352.329887621082 0.648787260055542
38 4042.29651 4055.9419124333344 3002.7700568046016 0.6625871658325195
39 4042.29651 4058.7781405333335 5438.009416081624 0.6764681339263916
40 4042.29651 4061.559809766667 6341.79503358631 0.6902530193328857
41 4042.29651 4057.7140485333334 3594.340719411422 0.7038431167602539
42 4042.29651 4057.3384977333335 3598.60878186629 0.7173581123352051
43 4042.29651 4061.7918256333337 5762.735161971002 0.7310011386871338
44 4042.29651 4062.9864480666674 6273.392907375721 0.7446141242980957
45 4042.29651 4065.9245469 6346.361434250984 0.7582311630249023
46 4042.29651 4060.8527967333334 4934.700215588065 0.771923303604126
47 4042.29651 4062.926056433334 6745.5892197326975 0.7857542037963867
48 4042.29651 4062.8733983666666 6762.3631481344255 0.7992429733276367
49 4042.29651 4058.7918082000006 5352.807074807081 0.8130600452423096
50 4042.29651 4060.1917741333336 4303.95916081852 0.8272209167480469
51 4028.3257299999996 4060.8156946666672 4438.473323931646 0.8417720794677734
52 4028.3257299999996 4061.5432054999997 4973.433858549413 0.855985164642334
53 4028.3257299999996 4058.347341966666 4806.2215208544685 0.8698511123657227
54 4028.3257299999996 4054.8307601000006 4790.878886074216 0.883338212966919
55 4028.3257299999996 4061.2236441 8706.842407753942 0.8970770835876465
56 4028.3257299999996 4057.199479133333 7850.3376462713795 0.910797119140625
57 4028.3257299999996 4056.016942999999 8929.22751612445 0.9243350028991699
58 4028.3257299999996 4057.393686033334 8848.168467405558 0.9382109642028809
59 4028.3257299999996 4057.452047633333 7945.782124881841 0.952038049697876
60 4028.3257299999996 4057.8349391999996 7372.067661680303 0.9658842086791992
61 4028.3257299999996 4059.144158433333 8975.604101509418 0.9802510738372803
62 4028.3257299999996 4061.639600666667 10006.393081397599 0.9944150447845459
63 4028.3257299999996 4061.161655733333 9808.638635396132 1.0087110996246338
64 4028.3257299999996 4050.8035364666657 6784.838726849242 1.0229041576385498
65 4028.3257299999996 4049.0507632999993 8039.2747618775165 1.0370123386383057
66 4028.3257299999996 4041.716367133333 3310.1541520993737 1.05037522315979
67 4028.3257299999996 4045.3447059999994 4708.652519768337 1.0640220642089844
68 4028.3257299999996 4045.9718279333333 5037.2709402692935 1.0782392024993896
69 4028.3257299999996 4042.8441328666668 3842.490339048095 1.0920140743255615
70 4028.3257299999996 4051.8561162666665 6464.175978452441 1.1063201427459717
71 4028.3257299999996 4051.194544933333 6246.877682483127 1.1208240985870361
72 4028.3257299999996 4051.771300266666 7618.657431794662 1.1355831623077393
73 4028.3257299999996 4050.8454272999993 6843.880079626754 1.1498973369598389
74 4028.3257299999996 4050.058211566666 5823.890054744676 1.1639211177825928
75 4028.3257299999996 4049.160738866666 6827.7481713550405 1.1779201030731201
76 4028.3257299999996 4046.522409133333 4685.815236223925 1.1921730041503906
77 4028.3257299999996 4043.2358335 3972.471167936515 1.2062342166900635
78 4028.3257299999996 4042.517874433333 3005.44927948774 1.2213311195373535
79 4028.3257299999996 4046.8466802 5177.59970875359 1.2363791465759277
80 4028.3257299999996 4045.1297966666666 4097.63542130477 1.2508690357208252
81 4028.3257299999996 4045.1012048333323 4427.856726863546 1.264761209487915
82 4028.3257299999996 4047.4021813666664 5962.379500354545 1.2786810398101807
83 4028.3257299999996 4043.5632358000003 4597.768529299627 1.2931630611419678
84 4028.3257299999996 4042.654159333333 4329.889932346477 1.3081161975860596
85 4028.3257299999996 4042.182267133333 4378.752645397926 1.3229141235351562
86 4028.3257299999996 4041.5602181666673 3902.540728832024 1.3373711109161377
87 4028.3257299999996 4044.740662533333 4769.564189241533 1.3513352870941162
88 4028.3257299999996 4042.4222063999996 4359.380004661246 1.3652100563049316
89 4028.3257299999996 4046.2580871666673 5137.862830112662 1.3796112537384033
90 4028.3257299999996 4041.4093307666667 4029.391152153301 1.3936021327972412
91 4028.3257299999996 4042.9518526999996 3774.9253872122563 1.4077961444854736
92 4028.3257299999996 4045.426888833333 4639.152561794161 1.4215569496154785
93 4028.3257299999996 4049.7197361333333 5681.3989477942605 1.435563087463379
94 4028.3257299999996 4047.964590766666 4559.699277771174 1.449439287185669
95 4028.3257299999996 4046.6201401666663 4354.896127438601 1.4635932445526123
96 4028.3257299999996 4048.7421480999997 5300.15495614352 1.4777379035949707
97 4028.3257299999996 4050.2923812333333 7194.337740552432 1.4923341274261475
98 4028.3257299999996 4047.5346170999997 6006.755010347045 1.5065181255340576
99 4028.3257299999996 4049.6877001666667 7091.850348140979 1.5208580493927002
100 4028.3257299999996 4043.9337895333333 4108.132211696995 1.535283088684082
101 4028.3257299999996 4044.6786336333334 4567.1790435115245 1.5492300987243652
102 4028.3257299999996 4046.059421033333 5199.999394378525 1.5633020401000977
103 4028.3257299999996 4044.2871373666667 4098.417155165658 1.5772180557250977
104 4028.3257299999996 4044.189523433333 4146.695363636741 1.5910091400146484
105 4028.3257299999996 4045.7118809666663 4504.86956258655 1.6047000885009766
106 4028.3257299999996 4047.146623333333 4085.9314591667353 1.618474006652832
107 4028.3257299999996 4045.7574533333336 4046.3068199981394 1.6328411102294922
108 4028.3257299999996 4045.537236066666 4166.297744219986 1.6466341018676758
109 4028.3257299999996 4044.899002833333 4442.138845201394 1.66078519821167
110 4028.3257299999996 4046.1485393 4817.707103335492 1.6757292747497559
111 4028.3257299999996 4047.5579679999996 6793.0497509385705 1.6906170845031738
112 4028.3257299999996 4049.882021233333 7650.247382766986 1.7050971984863281
113 4028.3257299999996 4046.738937633333 6252.278196467125 1.7204411029815674
114 4028.3257299999996 4052.0109741666656 8474.461065819134 1.7351341247558594
115 4028.3257299999996 4044.0007376 4113.121354030713 1.7502501010894775
116 4028.3257299999996 4039.442624266666 2794.83470117835 1.7646923065185547
117 4028.3257299999996 4041.8577251666666 3267.237179282701 1.7787933349609375
118 4028.3257299999996 4042.713999999999 4374.868626071983 1.7931711673736572
119 4028.3257299999996 4042.716747133333 3800.4754255801417 1.8071720600128174
120 4028.3257299999996 4045.3920225666666 4731.872588742976 1.8214173316955566
121 4028.3257299999996 4043.3212650666665 4088.0011090562725 1.8361091613769531
122 4028.3257299999996 4043.012721433334 3998.851092752396 1.850513219833374
123 4028.3257299999996 4044.6045379666666 5099.5369070683555 1.8645212650299072
124 4028.3257299999996 4046.8582128999997 5552.402572926338 1.8789329528808594
125 4028.3257299999996 4057.1688099666662 9510.281070289699 1.8931760787963867
126 4028.3257299999996 4053.7455096666663 7790.722930816081 1.9070172309875488
127 4028.3257299999996 4052.515940133333 7473.28333725087 1.9211492538452148
128 4028.3257299999996 4053.810120066666 7207.890577100509 1.9352281093597412
129 4028.3257299999996 4049.463693199999 5951.6872481904475 1.949228048324585
130 4028.3257299999996 4047.0837475333333 4904.279707528203 1.96327805519104
131 4028.3257299999996 4042.401052733333 3387.5774346147864 1.9773130416870117
132 4028.3257299999996 4047.618618966667 4891.012205329436 1.9912149906158447
133 4028.3257299999996 4046.5750787333327 4222.564396122543 2.005723237991333
134 4028.3257299999996 4045.5490656666666 4144.064216852803 2.019932270050049
135 4028.3257299999996 4048.417654866666 5573.442644924753 2.0337231159210205
136 4028.3257299999996 4045.022365966666 4752.478544146688 2.0477101802825928
137 4028.3257299999996 4045.4768769999996 4685.599219578871 2.0618011951446533
138 4028.3257299999996 4042.8377718999996 3991.4667670145104 2.0757648944854736
139 4028.3257299999996 4043.2873741666663 3896.984565487503 2.0897810459136963
140 4028.3257299999996 4053.953692999999 7359.953634250775 2.1037821769714355
141 4028.3257299999996 4051.2039414 6401.136554838677 2.1178159713745117
142 4028.3257299999996 4043.470885666666 4208.815857249358 2.1321210861206055
143 4028.3257299999996 4045.5288308666663 4866.621046518444 2.1463563442230225
144 4028.3257299999996 4045.7628728333325 5266.346214167844 2.1601572036743164
145 4028.3257299999996 4049.810586333332 6301.16243595085 2.1741533279418945
146 4028.3257299999996 4046.4678489666667 5023.972757862185 2.188244342803955
147 4028.3257299999996 4045.1773359999993 4603.873056516673 2.202089309692383
148 4028.3257299999996 4045.2619231666663 5111.620599393366 2.2159972190856934
149 4028.3257299999996 4045.8088352333334 5510.839506864576 2.230133056640625
150 4028.3257299999996 4049.619177033333 5984.458354106371 2.243845224380493
151 4028.3257299999996 4044.5733522666665 4525.110543397108 2.2576780319213867
152 4028.3257299999996 4042.0148483333332 3801.7651163004284 2.272489309310913
153 4028.3257299999996 4040.986894133333 3291.5327061338826 2.286844253540039
154 4028.3257299999996 4044.8378388 3959.3255401422634 2.301500082015991
155 4028.3257299999996 4045.8346669333328 4368.886932648688 2.315732955932617
156 4028.3257299999996 4044.991027133333 4315.613792580111 2.330681085586548
157 4028.3257299999996 4039.4013434999997 2564.8505469095644 2.3449299335479736
158 4028.3257299999996 4039.5188346666664 2817.06014684427 2.3590590953826904
159 4028.3257299999996 4043.5143920666665 3989.360038058889 2.3732590675354004
160 4028.3257299999996 4046.648768833333 4778.749259929586 2.3870761394500732
161 4028.3257299999996 4044.0498477333326 3933.5637489669566 2.401344060897827
162 4028.3257299999996 4044.8595145666663 5283.17825733139 2.4154951572418213
163 4028.3257299999996 4043.075853466666 4292.001573615712 2.429561138153076
164 4028.3257299999996 4046.085986966666 5289.98276609409 2.443751096725464
165 4028.3257299999996 4045.1914970333332 4665.10185941689 2.457611083984375
166 4028.3257299999996 4046.1380479333325 5481.250666550769 2.4719440937042236
167 4028.3257299999996 4052.5673671 7804.212943437677 2.4864649772644043
168 4028.3257299999996 4052.1675204000003 7606.095134983351 2.5008890628814697
169 4028.3257299999996 4047.6288177999995 5742.675423911957 2.5149600505828857
170 4028.3257299999996 4047.718063766666 5924.685425716201 2.5291531085968018
171 4028.3257299999996 4051.7783833999993 7318.394421357081 2.543300151824951
172 4028.3257299999996 4050.4604729999996 5762.944260933753 2.5573182106018066
173 4028.3257299999996 4046.3492992 5322.103869633196 2.5716300010681152
174 4028.3257299999996 4046.7982031666666 6151.488021665253 2.586158037185669
175 4028.3257299999996 4049.552299133333 7145.301501726651 2.600222110748291
176 4028.3257299999996 4049.6638295333337 7176.300695094352 2.6147172451019287
177 4028.3257299999996 4051.7177430333327 7897.739542171484 2.628756284713745
178 4028.3257299999996 4051.373702033333 7617.08739706381 2.642778158187866
179 4028.3257299999996 4049.3307282333326 6327.861195094103 2.6569461822509766
180 4028.3257299999996 4047.6674104999997 4192.366780376408 2.671262264251709
181 4028.3257299999996 4046.4205975666664 4438.999712570612 2.6863291263580322
182 4028.3257299999996 4045.674076533333 4599.393728513395 2.7012951374053955
183 4028.3257299999996 4046.4448553666657 4707.747697454755 2.7156829833984375
184 4028.3257299999996 4049.5271062333322 5597.0998039356755 2.729763984680176
185 4028.3257299999996 4048.5133671666667 6126.034714023871 2.743882894515991
186 4028.3257299999996 4050.7870620999997 6509.319924692711 2.758082151412964
187 4028.3257299999996 4044.9865726333337 4128.955425865305 2.7720072269439697
188 4028.3257299999996 4052.1174119999996 5876.095772452696 2.7858450412750244
189 4028.3257299999996 4048.100227766666 5369.6330517139895 2.79945707321167
190 4028.3257299999996 4043.9425842 3917.7009512707327 2.8134031295776367
191 4028.3257299999996 4044.628610633333 4251.2414889290785 2.8289310932159424
192 4028.3257299999996 4038.7811969 2808.693877592145 2.8440229892730713
193 4028.3257299999996 4041.445012466667 3458.235809135059 2.8585140705108643
194 4028.3257299999996 4045.359284733333 5012.761202553186 2.8724520206451416
195 4028.3257299999996 4041.6340224333326 3304.4912643375237 2.88637113571167
196 4028.3257299999996 4044.6248559666665 4708.871554896904 2.9005680084228516
197 4028.3257299999996 4047.4734094999994 5638.691301419524 2.9145641326904297
198 4028.3257299999996 4046.4010549666664 5122.43450794154 2.9282631874084473
199 4028.3257299999996 4044.0506008999996 4283.8308052523935 2.9459381103515625
200 4028.3257299999996 4043.8623890999997 4791.105695781073 2.960707187652588
201 4028.3257299999996 4050.7603663333334 7020.176263356379 2.974696159362793
202 4028.3257299999996 4050.037772933333 6352.2456149543605 2.988624095916748
203 4028.3257299999996 4048.715757999999 6140.475540980614 3.0025970935821533
204 4028.3257299999996 4050.3325426 5936.4377257423275 3.016496181488037
205 4028.3257299999996 4048.181795299999 5327.253034983496 3.0304582118988037
206 4028.3257299999996 4047.1251676999996 4763.750640485848 3.044213056564331
207 4028.3257299999996 4052.6526447333335 7015.025258580939 3.0578579902648926
208 4028.3257299999996 4051.7630767 6283.292828717742 3.071639060974121
209 4028.3257299999996 4042.667765666666 4585.928195768074 3.0851030349731445
210 4028.3257299999996 4043.6315464999993 5121.77846202111 3.098850965499878
211 4028.3257299999996 4047.8966962 6000.325661892444 3.113110065460205
212 4028.3257299999996 4052.9810627333322 7374.300100732254 3.127084970474243
213 4028.3257299999996 4052.345210733333 7771.6659514473895 3.14079213142395
214 4028.3257299999996 4052.5899534 8185.7461844245 3.154999017715454
215 4028.3257299999996 4049.1000186999995 5682.386613005568 3.1687300205230713
216 4028.3257299999996 4041.728393966666 4108.916114348683 3.1824302673339844
217 4028.3257299999996 4043.7559871999997 4527.691636359254 3.1964681148529053
218 4028.3257299999996 4047.134246033332 5995.168572891448 3.210273027420044
219 4028.3257299999996 4040.692225233333 3514.4927461660873 3.223665237426758
220 4028.3257299999996 4042.517002699999 3789.307223967458 3.2374861240386963
221 4028.3257299999996 4049.094955566666 5996.095125069763 3.251026153564453
222 4028.3257299999996 4042.3172381333325 3523.5659535918207 3.2647101879119873
223 4028.3257299999996 4041.8335421666666 3347.152956206689 3.278726100921631
224 4028.3257299999996 4043.3438556666665 3581.821641166926 3.293347120285034
225 4028.3257299999996 4044.8450994666664 4131.26556808226 3.3079609870910645
226 4028.3257299999996 4049.9204275 6623.446429568882 3.32253098487854
227 4028.3257299999996 4049.6370949999987 7336.980484717479 3.336259126663208
228 4028.3257299999996 4049.514653433333 7026.427902087591 3.349896192550659
229 4028.3257299999996 4047.3230052000004 6254.816144956568 3.363807201385498
230 4028.3257299999996 4043.108749233333 5294.262119373747 3.3775620460510254
231 4028.3257299999996 4037.8961642999993 2625.0389408154083 3.3914501667022705
232 4028.3257299999996 4039.1735295666663 2698.334486557767 3.405569076538086
233 4028.3257299999996 4044.2547872666664 5184.068015246375 3.4194140434265137
234 4028.3257299999996 4043.2874695333326 4587.609759235989 3.4329981803894043
235 4028.3257299999996 4042.5394407333333 3813.878407926893 3.446816921234131
236 4028.3257299999996 4044.397623166667 4657.212466823941 3.4606051445007324
237 4028.3257299999996 4047.9306766666664 5794.583012129691 3.474323272705078
238 4028.3257299999996 4045.514600466666 5004.345270381654 3.4882311820983887
239 4028.3257299999996 4047.066118233333 5209.717480067494 3.502258062362671
240 4028.3257299999996 4044.1758655666667 4744.5491650358645 3.515892267227173
241 4028.3257299999996 4046.9468555999997 6583.7685840113945 3.5297582149505615
242 4028.3257299999996 4046.9068510999996 6899.668500753778 3.5435562133789062
243 4028.3257299999996 4042.592995866666 4406.57080877925 3.557582139968872
244 4028.3257299999996 4042.323862466666 4509.053608218257 3.5724472999572754
245 4028.3257299999996 4051.3202435999992 7517.547322994798 3.586883068084717
246 4028.3257299999996 4044.900211533333 4632.898766702786 3.601213216781616
247 4028.3257299999996 4048.4253305999996 5313.3212700452195 3.6148478984832764
248 4028.3257299999996 4047.248801533333 5271.467462146422 3.628632068634033
249 4028.3257299999996 4043.4604226666665 4189.629637611912 3.642859935760498
The optimum value should be 4028.32573

4028.3257299999996 3.656665086746216

-------------------------------------------------------------------------------------------------------------------------

ROUND 3:
Generation, best, average, variance, time(s)
0 59855.41909 71085.88349006666 18480129.95715419 0.029515981674194336
1 26284.050260000004 67963.0401632 29475872.09328987 0.07419013977050781
2 11111.35271 56533.079177499996 225113533.636151 0.1090402603149414
3 7082.1465800000005 46607.44201266667 396354344.18268394 0.13739228248596191
4 6392.33651 36391.81152256666 476511199.61796933 0.1623239517211914
5 4551.22825 28402.263909233337 386457745.05049986 0.18361401557922363
6 4551.22825 21226.910520633333 321702745.99063414 0.20311498641967773
7 4201.0244299999995 16310.901676033334 238835974.5437559 0.22107505798339844
8 4201.0244299999995 12668.168115066666 175749543.56249565 0.23887324333190918
9 4201.0244299999995 10435.263581633333 118233502.50130092 0.25478506088256836
10 4201.0244299999995 9183.620749066667 98339355.12104052 0.27102017402648926
11 4201.0244299999995 8285.542993333334 81975722.84129433 0.28688788414001465
12 4152.09937 7390.774107399999 61037065.87514849 0.3029601573944092
13 4152.09937 6490.028743066667 38889522.038264744 0.31835508346557617
14 4081.7066299999997 5663.536529666667 18665056.0715615 0.3334469795227051
15 4042.29651 5437.764715033333 17241024.0469114 0.348344087600708
16 4042.29651 5110.5207396000005 12403653.719917892 0.36298108100891113
17 4042.29651 4859.752174766667 10748198.117892887 0.3775370121002197
18 4042.29651 4645.204970933334 7446531.428675791 0.39233994483947754
19 4042.29651 4464.288478766666 3361362.0721459 0.4064610004425049
20 4042.29651 4331.476329566667 1382933.0384408871 0.4204521179199219
21 4042.29651 4316.682907066666 1291735.1409688096 0.43465185165405273
22 4042.29651 4230.1729055666665 856189.2249696004 0.4487428665161133
23 4042.29651 4197.420700766667 742719.5485454608 0.4630930423736572
24 4042.29651 4162.994455133334 600082.9366109252 0.47731518745422363
25 4042.29651 4124.965860866667 209674.42036427057 0.49127817153930664
26 4042.29651 4116.417384633333 211859.75858841895 0.5055990219116211
27 4042.29651 4091.5942573 87675.52508953723 0.5198311805725098
28 4042.29651 4082.6604162000003 68443.19105818609 0.5340690612792969
29 4042.29651 4077.581877233333 39492.8149505297 0.5482950210571289
30 4042.29651 4075.723312833334 38917.967435008446 0.5621531009674072
31 4042.29651 4062.067139966666 9353.09063984159 0.5760641098022461
32 4042.29651 4062.6155292333337 10000.952778097322 0.5899488925933838
33 4042.29651 4059.7484436333334 8779.901155957763 0.603621244430542
34 4042.29651 4057.932258266667 7906.776816956723 0.6175789833068848
35 4042.29651 4054.409046133333 3296.34537378864 0.6313810348510742
36 4042.29651 4052.766841300001 2356.006043001393 0.6451661586761475
37 4042.29651 4049.608032466667 1802.9046861157249 0.6589751243591309
38 4042.29651 4049.319964033334 1732.2351348626835 0.6729269027709961
39 4042.29651 4053.7187066333336 3126.566114452854 0.6867201328277588
40 4042.29651 4053.733794633334 2894.2600482387234 0.7008509635925293
41 4042.29651 4059.3237873 5169.79663052276 0.7147479057312012
42 4042.29651 4058.465351133334 4154.525048873356 0.7284550666809082
43 4042.29651 4059.012171666667 3598.073497593458 0.7419929504394531
44 4042.29651 4057.6913180666675 3545.5132659428755 0.7557382583618164
45 4042.29651 4062.1865481666678 5304.688371548065 0.7693979740142822
46 4042.29651 4061.7643056 5177.184732130744 0.7831339836120605
47 4042.29651 4060.4052493333334 4702.606247635505 0.7969181537628174
48 4042.29651 4057.840989133334 3684.5339319511527 0.8103489875793457
49 4042.29651 4051.1110904666666 1765.8930016963793 0.8241779804229736
50 4042.29651 4052.500418266667 2150.5079073637003 0.8383009433746338
51 4042.29651 4063.3688191666665 6536.850507779166 0.8526411056518555
52 4042.29651 4058.289276966667 4785.646532104857 0.8675460815429688
53 4042.29651 4056.2154370666667 3541.1006879039014 0.8818418979644775
54 4042.29651 4052.347340666667 2699.2611255764314 0.8955750465393066
55 4042.29651 4053.647203300001 3880.8008553465675 0.9101970195770264
56 4042.29651 4052.8160951 2103.383817844429 0.9248592853546143
57 4042.29651 4056.2324516333338 3234.4203952338175 0.9390690326690674
58 4042.29651 4057.975901166667 3696.367459266429 0.9527051448822021
59 4042.29651 4055.838639066667 3367.4291105939533 0.9665231704711914
60 4042.29651 4061.9246601 5765.391284144316 0.9804060459136963
61 4042.29651 4059.086021266667 4692.969997901454 0.9942519664764404
62 4042.29651 4060.156216133334 5668.31516790491 1.0084800720214844
63 4042.29651 4055.258672633334 5588.523726181821 1.0224919319152832
64 4042.29651 4051.6152596333336 3786.6324316834784 1.0363872051239014
65 4042.29651 4055.276378833333 3595.382780433586 1.0504670143127441
66 4042.29651 4051.8034858333335 2543.8599575848584 1.064328908920288
67 4042.29651 4050.186992000001 1557.6535930142466 1.0782620906829834
68 4042.29651 4056.7872155333343 4233.160230254056 1.0921430587768555
69 4042.29651 4057.935050133334 4857.775777412393 1.106139898300171
70 4042.29651 4053.2137157666666 3109.2813958843194 1.119952917098999
71 4042.29651 4059.9690655000004 5477.707645631027 1.1337730884552002
72 4042.29651 4057.0562464000004 4841.072993799777 1.1474430561065674
73 4042.29651 4060.777645233334 6157.2343348545655 1.1611340045928955
74 4042.29651 4070.647946566667 8344.881428619872 1.174811840057373
75 4042.29651 4062.8759206666673 7395.167730578144 1.18876314163208
76 4042.29651 4057.301189733334 3705.097713503255 1.202287197113037
77 4042.29651 4058.9602209000004 5698.063601045269 1.2160849571228027
78 4042.29651 4055.8392051333335 3363.6069715399176 1.2299120426177979
79 4042.29651 4058.9326378333335 3733.7618240504275 1.2437090873718262
80 4042.29651 4058.8842064 4703.860641491458 1.257282018661499
81 4042.29651 4053.1559715 3169.7453945049847 1.2709569931030273
82 4042.29651 4052.5437991000003 3056.3348828978887 1.285386085510254
83 4042.29651 4052.748216833333 2275.7299267188987 1.3000121116638184
84 4042.29651 4060.1157480000006 4367.678763887157 1.3147010803222656
85 4042.29651 4064.365529866667 6687.256788206866 1.3293530941009521
86 4042.29651 4063.5262968 6281.654533032142 1.3436200618743896
87 4042.29651 4066.3433972000003 7405.6113813932025 1.3575770854949951
88 4042.29651 4057.703330833333 5276.382283446446 1.37107515335083
89 4042.29651 4059.5548680000006 5074.107341196742 1.384882926940918
90 4042.29651 4060.2579272333332 5333.719518840453 1.3987350463867188
91 4042.29651 4057.600196866667 4193.151455636034 1.4124011993408203
92 4042.29651 4060.853544533333 4883.615270845913 1.426171064376831
93 4042.29651 4058.5540695000004 3888.8464477275693 1.4399008750915527
94 4042.29651 4058.930010433334 4196.04769736475 1.4534971714019775
95 4042.29651 4060.376983533334 5634.791374177294 1.4675850868225098
96 4042.29651 4053.7808876000004 2935.3345181989425 1.481245994567871
97 4042.29651 4056.8317018000007 3877.5204249990056 1.4948780536651611
98 4042.29651 4057.8181179000003 4141.0560700799615 1.5087690353393555
99 4028.3257299999996 4065.0281927 5025.055694839266 1.5228111743927002
100 4028.3257299999996 4061.882068933334 4686.51586616719 1.5367591381072998
101 4028.3257299999996 4056.541125166667 4235.87793599262 1.5503318309783936
102 4028.3257299999996 4056.1059149999996 5197.503391225689 1.5640461444854736
103 4028.3257299999996 4059.7867986 7151.301419460794 1.5779860019683838
104 4028.3257299999996 4056.908026833333 9074.267640401604 1.5918240547180176
105 4028.3257299999996 4048.1617904 3795.234377221616 1.6055209636688232
106 4028.3257299999996 4047.499797433333 4126.408505284702 1.6194019317626953
107 4028.3257299999996 4042.8784515666666 3052.4664436507514 1.6331641674041748
108 4028.3257299999996 4048.5240841666664 4839.492219796766 1.6470301151275635
109 4028.3257299999996 4049.383831333333 5810.594608976078 1.6609270572662354
110 4028.3257299999996 4047.5603274666664 5181.889316985736 1.674659013748169
111 4028.3257299999996 4052.6436710666662 5737.492948948714 1.6883761882781982
112 4028.3257299999996 4055.4693703333337 6893.78402061791 1.7022881507873535
113 4028.3257299999996 4050.9102901 6247.419385689051 1.7162408828735352
114 4028.3257299999996 4050.415374733333 5842.103163243703 1.7298650741577148
115 4028.3257299999996 4048.6333323 5253.623028675784 1.7437050342559814
116 4028.3257299999996 4047.0625453999996 4809.761706186235 1.7574059963226318
117 4028.3257299999996 4049.0892311000002 5113.034347752696 1.7711291313171387
118 4028.3257299999996 4045.0280860000003 4281.3441933163995 1.7850098609924316
119 4028.3257299999996 4046.861313333333 5091.624355067315 1.798846960067749
120 4028.3257299999996 4050.7213521666663 6742.437688242387 1.8125629425048828
121 4028.3257299999996 4055.192820566667 8205.432257259481 1.8262951374053955
122 4028.3257299999996 4053.3788638333326 6983.469537237048 1.8405160903930664
123 4028.3257299999996 4053.1087017666655 8051.202369430748 1.8543031215667725
124 4028.3257299999996 4048.6417674000004 6865.310700461789 1.8687140941619873
125 4028.3257299999996 4053.960347866666 8949.582229159376 1.8828449249267578
126 4028.3257299999996 4053.2155678333324 7163.474910344651 1.8966729640960693
127 4028.3257299999996 4045.5564911666665 4467.323832933809 1.9103081226348877
128 4028.3257299999996 4044.339758233333 4247.030720486042 1.924149990081787
129 4028.3257299999996 4045.6693877000002 4556.999528464128 1.9378528594970703
130 4028.3257299999996 4050.127930266666 5665.911392930962 1.9514660835266113
131 4028.3257299999996 4043.7253818 3652.85862748113 1.9651529788970947
132 4028.3257299999996 4045.0128838999995 4604.107109100994 1.9787101745605469
133 4028.3257299999996 4047.0096175666667 5336.981625713331 1.9924941062927246
134 4028.3257299999996 4045.8075200666667 4573.703533380389 2.0061099529266357
135 4028.3257299999996 4047.078487433333 4879.1205433768655 2.020109176635742
136 4028.3257299999996 4047.0093238333325 4968.057713124751 2.0340869426727295
137 4028.3257299999996 4048.7848781 5662.069698855578 2.048114061355591
138 4028.3257299999996 4054.421674366666 8308.742827830867 2.0618910789489746
139 4028.3257299999996 4053.442112833333 8136.229263541906 2.0753111839294434
140 4028.3257299999996 4044.5821752999996 3836.1336200862675 2.089000940322876
141 4028.3257299999996 4043.7415497999996 3570.86486235754 2.102640151977539
142 4028.3257299999996 4042.066705533333 3351.8590971370218 2.116219997406006
143 4028.3257299999996 4043.4409339666663 4117.600533794704 2.130214214324951
144 4028.3257299999996 4047.1652216 4514.330414432894 2.14410400390625
145 4028.3257299999996 4045.8704261 4646.7739408919015 2.1576600074768066
146 4028.3257299999996 4046.297744666667 5292.385479912594 2.1714282035827637
147 4028.3257299999996 4040.377186566666 2927.274240005409 2.185137987136841
148 4028.3257299999996 4037.929768833333 1838.594366517325 2.198715925216675
149 4028.3257299999996 4042.8951931333327 3747.798543903232 2.2128520011901855
150 4028.3257299999996 4044.9924399666666 4393.294143104447 2.2267661094665527
151 4028.3257299999996 4037.0002342333332 1933.9629525915902 2.2403860092163086
152 4028.3257299999996 4039.931956733333 2751.7201610985207 2.254132032394409
153 4028.3257299999996 4038.9032055 2370.7035993720674 2.2679831981658936
154 4028.3257299999996 4044.136288766666 3973.7438073758735 2.281370162963867
155 4028.3257299999996 4038.942116933333 2150.370060411318 2.295530080795288
156 4028.3257299999996 4042.0531575333334 3470.3764750613573 2.309643030166626
157 4028.3257299999996 4044.7290978999995 4523.8010447961315 2.323543071746826
158 4028.3257299999996 4041.4461520333334 2981.513834630375 2.3377699851989746
159 4028.3257299999996 4041.7652242333334 3358.3711984170195 2.3514931201934814
160 4028.3257299999996 4040.5599992 3005.1046043748715 2.365253210067749
161 4028.3257299999996 4041.8719310666665 3259.7649946879014 2.378937244415283
162 4028.3257299999996 4045.1787899999995 4907.796042374666 2.3926851749420166
163 4028.3257299999996 4040.207529 3175.9914475189726 2.4062678813934326
164 4028.3257299999996 4038.773224333334 3564.678080562511 2.4201090335845947
165 4028.3257299999996 4038.8693748999995 2305.334860967191 2.4347152709960938
166 4028.3257299999996 4041.999578433333 4140.743406293171 2.449263095855713
167 4028.3257299999996 4041.0033283333332 3933.3394580922004 2.4639182090759277
168 4028.3257299999996 4041.6831606666665 3337.967962181912 2.4785420894622803
169 4028.3257299999996 4041.7712377999997 2868.4915529194373 2.4927260875701904
170 4028.3257299999996 4047.4456833999993 5302.330199103264 2.5071051120758057
171 4028.3257299999996 4050.409727366666 5760.61605334222 2.5215559005737305
172 4028.3257299999996 4044.6629854000003 3738.1360955445066 2.53554105758667
173 4028.3257299999996 4046.4353596 4253.499223206467 2.549251079559326
174 4028.3257299999996 4055.315076866667 7468.752609003463 2.563015937805176
175 4028.3257299999996 4049.848132066666 5910.331520578746 2.5768070220947266
176 4028.3257299999996 4052.3215201666662 7038.988766416229 2.5907890796661377
177 4028.3257299999996 4056.5088634666663 10082.510093831843 2.6046142578125
178 4028.3257299999996 4045.9016308666655 4905.294097775043 2.6182310581207275
179 4028.3257299999996 4038.736619266667 2715.320948897895 2.6318230628967285
180 4028.3257299999996 4036.143527266666 1992.8233365583258 2.645400047302246
181 4028.3257299999996 4044.4044948999995 4494.63957486705 2.659281015396118
182 4028.3257299999996 4046.5947309999997 5594.521816841409 2.673275947570801
183 4028.3257299999996 4049.693729899999 6252.835853231707 2.686877965927124
184 4028.3257299999996 4049.8113881666663 6496.35851112536 2.7003700733184814
185 4028.3257299999996 4046.984923233332 5047.2067346842805 2.7142579555511475
186 4028.3257299999996 4040.3251166 2759.1036636230037 2.7281689643859863
187 4028.3257299999996 4045.6726000666663 4073.3705747830218 2.741971015930176
188 4028.3257299999996 4044.485526466666 3709.6558597437283 2.7559421062469482
189 4028.3257299999996 4043.949147933333 3592.21073589278 2.7698349952697754
190 4028.3257299999996 4049.697223133333 5907.761619740349 2.783655881881714
191 4028.3257299999996 4048.8236962666665 5229.007202829851 2.7973339557647705
192 4028.3257299999996 4047.7677966333326 5137.501607354686 2.8108999729156494
193 4028.3257299999996 4047.8932885999993 5201.45533950414 2.824709177017212
194 4028.3257299999996 4045.943686899999 4888.693744811245 2.838716983795166
195 4028.3257299999996 4045.8363245666665 4548.533434550406 2.8532581329345703
196 4028.3257299999996 4042.2895106666665 3568.7037266069774 2.8679680824279785
197 4028.3257299999996 4038.0827019666663 2100.3419747726193 2.8822882175445557
198 4028.3257299999996 4039.2122189333336 2627.405353442609 2.8963232040405273
199 4028.3257299999996 4041.682097333333 4002.434021693631 2.9102160930633545
200 4028.3257299999996 4041.0190016999995 3072.697592036427 2.924370050430298
201 4028.3257299999996 4043.280329233333 3718.449242376256 2.9383230209350586
202 4028.3257299999996 4046.9981654999997 5186.96704868857 2.952226161956787
203 4028.3257299999996 4047.8316562999994 5657.270570469488 2.966254234313965
204 4028.3257299999996 4048.2679900999997 5220.782588002907 2.980117082595825
205 4028.3257299999996 4045.4853233 4190.795321450403 2.9936680793762207
206 4028.3257299999996 4042.8816018666666 3473.773266428677 3.007776975631714
207 4028.3257299999996 4039.172135399999 2203.633769368801 3.0218000411987305
208 4028.3257299999996 4040.7617691666665 3049.3192956808816 3.035667896270752
209 4028.3257299999996 4040.8928973666666 3499.105559095267 3.049659252166748
210 4028.3257299999996 4045.7719027 4883.868629526397 3.063500165939331
211 4028.3257299999996 4047.916986233333 7315.678732405687 3.077268123626709
212 4028.3257299999996 4041.1122710666664 4462.564507035216 3.0913872718811035
213 4028.3257299999996 4045.531919566666 4492.091954628391 3.10520601272583
214 4028.3257299999996 4043.0531365333327 3738.426809189147 3.1186530590057373
215 4028.3257299999996 4040.860225666667 2551.2284271169246 3.132380962371826
216 4028.3257299999996 4042.0800200000003 3365.8175760269155 3.145879030227661
217 4028.3257299999996 4038.031388866667 1815.322428323514 3.1594722270965576
218 4028.3257299999996 4044.354182933333 4190.673173857671 3.1733601093292236
219 4028.3257299999996 4042.9394199000003 3383.4902503456797 3.187072992324829
220 4028.3257299999996 4044.1020111333332 4271.543927663122 3.200963020324707
221 4028.3257299999996 4048.1562839999997 5262.822500474775 3.215095043182373
222 4028.3257299999996 4044.8504165999993 4470.179609597928 3.2288708686828613
223 4028.3257299999996 4042.3499354 3546.984501079732 3.242800235748291
224 4028.3257299999996 4039.1957668666664 2632.9057072921096 3.256614923477173
225 4028.3257299999996 4038.9298765999993 2369.6305040357865 3.2703540325164795
226 4028.3257299999996 4043.446800833334 3849.405236820934 3.284609079360962
227 4028.3257299999996 4039.9949726666664 2414.3862113160626 3.2993509769439697
228 4028.3257299999996 4047.869807466666 5204.027424293181 3.3136250972747803
229 4028.3257299999996 4042.686231966666 3589.1599659849035 3.327965021133423
230 4028.3257299999996 4040.5357767000005 3037.01567938185 3.3420701026916504
231 4028.3257299999996 4050.013371533333 6416.279732235426 3.356109142303467
232 4028.3257299999996 4055.543077533333 8380.443110519791 3.369826078414917
233 4028.3257299999996 4054.1384994666664 7616.763251795924 3.3840651512145996
234 4028.3257299999996 4053.2324471333327 7178.08343212343 3.3982222080230713
235 4028.3257299999996 4051.398042466667 6189.538897909477 3.4125711917877197
236 4028.3257299999996 4048.958272333333 6543.272502130455 3.4265620708465576
237 4028.3257299999996 4048.289814533334 6307.009956114256 3.4401888847351074
238 4028.3257299999996 4046.934522733333 5332.309022779511 3.454040050506592
239 4028.3257299999996 4048.060707766667 5044.4460884694845 3.46799898147583
240 4028.3257299999996 4049.6975932999994 5335.539740544137 3.4816651344299316
241 4028.3257299999996 4053.4338375666666 6791.837990789246 3.4954922199249268
242 4028.3257299999996 4055.8018023 7867.92054714224 3.509887933731079
243 4028.3257299999996 4054.6423182999993 7454.4293099443385 3.523787021636963
244 4028.3257299999996 4051.250358233333 6597.5817957810805 3.5378470420837402
245 4028.3257299999996 4050.220543633333 6486.1630910616295 3.552370071411133
246 4028.3257299999996 4046.8636235 5478.264671939181 3.5661911964416504
247 4028.3257299999996 4045.1177169000002 4809.386235399442 3.580247163772583
248 4028.3257299999996 4047.7269893999996 5912.4713306471585 3.5948071479797363
249 4028.3257299999996 4047.833067966666 5319.6201648076885 3.608635902404785
The optimum value should be 4028.32573

4028.3257299999996 3.622213125228882

