INSTANCE: MQ3

TOTAL GENERATION IS: 250

-------------------------------------------------------------------------------------------------------------------------

ROUND 1:
Generation, best, average, variance, time(s)
0 70333.23989000001 86555.75913113334 25305684.335236456 0.028629064559936523
1 24475.03347 82914.32495063335 50113229.51916664 0.07154989242553711
2 10982.15382 69731.45977473333 382978209.65636253 0.10419893264770508
3 5680.04787 54762.57456296666 671810629.308185 0.13067889213562012
4 4848.93449 42865.167999100006 680690338.6281298 0.1537489891052246
5 4406.25004 33053.51640206667 651814838.4436753 0.17453503608703613
6 4406.25004 26521.4679493 594836944.8065141 0.19400501251220703
7 4406.25004 20207.3031129 443509861.21495396 0.21181178092956543
8 4406.25004 17517.683016633335 376182611.04752177 0.22835683822631836
9 4406.25004 14573.960099900001 291928000.90724367 0.24447083473205566
10 4406.25004 12044.883565133334 231193154.42927104 0.259976863861084
11 4284.506 10191.135888633333 174330572.45701358 0.27481889724731445
12 4284.506 8950.7571385 126078733.684587 0.289747953414917
13 4284.506 7273.417424900001 65961246.35805603 0.30456995964050293
14 4284.506 6464.1860477 50037000.75409502 0.3187069892883301
15 4284.506 5931.9983918 37153556.09303181 0.3325178623199463
16 4284.506 5569.533261200001 26114632.444779154 0.3468618392944336
17 4284.506 4977.843577533334 7576642.60586975 0.3612680435180664
18 4284.506 4711.041660633334 4748172.464368112 0.3752329349517822
19 4284.506 4563.594809 3212162.9215921434 0.38886499404907227
20 4284.506 4491.821465800001 2718527.9276743513 0.40256786346435547
21 4284.506 4485.290477433335 2708071.7079801518 0.4158637523651123
22 4284.506 4376.604304233334 193204.2542317698 0.4293367862701416
23 4284.506 4359.719504033334 159345.7768714094 0.4428548812866211
24 4284.506 4326.148676766667 20744.193349037796 0.45635104179382324
25 4284.506 4330.1540654 20548.528360616354 0.46996593475341797
26 4284.506 4318.147090066667 15515.808537397063 0.4834740161895752
27 4284.506 4314.209728266667 15443.00007402249 0.49698495864868164
28 4284.506 4317.829416733334 16540.94187616966 0.5120100975036621
29 4284.506 4314.230805266667 12301.059172372527 0.5259709358215332
30 4284.506 4311.091058833334 12843.015720085374 0.5396728515625
31 4284.506 4307.659353533334 8993.108299173287 0.5532801151275635
32 4284.506 4307.937239166667 9956.50253430738 0.5669429302215576
33 4284.506 4309.871549566667 10347.28763128192 0.580847978591919
34 4284.506 4304.774471266667 6628.944211868785 0.5947399139404297
35 4284.506 4303.246423466667 6323.23016924482 0.6084470748901367
36 4284.506 4309.431071633333 8825.874366951375 0.6219849586486816
37 4284.506 4310.609848933334 9069.853410118629 0.6358609199523926
38 4284.506 4312.875799700001 9254.243945904744 0.6493067741394043
39 4284.506 4306.446937866667 7173.743399358609 0.6629698276519775
40 4284.506 4301.532141633334 5484.4910588572675 0.6768009662628174
41 4284.506 4306.1162365 6932.010242234934 0.6902499198913574
42 4284.506 4310.4755241 8774.016012165208 0.703704833984375
43 4284.506 4303.209115933333 5413.739278400387 0.7173609733581543
44 4284.506 4300.9769278 4817.158046820406 0.731518030166626
45 4284.506 4299.912095700001 4383.587293676993 0.7465238571166992
46 4284.506 4301.983123766668 4759.672546043825 0.7612009048461914
47 4284.506 4300.4896218 4073.0211223375277 0.7752840518951416
48 4284.506 4304.859386066667 5999.729889425634 0.7891509532928467
49 4284.506 4308.250725366667 7163.954249798445 0.8029220104217529
50 4284.506 4314.572768066668 10380.473344832764 0.8167040348052979
51 4284.506 4313.585960366667 9938.518156479446 0.8304588794708252
52 4284.506 4309.975981333333 8747.728380592534 0.8441648483276367
53 4284.506 4317.188302133333 12353.219451144829 0.857672929763794
54 4284.506 4308.3119107 9892.160337832729 0.8713629245758057
55 4284.506 4304.798617100001 7455.292890755357 0.8855109214782715
56 4284.506 4301.468156933333 6256.875641343596 0.8993039131164551
57 4284.506 4302.1183194000005 6373.029369271184 0.9134979248046875
58 4284.506 4301.633904100001 5419.246174141293 0.9280099868774414
59 4284.506 4303.643289033334 6493.583310527901 0.942270040512085
60 4284.506 4305.741091966667 7298.569449366016 0.9561800956726074
61 4284.506 4314.9570737 10269.068190675796 0.970308780670166
62 4284.506 4303.225385366667 6504.38235669628 0.983954906463623
63 4284.506 4300.660891633334 4285.423301761436 0.9974098205566406
64 4284.506 4300.2828007 4693.84828532955 1.0114257335662842
65 4284.506 4303.560920733334 7113.306473008472 1.025521993637085
66 4284.506 4300.727258733334 5312.291735858773 1.0394558906555176
67 4284.506 4302.451408566667 5446.32087795734 1.053581714630127
68 4284.506 4304.0371349666675 6330.325123535786 1.0674388408660889
69 4284.506 4304.871639733333 6385.637104228092 1.081341028213501
70 4284.506 4307.752875066667 7725.783694314138 1.0951039791107178
71 4284.506 4310.830059466667 9286.134244392331 1.108799934387207
72 4284.506 4313.670766166668 10099.399934154755 1.1227107048034668
73 4284.506 4309.2260262 8582.074469297087 1.136641025543213
74 4275.43167 4304.590805966667 7452.928876493052 1.1506869792938232
75 4275.43167 4306.2794782 5122.902585714005 1.164607048034668
76 4275.43167 4303.674856266666 4992.001054904141 1.178514003753662
77 4275.43167 4302.2757202 5253.370977705845 1.1923069953918457
78 4275.43167 4304.3229704333335 5930.07889130904 1.2054049968719482
79 4275.43167 4306.396069266667 7652.292797425817 1.219019889831543
80 4275.43167 4302.7753729999995 7080.830505673828 1.232361078262329
81 4275.43167 4299.573260466666 6902.196831281917 1.246924877166748
82 4275.43167 4295.9688424999995 5943.038322332571 1.2610678672790527
83 4275.43167 4297.8547161 7043.614322595997 1.2747547626495361
84 4275.43167 4303.239352166666 8475.98104708741 1.2883930206298828
85 4275.43167 4300.274872266666 8271.47528606474 1.3023598194122314
86 4275.43167 4300.031532633333 8732.518945251551 1.315976858139038
87 4275.43167 4300.6575084999995 9265.770073584694 1.329603910446167
88 4275.43167 4301.4076135 10030.947836296162 1.343770980834961
89 4275.43167 4301.139698133333 10702.393106404368 1.3579769134521484
90 4275.43167 4297.896656999999 9266.699457084009 1.3722350597381592
91 4275.43167 4294.564631266666 7630.151208186171 1.3861229419708252
92 4275.43167 4296.525348866666 8623.803494393482 1.3995449542999268
93 4275.43167 4290.7098534 5573.031080723174 1.4131078720092773
94 4275.43167 4291.145272999999 4912.319591360132 1.427203893661499
95 4275.43167 4293.178618433332 5847.038748327486 1.440492868423462
96 4275.43167 4290.8800224 4544.268657015049 1.4540388584136963
97 4275.43167 4287.695924533333 3762.410775409254 1.467905044555664
98 4275.43167 4288.131081866666 3848.4667389524557 1.4813849925994873
99 4275.43167 4284.295749333332 2381.328241881413 1.494847059249878
100 4275.43167 4287.4930522666655 3926.6093577429265 1.5086359977722168
101 4275.43167 4295.332060233332 6875.525434199838 1.5223498344421387
102 4275.43167 4291.402560433333 5413.3427237058495 1.5359020233154297
103 4275.43167 4296.582384033332 7861.000446357349 1.5495197772979736
104 4275.43167 4297.628341633333 8686.01837830972 1.563175916671753
105 4275.43167 4290.167635566666 4775.648766413714 1.5766868591308594
106 4275.43167 4292.0052322 5585.607491104858 1.5902149677276611
107 4275.43167 4296.242892566666 7761.274982972837 1.6039729118347168
108 4275.43167 4296.876052366666 7819.7854659970135 1.6179678440093994
109 4275.43167 4298.4533120999995 8263.354405471988 1.6319360733032227
110 4275.43167 4297.525795233332 6996.01433688116 1.6457757949829102
111 4275.43167 4296.418634866665 5953.80137844146 1.659358024597168
112 4275.43167 4294.9587631333325 6242.147518181282 1.673029899597168
113 4275.43167 4294.2882138999985 6864.872527283005 1.6868269443511963
114 4275.43167 4289.5751248999995 4601.6748094868735 1.7002549171447754
115 4275.43167 4301.031911566665 8404.337576918237 1.7147190570831299
116 4275.43167 4298.271175533333 7443.738200927845 1.7291200160980225
117 4275.43167 4297.346231366666 7169.506855104106 1.7435400485992432
118 4275.43167 4308.205420699999 12278.853697609653 1.7580139636993408
119 4275.43167 4302.645801466666 9560.296792357494 1.772716760635376
120 4275.43167 4301.8516733 9961.563574507001 1.7873449325561523
121 4275.43167 4295.085882133332 7794.692692152246 1.8020319938659668
122 4275.43167 4300.556701566666 10081.331774518312 1.8163988590240479
123 4275.43167 4291.541225133333 5851.97993391722 1.8304898738861084
124 4275.43167 4292.253370199999 6006.779206090245 1.8455438613891602
125 4275.43167 4291.189304233333 5253.071944947622 1.8591289520263672
126 4275.43167 4296.332606199999 6961.940373172789 1.873180866241455
127 4275.43167 4295.480096299999 7531.277812976091 1.8870398998260498
128 4275.43167 4289.148610433333 4420.500575893693 1.9018030166625977
129 4275.43167 4293.303437099999 5972.391785679488 1.9155027866363525
130 4275.43167 4291.626667766665 5437.992097998045 1.9292607307434082
131 4275.43167 4289.289528266666 4692.611340073569 1.9430060386657715
132 4275.43167 4299.198269799999 8703.069313505026 1.9566218852996826
133 4275.43167 4293.016720533332 6224.312404423006 1.9709157943725586
134 4275.43167 4290.9954696999985 4819.342855455692 1.9849050045013428
135 4275.43167 4290.076381866666 4267.829407277361 1.9989299774169922
136 4275.43167 4288.561627399999 3712.126205977397 2.0128378868103027
137 4275.43167 4290.8615383999995 4472.224885610903 2.0264408588409424
138 4275.43167 4293.415858866665 5479.9628421960915 2.040432929992676
139 4275.43167 4296.007762233333 6338.80013439985 2.0548110008239746
140 4275.43167 4298.4464202 7345.996767471894 2.0687906742095947
141 4275.43167 4299.4631426999995 7322.52204132203 2.082669734954834
142 4275.43167 4299.314455399999 7305.894688681702 2.0964858531951904
143 4275.43167 4293.516720399999 5369.4888275912845 2.110384941101074
144 4275.43167 4286.269740299999 2942.839293500712 2.1241297721862793
145 4275.43167 4287.283891166666 4246.9880819108575 2.1378839015960693
146 4275.43167 4290.176027333333 4426.950803487456 2.151533842086792
147 4275.43167 4288.875794166665 3717.2927896943993 2.1653478145599365
148 4275.43167 4287.326922433333 3327.0360953603454 2.1789567470550537
149 4275.43167 4287.311388466665 3978.8202009530933 2.19272780418396
150 4275.43167 4291.867417466666 5919.693451108216 2.206171989440918
151 4275.43167 4294.488018133333 6978.533770763628 2.219722032546997
152 4275.43167 4300.230784333333 7958.535762793642 2.233491897583008
153 4275.43167 4308.631275299998 11108.037414470884 2.247744083404541
154 4275.43167 4301.850476766666 8915.628397635115 2.262294054031372
155 4275.43167 4289.324968133333 4996.7966420609055 2.2766358852386475
156 4275.43167 4287.5036715666665 4629.624597674286 2.29118013381958
157 4275.43167 4295.843095299999 7544.415761820289 2.305189847946167
158 4275.43167 4294.8370332666655 6760.13303450681 2.3190627098083496
159 4275.43167 4293.678251833333 5350.158427388214 2.3332901000976562
160 4275.43167 4287.304027533332 3037.5630247270046 2.3475887775421143
161 4275.43167 4296.850974533333 7349.664063990048 2.3616418838500977
162 4275.43167 4291.013062433332 5978.7284992676605 2.375579833984375
163 4275.43167 4296.418855433333 7566.103547901622 2.38909912109375
164 4275.43167 4292.8715021 5567.223864251486 2.4024009704589844
165 4275.43167 4293.289462633333 5216.499424991688 2.415818929672241
166 4275.43167 4297.3941963 6819.5548849532815 2.4293458461761475
167 4275.43167 4295.945467566667 7074.589266669638 2.4430580139160156
168 4275.43167 4297.5708976999995 6985.058713763378 2.456326961517334
169 4275.43167 4291.671021733332 4155.792429832373 2.470061779022217
170 4275.43167 4292.438182566666 5317.107075936627 2.4835238456726074
171 4275.43167 4294.492683333332 5415.513250801624 2.497018814086914
172 4275.43167 4294.811698733332 5602.530605327511 2.51094388961792
173 4275.43167 4297.441119866666 7498.745904625633 2.5244140625
174 4275.43167 4301.195411933333 8343.971115469523 2.538100004196167
175 4275.43167 4299.345590366667 8136.462618301524 2.552000045776367
176 4275.43167 4302.609288533333 8355.91017939378 2.56552791595459
177 4275.43167 4301.507620599999 7677.413362153197 2.5793099403381348
178 4275.43167 4299.691614933333 6531.702051763179 2.593113899230957
179 4275.43167 4291.739972833333 4466.667256992908 2.6068458557128906
180 4275.43167 4291.2868989 5010.3633683149465 2.6205530166625977
181 4275.43167 4291.986776433333 5284.183394042827 2.634484052658081
182 4275.43167 4293.283076466667 5894.0107343522395 2.6481800079345703
183 4275.43167 4292.480153233332 5661.044470500867 2.662310838699341
184 4275.43167 4291.169135766666 5002.938573132405 2.676276922225952
185 4275.43167 4294.955555999999 6795.27614225172 2.6898608207702637
186 4275.43167 4288.760610433333 4488.613571430757 2.703446865081787
187 4275.43167 4288.831396933333 4365.770368735158 2.717432737350464
188 4275.43167 4289.186133799999 5149.193184063818 2.7309341430664062
189 4275.43167 4290.313636433332 4722.394198687179 2.744666814804077
190 4275.43167 4288.7299111 4356.633103275224 2.758344888687134
191 4275.43167 4288.890034366666 4883.376162311123 2.7721447944641113
192 4275.43167 4293.466630199999 6421.770708387762 2.7872400283813477
193 4275.43167 4285.9623322 3687.2999774970053 2.801628828048706
194 4275.43167 4286.826371599999 3924.8287563177532 2.8152809143066406
195 4275.43167 4284.603039233333 2989.1963725095343 2.8291988372802734
196 4275.43167 4288.9676408 4769.096027441744 2.8430328369140625
197 4275.43167 4285.632653899999 3337.5457407993836 2.8569087982177734
198 4275.43167 4295.636144666665 6299.15088533868 2.8704028129577637
199 4275.43167 4288.053841533332 3919.0833778597716 2.884608030319214
200 4275.43167 4292.031743666666 5203.734999922886 2.899387836456299
201 4275.43167 4290.698667633333 4068.6122703165047 2.9134747982025146
202 4275.43167 4289.352387133332 3893.9054958885085 2.9272918701171875
203 4275.43167 4294.129622933332 6005.479093004049 2.9409658908843994
204 4275.43167 4289.7118854 4258.129564414587 2.954571008682251
205 4275.43167 4290.920209033333 7818.439549310432 2.9683830738067627
206 4275.43167 4291.871437433332 7427.617764664739 2.9820358753204346
207 4275.43167 4295.523738066666 8943.947487017625 2.995417833328247
208 4275.43167 4293.607921299999 8422.841202085316 3.0092318058013916
209 4275.43167 4288.762527799999 4680.174606084371 3.023129940032959
210 4275.43167 4291.491612966666 5758.4860753034445 3.036555767059326
211 4275.43167 4295.267020333333 6857.652591373904 3.050107955932617
212 4275.43167 4294.043952166667 6867.400579798101 3.063746929168701
213 4275.43167 4291.9217973666655 5764.20514426379 3.0775609016418457
214 4275.43167 4287.252181933333 3107.2461016946245 3.0915658473968506
215 4275.43167 4288.5023139666655 3907.1979464163765 3.105346918106079
216 4275.43167 4283.6120064 2238.4740942683497 3.119715929031372
217 4275.43167 4287.946989566666 4104.8680549172295 3.1339468955993652
218 4275.43167 4287.561729133333 3319.888381179957 3.147528886795044
219 4275.43167 4288.367066999999 3424.541178017215 3.1612980365753174
220 4275.43167 4284.900944099999 2899.13216539562 3.1753129959106445
221 4275.43167 4288.282481833332 6468.10798314739 3.1889538764953613
222 4275.43167 4290.025445766666 7604.611659436797 3.20237398147583
223 4275.43167 4288.074499633332 5951.88954047823 3.216233968734741
224 4275.43167 4292.732589466666 7889.101186545963 3.229775905609131
225 4275.43167 4287.935651066666 4395.733699232914 3.2432069778442383
226 4275.43167 4293.403446833333 6892.256936882854 3.256924867630005
227 4275.43167 4293.528291766666 5550.0731129855485 3.2708590030670166
228 4275.43167 4292.756873099999 5902.977309211695 3.2845609188079834
229 4275.43167 4293.716655133332 5185.052413282667 3.298393964767456
230 4275.43167 4290.632634599999 4415.171713160217 3.3121678829193115
231 4275.43167 4284.606259599999 2505.9157187336623 3.3261120319366455
232 4275.43167 4291.3462357 4461.823190846829 3.34055495262146
233 4275.43167 4287.013386033333 3448.979565492707 3.3544819355010986
234 4275.43167 4286.711480266666 3386.6899705361675 3.368360996246338
235 4275.43167 4293.010387433333 5487.600282728451 3.3821229934692383
236 4275.43167 4286.862078899999 3200.8069829428186 3.395775079727173
237 4275.43167 4286.210729099999 2897.9904592680755 3.4093518257141113
238 4275.43167 4286.800158999999 3157.4826537262575 3.423024892807007
239 4275.43167 4289.461078033332 4399.571949335511 3.4366509914398193
240 4275.43167 4294.515066999999 5600.125296198969 3.4501330852508545
241 4275.43167 4292.6435433999995 5279.195222633716 3.4638469219207764
242 4275.43167 4290.892070966666 4662.504132144387 3.4771769046783447
243 4275.43167 4291.935275333333 5195.487900412411 3.4907147884368896
244 4275.43167 4294.7438250666655 6997.01251100662 3.5041637420654297
245 4275.43167 4297.290868399999 6452.09081684637 3.5180349349975586
246 4275.43167 4294.9417583333325 6334.323706855071 3.532315969467163
247 4275.43167 4293.779265833333 5810.679592884725 3.546441078186035
248 4275.43167 4296.5074195 7792.393770377692 3.5607690811157227
249 4275.43167 4299.236270733333 9135.501539758921 3.574188709259033
The optimum value should be 4275.43167

4275.43167 3.5878360271453857

-------------------------------------------------------------------------------------------------------------------------

ROUND 2:
Generation, best, average, variance, time(s)
0 70024.59109 86356.30777943334 26130444.985206548 0.028456926345825195
1 23597.45558 82428.52830846667 51813089.11328585 0.07112407684326172
2 7175.10692 68398.91483706667 453155695.6680931 0.10373187065124512
3 4569.638419999999 53106.714013966666 770494584.3758352 0.12947583198547363
4 4350.51844 42669.06909813333 863184936.4245545 0.15287494659423828
5 4350.51844 33656.395258033335 788443406.3782007 0.17410993576049805
6 4350.51844 26454.119059366665 656091337.5473644 0.19317412376403809
7 4350.51844 20393.6580912 500924470.60421795 0.21044301986694336
8 4350.51844 16411.5128311 375954441.2501609 0.22693610191345215
9 4350.51844 13099.958449933334 248662192.2790315 0.2426929473876953
10 4350.51844 10937.626614199999 199684485.71640116 0.2581057548522949
11 4350.51844 9915.485383033332 165453678.90627962 0.272838830947876
12 4350.51844 8929.876264666667 119171504.77576701 0.2872500419616699
13 4350.51844 7884.9004743333335 103799831.34723373 0.3015627861022949
14 4350.51844 7157.400735433333 78003772.47281504 0.3153080940246582
15 4350.51844 6413.6302697 57956625.24819421 0.3294708728790283
16 4350.51844 5968.4958725666675 48063530.57343166 0.3434109687805176
17 4350.51844 5485.4369007000005 30205097.423490956 0.3569948673248291
18 4350.51844 5084.875643066666 15303984.852856902 0.3703601360321045
19 4350.51844 4766.768607366667 3749914.8819300253 0.38414692878723145
20 4350.51844 4669.144862733333 3077116.57694491 0.3976418972015381
21 4350.51844 4628.2743089000005 2900116.676647537 0.4107999801635742
22 4350.51844 4472.7147417333335 687628.6511759367 0.42424893379211426
23 4350.51844 4467.403138466667 690230.0163622122 0.4381239414215088
24 4350.51844 4449.954179833334 466275.03042618296 0.45179080963134766
25 4350.51844 4447.6798868000005 444305.7795080838 0.46544480323791504
26 4350.51844 4435.563948833334 372194.9273559903 0.47885704040527344
27 4350.51844 4439.131790766666 366771.4683736213 0.492077112197876
28 4350.51844 4417.3960437 322934.8955486351 0.5056838989257812
29 4350.51844 4418.302339666667 323734.31586515467 0.5189461708068848
30 4350.51844 4414.234674633334 320742.5051953076 0.5321059226989746
31 4350.51844 4386.7128636 98128.74501355934 0.5452711582183838
32 4350.51844 4384.691662033334 97969.41225175107 0.5583491325378418
33 4350.51844 4386.293916233333 98365.49651448731 0.5715668201446533
34 4350.51844 4364.1003396 4361.436098916872 0.5850529670715332
35 4350.51844 4366.0135817 5210.645511010901 0.5983140468597412
36 4350.51844 4367.3916579666675 5732.457285195393 0.6115331649780273
37 4350.51844 4369.9260669333335 7538.076565648416 0.6251027584075928
38 4350.51844 4381.797008866667 18061.48394946143 0.6382720470428467
39 4350.51844 4375.355869100001 14465.076806780606 0.6513679027557373
40 4350.51844 4369.903557833333 5615.2096796220185 0.6645498275756836
41 4350.51844 4366.440943266667 4951.987468072872 0.6776788234710693
42 4350.51844 4368.913833133333 5783.1833307130055 0.6908910274505615
43 4350.51844 4368.774591266667 5859.329269564304 0.7043759822845459
44 4350.51844 4361.7779751 3818.1480512789876 0.7176687717437744
45 4350.51844 4365.658012666667 4478.01525165002 0.7307720184326172
46 4350.51844 4368.1157029666665 6794.8536998256695 0.7442378997802734
47 4350.51844 4366.951416533333 6220.179251843822 0.7573168277740479
48 4350.51844 4368.204842866667 7108.653707512424 0.7705080509185791
49 4350.51844 4365.085251400001 5963.967711554142 0.7839498519897461
50 4350.51844 4366.824541566667 6824.145018638098 0.7975208759307861
51 4348.34742 4366.689673966667 6402.682837295594 0.8105738162994385
52 4348.34742 4379.599765233333 8320.655693816725 0.8240020275115967
53 4348.34742 4378.205241600001 9525.859318672781 0.837270975112915
54 4348.34742 4379.955121499999 10077.423475252985 0.8505589962005615
55 4348.34742 4371.705830766666 6789.520689538951 0.8641319274902344
56 4275.43167 4374.112556966666 7906.582902965617 0.8775408267974854
57 4275.43167 4388.308825766666 11748.969724878552 0.890920877456665
58 4275.43167 4375.017641633333 11420.258432205357 0.9046170711517334
59 4275.43167 4358.762956866666 10373.053509140977 0.9180800914764404
60 4275.43167 4348.108805966666 11457.6027581191 0.9313647747039795
61 4275.43167 4342.9488894666665 10425.219147388178 0.9448609352111816
62 4275.43167 4333.938199866666 9410.487512121274 0.9585957527160645
63 4275.43167 4321.870194166666 8363.139236143565 0.9726278781890869
64 4275.43167 4325.8260076 10847.528490912966 0.9874229431152344
65 4275.43167 4325.596266466667 11291.737266370363 1.001373052597046
66 4275.43167 4315.830446733333 8178.464148514187 1.0159780979156494
67 4275.43167 4307.743368533333 6492.105485173034 1.0305149555206299
68 4275.43167 4302.134201899999 5258.810502627247 1.0444998741149902
69 4275.43167 4299.632249066667 5711.791419218897 1.0581409931182861
70 4275.43167 4300.660187699999 5952.007826090559 1.072056770324707
71 4275.43167 4296.6736814666665 6365.2414498899725 1.0860400199890137
72 4275.43167 4296.511134499999 6176.4916263087525 1.0994057655334473
73 4275.43167 4293.744833666666 4025.6583900568353 1.1127879619598389
74 4275.43167 4293.815657499999 4394.686981802778 1.1267049312591553
75 4275.43167 4293.551569866666 4659.625772695255 1.1403248310089111
76 4275.43167 4292.8394461 4628.635065295876 1.154021978378296
77 4275.43167 4289.574776699999 3798.915234907326 1.1674649715423584
78 4275.43167 4287.052368999999 2780.817074887029 1.1808698177337646
79 4275.43167 4285.8740047 2570.730223571285 1.194221019744873
80 4275.43167 4289.542399633333 4578.249608332641 1.2080199718475342
81 4275.43167 4291.236959899999 5330.591958937482 1.2214899063110352
82 4275.43167 4290.6453451 5752.591669417606 1.235623836517334
83 4275.43167 4296.8832406 7913.520874342541 1.2491230964660645
84 4275.43167 4296.575479866666 7626.771453887736 1.2628259658813477
85 4275.43167 4301.583575199999 9182.12287460555 1.2765870094299316
86 4275.43167 4297.111275633333 7456.87152940182 1.29013991355896
87 4275.43167 4299.4639033 7736.00323341299 1.303797960281372
88 4275.43167 4288.867725166666 4298.374228325519 1.3173367977142334
89 4275.43167 4283.289350766666 1584.233345059031 1.3309948444366455
90 4275.43167 4287.001017533333 3806.9385498136826 1.344459056854248
91 4275.43167 4286.100945233333 3182.1924332497642 1.3583359718322754
92 4275.43167 4291.344749 6330.875878156608 1.3720881938934326
93 4275.43167 4289.344686866666 5127.960577235688 1.3856709003448486
94 4275.43167 4294.2348624999995 6810.15075616841 1.3992838859558105
95 4275.43167 4294.5392796 7353.793428828912 1.4128777980804443
96 4275.43167 4289.056533933333 3892.976065996605 1.4271960258483887
97 4275.43167 4291.9688086999995 5098.490469495763 1.4414780139923096
98 4275.43167 4291.027970533333 5340.121065520673 1.4555621147155762
99 4275.43167 4293.696199566666 5829.116796271041 1.469310998916626
100 4275.43167 4292.524925799999 5741.608571188746 1.482968807220459
101 4275.43167 4290.133500233333 5082.791515959001 1.4965200424194336
102 4275.43167 4294.853648766666 8122.167517567115 1.510180950164795
103 4275.43167 4292.429858899999 6042.739550116186 1.5235788822174072
104 4275.43167 4288.591475166666 3606.4248319491758 1.5368080139160156
105 4275.43167 4292.894502133333 5400.193638931925 1.5502510070800781
106 4275.43167 4290.394984999999 4606.626090814102 1.564079999923706
107 4275.43167 4291.569948499999 5773.2845209073275 1.5780909061431885
108 4275.43167 4293.915455966667 6769.785137419943 1.5916008949279785
109 4275.43167 4295.606604299999 6882.139381461937 1.6054558753967285
110 4275.43167 4293.764192266666 5381.435294693904 1.6190648078918457
111 4275.43167 4290.3681558 4439.453263425602 1.632673978805542
112 4275.43167 4291.239932233333 4700.134318897795 1.6463849544525146
113 4275.43167 4294.402127933332 5687.235097350256 1.6598269939422607
114 4275.43167 4296.296416033332 7199.004925011783 1.6732709407806396
115 4275.43167 4295.692823766665 6554.231466866876 1.6872079372406006
116 4275.43167 4289.7902115 4079.51613084045 1.7008559703826904
117 4275.43167 4289.8601610666665 4180.80464246249 1.7144560813903809
118 4275.43167 4289.6165458 4174.6227374611535 1.7282559871673584
119 4275.43167 4286.535393833334 3112.6969784935013 1.7416279315948486
120 4275.43167 4289.904436599999 4869.684519541973 1.7551419734954834
121 4275.43167 4288.092941466666 4238.498046582717 1.7686641216278076
122 4275.43167 4289.683010366666 5108.222639377618 1.7820920944213867
123 4275.43167 4290.8165211 4627.730108192054 1.7957589626312256
124 4275.43167 4287.924486266666 3306.3822241911053 1.8095929622650146
125 4275.43167 4289.1696842 3937.4858429924075 1.8231298923492432
126 4275.43167 4295.8427882666665 6503.326526142046 1.8365809917449951
127 4275.43167 4293.1114971 5578.130853012321 1.8501787185668945
128 4275.43167 4293.841619966666 6586.570003758116 1.8636391162872314
129 4275.43167 4296.3444291666665 7224.2579776505245 1.8769731521606445
130 4275.43167 4291.972440933332 5429.82034354008 1.8903539180755615
131 4275.43167 4292.425845633333 6823.2425970435 1.9041621685028076
132 4275.43167 4292.264556866666 5329.769985054435 1.9178917407989502
133 4275.43167 4296.551406333333 6849.696463267633 1.9318127632141113
134 4275.43167 4291.6846143 4707.9152685915415 1.9453351497650146
135 4275.43167 4294.366132333333 6960.728511105711 1.959049940109253
136 4275.43167 4294.354360899999 6374.633801840915 1.9730210304260254
137 4275.43167 4289.049982633333 3456.397528439822 1.9867651462554932
138 4275.43167 4289.443312999999 3579.5385470823353 2.000760793685913
139 4275.43167 4289.498840799999 3797.6969993382995 2.015787124633789
140 4275.43167 4290.571598566667 4472.160319487572 2.030029773712158
141 4275.43167 4297.6606641 7238.996505565135 2.0438389778137207
142 4275.43167 4295.8895876999995 7009.978521293782 2.0579569339752197
143 4275.43167 4296.9715582 7451.457295240401 2.0715420246124268
144 4275.43167 4293.241511999999 6551.392702876099 2.0853898525238037
145 4275.43167 4291.381366266665 6129.5737434941075 2.0991790294647217
146 4275.43167 4290.953917566666 4992.894339603897 2.1127429008483887
147 4275.43167 4298.690002499999 7607.245548477394 2.1265017986297607
148 4275.43167 4289.0869404333325 4273.904832797081 2.1403257846832275
149 4275.43167 4292.259436633332 5508.4361418179105 2.1539320945739746
150 4275.43167 4296.687545399999 8002.179797167226 2.167881965637207
151 4275.43167 4299.134952033332 7688.044559862235 2.181709051132202
152 4275.43167 4294.095192266666 4983.077001594352 2.195366859436035
153 4275.43167 4297.457444366667 6113.948737397328 2.2091710567474365
154 4275.43167 4295.273207866666 5365.6571981439965 2.2226808071136475
155 4275.43167 4292.313847333333 4533.311973195445 2.2361648082733154
156 4275.43167 4297.0092227333325 6918.373502933849 2.2501919269561768
157 4275.43167 4295.823152133333 6579.8015042906045 2.263901948928833
158 4275.43167 4286.876094799999 3443.8314857482155 2.2774698734283447
159 4275.43167 4288.285559033333 4046.539662027188 2.2909369468688965
160 4275.43167 4293.218322466666 5248.078375948219 2.305051803588867
161 4275.43167 4288.442535566666 4241.5781171424605 2.318758964538574
162 4275.43167 4294.6257725 6734.411848171824 2.3323557376861572
163 4275.43167 4294.313497866665 7032.3697441512095 2.3460748195648193
164 4275.43167 4293.201795599999 6948.290700873299 2.359945058822632
165 4275.43167 4292.243124466666 5451.060447668536 2.3737637996673584
166 4275.43167 4292.307418799999 5956.561586365196 2.3877980709075928
167 4275.43167 4291.979677199999 4933.237838470751 2.4014060497283936
168 4275.43167 4293.3241296 4836.342613441041 2.415286064147949
169 4275.43167 4297.240216133333 6344.749077414499 2.4299068450927734
170 4275.43167 4299.280676266666 7485.276938055726 2.444399833679199
171 4275.43167 4298.518593966666 7874.052166189674 2.4585468769073486
172 4275.43167 4301.9813071 8921.57432038898 2.4724550247192383
173 4275.43167 4299.461795666666 8693.507310018893 2.485989809036255
174 4275.43167 4294.016437299999 5997.566931053407 2.499558925628662
175 4275.43167 4294.192214866666 6521.3000232762515 2.513442039489746
176 4275.43167 4293.867998433332 5966.870841346723 2.5271921157836914
177 4275.43167 4296.639786966666 6413.929551337578 2.540818929672241
178 4275.43167 4293.629434599999 5913.282491997845 2.5549190044403076
179 4275.43167 4290.139528433333 4093.703770836044 2.5686678886413574
180 4275.43167 4286.930537866666 2786.72009096566 2.582296133041382
181 4275.43167 4287.549928599999 3732.7329936423976 2.5960240364074707
182 4275.43167 4291.2523206666665 4430.873111161192 2.609687089920044
183 4275.43167 4293.941422133333 5397.887477601374 2.623166084289551
184 4275.43167 4291.675374833333 5207.078945723275 2.6367669105529785
185 4275.43167 4289.419612333333 4176.378563011535 2.65020489692688
186 4275.43167 4294.773888966666 6866.103733058033 2.6636929512023926
187 4275.43167 4294.339044166666 6726.439035984161 2.6774368286132812
188 4275.43167 4294.1848455 6930.234878327744 2.691088914871216
189 4275.43167 4295.776673899999 6850.434601548463 2.7044291496276855
190 4275.43167 4296.596164266666 6330.367086244733 2.718392848968506
191 4275.43167 4295.9565869 6753.583462608637 2.731998920440674
192 4275.43167 4296.833479999999 6549.129119629054 2.7456588745117188
193 4275.43167 4301.848435466666 9703.657084036473 2.7592079639434814
194 4275.43167 4300.425173199999 9130.152047410422 2.772691011428833
195 4275.43167 4297.736305433334 6836.95749612926 2.785997152328491
196 4275.43167 4299.475680499999 8027.808682977712 2.7997188568115234
197 4275.43167 4297.422109433333 7603.258176153899 2.8135790824890137
198 4275.43167 4291.643198033332 5091.416587304915 2.827012777328491
199 4275.43167 4295.630371833333 6864.795532513807 2.840589761734009
200 4275.43167 4294.157925466666 5871.156168535396 2.8539111614227295
201 4275.43167 4296.1786244333325 7702.244129551407 2.867619752883911
202 4275.43167 4296.815500033334 6959.428367229653 2.881218910217285
203 4275.43167 4295.4250711999985 10764.749272004236 2.8949508666992188
204 4275.43167 4295.885905599999 8704.856008962488 2.908259868621826
205 4275.43167 4296.831545433332 8177.228850198633 2.9220468997955322
206 4275.43167 4298.879411233333 8585.746617221279 2.935696840286255
207 4275.43167 4296.7912313 8567.272729805369 2.9489870071411133
208 4275.43167 4297.2471457 7602.723143582142 2.9628207683563232
209 4275.43167 4291.6465764666655 5334.100915266302 2.976785898208618
210 4275.43167 4290.072103366666 5122.908256907679 2.991609811782837
211 4275.43167 4291.996858966666 5583.616457534444 3.0060269832611084
212 4275.43167 4292.2335618 5558.246133991059 3.0197839736938477
213 4275.43167 4295.448497266666 6064.73439347821 3.033155918121338
214 4275.43167 4296.057304266666 6646.851873706276 3.0470149517059326
215 4275.43167 4291.143110066666 3981.9866718989533 3.060620069503784
216 4275.43167 4291.3284169 4794.965177641139 3.073913812637329
217 4275.43167 4293.087178733333 5663.940037629132 3.087387800216675
218 4275.43167 4294.877854666665 5796.9980323260015 3.101266860961914
219 4275.43167 4300.6203602 8374.19067395657 3.1148788928985596
220 4275.43167 4299.41119 9048.46838672256 3.128633975982666
221 4275.43167 4297.690969699999 8448.641070026384 3.142244815826416
222 4275.43167 4299.483513133333 9398.643702613343 3.1556339263916016
223 4275.43167 4298.009538966666 9108.103149216482 3.1695330142974854
224 4275.43167 4296.399898066666 9632.572869110742 3.1830620765686035
225 4275.43167 4294.637053466666 7824.876971179784 3.1967079639434814
226 4275.43167 4295.174358199999 7190.489514192327 3.2103700637817383
227 4275.43167 4293.384867166666 6176.323425932033 3.2240519523620605
228 4275.43167 4290.643535266666 4861.030290697827 3.2377190589904785
229 4275.43167 4288.448633566666 3865.8139983433507 3.2515289783477783
230 4275.43167 4289.099692533333 4047.988603253057 3.2653141021728516
231 4275.43167 4291.643068799999 4696.706913159599 3.2791600227355957
232 4275.43167 4292.478119266667 5208.522297421858 3.2929630279541016
233 4275.43167 4294.014964566665 5966.288459198593 3.3064987659454346
234 4275.43167 4294.9931473 6412.118959069992 3.319877862930298
235 4275.43167 4296.225472066665 7192.261446152193 3.333521842956543
236 4275.43167 4298.217665333333 7580.488819252956 3.347282886505127
237 4275.43167 4293.433063733332 6575.198872404597 3.3610548973083496
238 4275.43167 4294.009962633333 6834.547412144782 3.3751208782196045
239 4275.43167 4288.796224833332 3986.6459734083155 3.388714075088501
240 4275.43167 4290.4535480666655 5042.232986364086 3.402392864227295
241 4275.43167 4291.799465933333 5839.749299288209 3.416207790374756
242 4275.43167 4293.551432499999 6452.453309850394 3.4301979541778564
243 4275.43167 4296.950867099999 7271.843144557265 3.4446139335632324
244 4275.43167 4292.9685482333325 6478.695200639971 3.4590978622436523
245 4275.43167 4289.587150866666 5136.438611851605 3.4733707904815674
246 4275.43167 4288.144669366666 3549.2123182076675 3.486909866333008
247 4275.43167 4292.121283433333 7263.531418352708 3.5008981227874756
248 4275.43167 4291.716362633332 6321.0959699084815 3.514202833175659
249 4275.43167 4293.1262160999995 8983.52262714011 3.5275888442993164
The optimum value should be 4275.43167

4275.43167 3.5409719944000244

-------------------------------------------------------------------------------------------------------------------------

ROUND 3:
Generation, best, average, variance, time(s)
0 74740.57324000001 86581.96909863333 24302189.52613695 0.028463125228881836
1 31040.96494 83397.75790980001 37747360.62673189 0.07371807098388672
2 14972.60029 70473.11911773334 359732674.6437732 0.10917091369628906
3 7198.84984 55455.4938209 609826082.9759607 0.13891315460205078
4 5155.529 43087.001615233334 628923157.279628 0.16355609893798828
5 4777.783219999999 32705.84194886667 615718474.2511315 0.18448901176452637
6 4462.72489 25909.257566066666 542850889.449765 0.2040860652923584
7 4462.72489 21170.163182133332 454457153.101862 0.22223210334777832
8 4462.72489 18199.583229766668 396791636.6251392 0.23909926414489746
9 4383.15906 14815.672462733331 295007412.3136942 0.25562310218811035
10 4381.482690000001 12533.219865199999 206561193.344101 0.271287202835083
11 4381.482690000001 9672.049287933332 111843482.1115691 0.28679609298706055
12 4342.29043 8277.749360466667 87796539.53032304 0.30152201652526855
13 4342.29043 7160.784573100002 57721662.230889514 0.3159921169281006
14 4296.6075200000005 6590.235843933333 42566174.006212324 0.3306400775909424
15 4296.6075200000005 6069.2363198 28910270.3619969 0.34476590156555176
16 4296.6075200000005 5596.7484857 21450521.55419465 0.35883331298828125
17 4296.6075200000005 5118.3804327 9627470.734333748 0.372622013092041
18 4284.506 4971.2794140000005 7634198.8387544155 0.386242151260376
19 4284.506 4783.966885033334 5979603.605450475 0.4002680778503418
20 4284.506 4705.7451815 5205665.801983504 0.4142882823944092
21 4284.506 4603.272276266666 2145825.93505073 0.4281611442565918
22 4284.506 4574.426162700001 2123460.0456737787 0.44222426414489746
23 4284.506 4524.590603366667 1688329.4713478854 0.4563870429992676
24 4284.506 4507.227379733334 1621136.2789280096 0.47007322311401367
25 4284.506 4483.588932633334 1385553.2917700645 0.48377513885498047
26 4284.506 4461.540753966668 1307226.9834122267 0.4976232051849365
27 4284.506 4433.642831 834757.2779504505 0.5118331909179688
28 4284.506 4416.147397366667 781950.7036229172 0.5256462097167969
29 4284.506 4392.464589733334 700115.7995202116 0.5395703315734863
30 4284.506 4378.577425566668 625008.2518151151 0.5534369945526123
31 4284.506 4375.8679822 625227.4500899101 0.567777156829834
32 4284.506 4338.5001824 167237.70250841658 0.5822291374206543
33 4284.506 4337.712350766667 167526.69923555644 0.5969421863555908
34 4284.506 4340.8726282 157189.67804980968 0.6111969947814941
35 4284.506 4328.977464400001 153363.71949751006 0.6249222755432129
36 4284.506 4335.021513933334 155033.5662379303 0.6383512020111084
37 4284.506 4336.2751441 155655.90670448533 0.6519720554351807
38 4284.506 4342.901108666666 177368.26195991327 0.6656608581542969
39 4284.506 4319.068900133334 20884.856000845557 0.6792929172515869
40 4284.506 4310.215323433335 17315.309556894557 0.6930911540985107
41 4284.506 4310.159158400001 18030.03262658201 0.7070021629333496
42 4284.506 4312.629578100001 22459.676069323803 0.7206301689147949
43 4284.506 4310.983877866667 19171.448803702453 0.734417200088501
44 4284.506 4300.348660966667 7110.557591994855 0.7481451034545898
45 4284.506 4298.0426809 5739.674801461047 0.7620201110839844
46 4284.506 4294.348044266668 2651.706846472634 0.7754952907562256
47 4284.506 4297.883132833334 3895.4138277880675 0.7891850471496582
48 4284.506 4303.5963367 6178.036497012715 0.8028910160064697
49 4284.506 4303.0372277666675 8049.801059810669 0.8163580894470215
50 4284.506 4304.353231033334 8102.199045722397 0.8297340869903564
51 4284.506 4303.089663366667 6712.976191393743 0.8432729244232178
52 4284.506 4303.8301984 7620.53194036083 0.8568360805511475
53 4284.506 4300.707726800001 5004.153240547529 0.8706691265106201
54 4284.506 4293.5592321 2723.0357512232094 0.8844642639160156
55 4284.506 4298.268075033333 4762.475105233312 0.8981308937072754
56 4284.506 4296.476612766667 3958.106480531767 0.9118390083312988
57 4284.506 4297.654414766666 4124.710985543606 0.9253640174865723
58 4284.506 4302.275900233333 6744.170007047128 0.9387500286102295
59 4284.506 4301.178758900001 5574.895708969493 0.9527201652526855
60 4284.506 4306.701038666667 7410.280700327647 0.966270923614502
61 4284.506 4300.805244100001 4429.967877697448 0.9799182415008545
62 4284.506 4301.745887300001 5479.820042193182 0.9935312271118164
63 4284.506 4303.5339773333335 6380.960671570652 1.0070531368255615
64 4284.506 4304.2845247000005 6145.2974423648075 1.0207760334014893
65 4284.506 4307.0117524666675 7379.286825785919 1.0346240997314453
66 4284.506 4305.979446666667 6764.110926542187 1.0483410358428955
67 4284.506 4305.2465765333345 7226.008622991319 1.0616590976715088
68 4284.506 4299.332588633334 5147.944975735598 1.0751831531524658
69 4284.506 4304.445335033334 6720.567944338702 1.088987112045288
70 4284.506 4310.699499466667 9403.917075205152 1.1028001308441162
71 4284.506 4311.860279633333 8960.73910177361 1.1170430183410645
72 4284.506 4315.307031333334 9705.02592601943 1.1312551498413086
73 4284.506 4310.392896633333 8981.198656596747 1.1458611488342285
74 4284.506 4301.9106956666665 5817.973452190423 1.1604092121124268
75 4284.506 4297.737970033334 4729.27070858661 1.1743621826171875
76 4284.506 4301.7668854 5309.452388469688 1.188352108001709
77 4284.506 4300.552599833333 5157.510226017783 1.202148199081421
78 4284.506 4304.517058966667 6623.521918901454 1.216115951538086
79 4284.506 4305.492435666667 6624.248264372101 1.2297370433807373
80 4284.506 4309.289332033333 10471.871875044906 1.243690013885498
81 4284.506 4308.0541264 10245.620081402656 1.2573730945587158
82 4284.506 4298.611867166667 4865.3652515645235 1.2709031105041504
83 4284.506 4304.477930166667 9018.34270842195 1.284839153289795
84 4284.506 4298.952717200001 5453.052801643613 1.298732042312622
85 4284.506 4300.164689133333 5392.347326326955 1.3125512599945068
86 4284.506 4301.813178733334 5811.814409635551 1.326658010482788
87 4284.506 4298.953968633334 5098.941029535268 1.3402340412139893
88 4284.506 4301.727485666667 5955.8403632047675 1.3539190292358398
89 4284.506 4306.716979266667 6613.175695959858 1.3677639961242676
90 4284.506 4297.089205100001 2729.6331723762237 1.3817291259765625
91 4284.506 4296.724809133334 3306.143496875082 1.395334243774414
92 4284.506 4300.113507633333 4502.844066534686 1.4090209007263184
93 4284.506 4314.826680166667 9446.634757150146 1.4232392311096191
94 4284.506 4306.523901200001 7409.097488267692 1.4371521472930908
95 4284.506 4304.616864333334 7051.546118406814 1.4509360790252686
96 4284.506 4303.090783000001 6145.80773050553 1.465130090713501
97 4284.506 4307.3938775666675 7898.973053750731 1.4791722297668457
98 4284.506 4301.6002083 4930.491406760635 1.4930739402770996
99 4275.43167 4304.5777224 6295.329314824784 1.506737232208252
100 4275.43167 4307.464002900001 6264.424340482729 1.5204029083251953
101 4275.43167 4304.6204738999995 5692.9787873016685 1.5341200828552246
102 4275.43167 4299.1680306 3987.7781182617305 1.547827959060669
103 4275.43167 4300.4385096333335 5438.921648342762 1.5620620250701904
104 4275.43167 4298.247758266667 5039.244622712582 1.5766611099243164
105 4275.43167 4296.770940333333 5216.358125672458 1.5911710262298584
106 4275.43167 4302.171435266667 7795.117596709865 1.604619026184082
107 4275.43167 4300.295588633333 6095.46058168289 1.6181840896606445
108 4275.43167 4298.778081966667 5501.182580495885 1.631899118423462
109 4275.43167 4298.520299299999 6293.909060732112 1.6454930305480957
110 4275.43167 4296.9476382 5626.629972861186 1.6595609188079834
111 4275.43167 4298.555486066666 6472.676068642179 1.6734840869903564
112 4275.43167 4302.155963766666 9337.315540450641 1.6873071193695068
113 4275.43167 4297.930833366666 6964.725489154368 1.7015421390533447
114 4275.43167 4300.782368966666 8749.068991417842 1.715507984161377
115 4275.43167 4298.9082192 8782.571888883393 1.7291591167449951
116 4275.43167 4297.182487033332 7937.217460237229 1.7430992126464844
117 4275.43167 4295.021990199999 6972.4860450882015 1.7568690776824951
118 4275.43167 4293.057229099999 6047.92976590447 1.77071213722229
119 4275.43167 4295.277724299999 5497.907952651436 1.784900188446045
120 4275.43167 4291.122590366666 4336.044272756881 1.7985210418701172
121 4275.43167 4294.589782766666 6016.221384993238 1.8121678829193115
122 4275.43167 4294.711596766666 6405.72484087755 1.8258180618286133
123 4275.43167 4292.657965533333 4589.582589606161 1.8391931056976318
124 4275.43167 4293.906850266666 5169.811033532205 1.8524789810180664
125 4275.43167 4290.2174657 4417.326635588226 1.8663041591644287
126 4275.43167 4287.674257399999 4063.626764795655 1.8799753189086914
127 4275.43167 4285.376590199999 2890.910024889527 1.89332914352417
128 4275.43167 4285.484885966666 3303.6336212258434 1.9072351455688477
129 4275.43167 4291.496893833333 5781.073395462496 1.9208660125732422
130 4275.43167 4293.855782 5942.935287126523 1.9345431327819824
131 4275.43167 4296.207026766666 6693.952492535371 1.9480409622192383
132 4275.43167 4302.332621433333 8795.940372849684 1.9615910053253174
133 4275.43167 4293.271739666666 6118.6348250269875 1.9748070240020752
134 4275.43167 4293.567623699999 5138.176625628699 1.9886322021484375
135 4275.43167 4292.432700433332 5533.0072579604575 2.0019829273223877
136 4275.43167 4294.857577533332 6111.153073113636 2.0154850482940674
137 4275.43167 4296.026436999999 7531.969178925842 2.0293121337890625
138 4275.43167 4294.108419533333 7359.8913377484 2.0430099964141846
139 4275.43167 4298.707657766666 8279.297361419465 2.0566041469573975
140 4275.43167 4299.133653533333 7183.306391231406 2.070310115814209
141 4275.43167 4302.265506199999 9024.6521514208 2.0837361812591553
142 4275.43167 4291.5833263333325 5522.454643807219 2.097424268722534
143 4275.43167 4286.265357433333 3840.915507491099 2.1117429733276367
144 4275.43167 4289.238292533332 4654.657922734167 2.126477003097534
145 4275.43167 4287.4566534666665 3761.5743843228943 2.1401991844177246
146 4275.43167 4289.938275566666 4549.569833056687 2.154217004776001
147 4275.43167 4289.569931533332 4373.450858289615 2.1678600311279297
148 4275.43167 4299.9712327 7726.721322077058 2.1815431118011475
149 4275.43167 4294.795731533332 5759.290493451515 2.195524215698242
150 4275.43167 4294.933476466666 7278.472672686998 2.2093801498413086
151 4275.43167 4293.321179299999 6368.563868191107 2.22286319732666
152 4275.43167 4289.214120233332 4144.049072523313 2.236680030822754
153 4275.43167 4290.4381041999995 4308.250450067971 2.25020694732666
154 4275.43167 4292.059745033333 4701.703940573959 2.2637460231781006
155 4275.43167 4289.407615933333 3659.2797636318596 2.2772181034088135
156 4275.43167 4289.742336766666 4154.580498945134 2.2908661365509033
157 4275.43167 4300.266597299999 8477.764183148602 2.304267168045044
158 4275.43167 4295.332502566666 6423.810200102726 2.3183412551879883
159 4275.43167 4290.997446333333 4475.981471229764 2.3319549560546875
160 4275.43167 4295.332693499999 5567.233335477051 2.3454389572143555
161 4275.43167 4289.612375066666 3662.574468418664 2.359342098236084
162 4275.43167 4294.127148766666 5013.695790332724 2.3736062049865723
163 4275.43167 4297.498523066666 7126.277298773118 2.3884291648864746
164 4275.43167 4286.2921122 2859.6824712195694 2.4029738903045654
165 4275.43167 4294.595843833333 6612.910669904881 2.4172871112823486
166 4275.43167 4293.769302066666 6204.681720760163 2.431272029876709
167 4275.43167 4293.106838399999 5402.711865320322 2.445639133453369
168 4275.43167 4295.114407666666 6412.960348584 2.459339141845703
169 4275.43167 4292.946179999999 5399.455358824917 2.4727323055267334
170 4275.43167 4292.470979133333 5304.451875727557 2.4867141246795654
171 4275.43167 4292.931927433333 5211.024287695367 2.5004820823669434
172 4275.43167 4290.8416978999985 4592.097190973769 2.51418399810791
173 4275.43167 4292.973827566666 4988.591848321281 2.5281982421875
174 4275.43167 4288.956507066666 3438.0167150523707 2.5424859523773193
175 4275.43167 4292.3819540666655 4590.343090887172 2.557070016860962
176 4275.43167 4292.500754966666 4830.760702697081 2.5715599060058594
177 4275.43167 4292.534550333332 5226.137068555994 2.5857369899749756
178 4275.43167 4290.052779199999 4997.615744074952 2.599890947341919
179 4275.43167 4292.210395233333 6072.926740712508 2.61384916305542
180 4275.43167 4291.2697327 5646.494991979993 2.6277871131896973
181 4275.43167 4295.339600866666 6937.831936660336 2.6415350437164307
182 4275.43167 4292.383929933333 5355.396398998709 2.655524253845215
183 4275.43167 4297.9394975333325 7777.604615208221 2.6688692569732666
184 4275.43167 4295.848420666665 6426.127428777201 2.6825971603393555
185 4275.43167 4295.4492248999995 6753.630575801735 2.6964821815490723
186 4275.43167 4294.4924415 6169.371593826099 2.7099251747131348
187 4275.43167 4292.215787666667 4921.1480299504765 2.7235162258148193
188 4275.43167 4295.856760199999 6292.908003167192 2.737305164337158
189 4275.43167 4295.005729566666 6609.880745918593 2.7511351108551025
190 4275.43167 4294.4582672 6610.387530342906 2.7650632858276367
191 4275.43167 4295.429939633334 7052.9667014669485 2.7791411876678467
192 4275.43167 4294.7803711999995 7022.120867186977 2.7928571701049805
193 4275.43167 4289.488691499999 5405.83115603221 2.80610990524292
194 4275.43167 4294.974869199999 6579.91577113233 2.8198001384735107
195 4275.43167 4293.936410966666 6308.32449450855 2.833627223968506
196 4275.43167 4292.964636599999 4992.414905510485 2.847417116165161
197 4275.43167 4296.448051999999 6750.292215231279 2.8611929416656494
198 4275.43167 4300.570307633333 7847.456797942575 2.874800205230713
199 4275.43167 4294.660555366666 5929.642980041203 2.8883872032165527
200 4275.43167 4297.222356833333 6447.761457535292 2.9021880626678467
201 4275.43167 4295.989150966666 6146.113039038561 2.9160940647125244
202 4275.43167 4297.881081933333 7175.1301703844965 2.929711103439331
203 4275.43167 4302.443986233333 8779.763828297211 2.9433462619781494
204 4275.43167 4298.234451566666 7204.912916375296 2.956882953643799
205 4275.43167 4299.826074299999 8160.164886110174 2.970453977584839
206 4275.43167 4298.545266833333 8585.666926604104 2.984410047531128
207 4275.43167 4304.554280233334 10213.858939007185 2.9981513023376465
208 4275.43167 4300.703724666666 8392.10894076685 3.012052059173584
209 4275.43167 4293.2248212666655 5510.605314424381 3.0257039070129395
210 4275.43167 4288.9802033666665 4384.160181257552 3.039107084274292
211 4275.43167 4288.313555333332 4218.692462731309 3.052645206451416
212 4275.43167 4288.925133999999 3963.0214808331048 3.0663249492645264
213 4275.43167 4288.598154933333 3952.281833243846 3.08003306388855
214 4275.43167 4289.612199366666 3981.6034762380787 3.0935869216918945
215 4275.43167 4289.117971266665 4149.435078287855 3.107351064682007
216 4275.43167 4288.116694233332 4115.825457699148 3.1209771633148193
217 4275.43167 4288.224396499999 3437.2116742537564 3.134345054626465
218 4275.43167 4287.681573633333 4462.928789591875 3.1483001708984375
219 4275.43167 4289.998619099999 5033.380187371728 3.161875009536743
220 4275.43167 4288.326823833332 4643.821517726762 3.175326108932495
221 4275.43167 4291.579249699999 5632.691863649395 3.1891372203826904
222 4275.43167 4294.798288166666 6778.515640696719 3.202721118927002
223 4275.43167 4292.799033633332 6226.756766236411 3.2165470123291016
224 4275.43167 4297.511348599999 7508.799597059156 3.230337142944336
225 4275.43167 4297.290168999999 6632.581985156259 3.2440571784973145
226 4275.43167 4298.655442399999 7491.674631716485 3.257683038711548
227 4275.43167 4304.775798 10784.353112389628 3.2713992595672607
228 4275.43167 4304.197764699999 10190.50734363012 3.284991979598999
229 4275.43167 4307.698021 10199.378736516768 3.2984981536865234
230 4275.43167 4304.532757366666 8723.249499681246 3.3120670318603516
231 4275.43167 4301.853621833332 9976.023080341623 3.3259472846984863
232 4275.43167 4298.259543233333 8026.814093233277 3.339466094970703
233 4275.43167 4297.788296933332 7037.508573464863 3.353422164916992
234 4275.43167 4294.584405399999 6272.5432125729385 3.366834878921509
235 4275.43167 4291.7275917 5967.193736201183 3.380167245864868
236 4275.43167 4295.5820004 7196.782504570177 3.393803119659424
237 4275.43167 4294.445834733332 5888.485670215182 3.407121181488037
238 4275.43167 4291.421522699999 4478.6943691129945 3.420743227005005
239 4275.43167 4291.6993016999995 5894.65580525063 3.434563159942627
240 4275.43167 4295.950455333333 6761.22381052534 3.4483001232147217
241 4275.43167 4296.677217099998 6905.955796074776 3.461927890777588
242 4275.43167 4295.010128733333 7640.942499009917 3.4754340648651123
243 4275.43167 4293.342821666666 6880.165170942579 3.488914966583252
244 4275.43167 4291.878190933333 6485.32448537029 3.5024912357330322
245 4275.43167 4300.4485773999995 9973.113497384973 3.5164122581481934
246 4275.43167 4298.486673433333 7878.286994899527 3.5300443172454834
247 4275.43167 4293.347887066667 5623.7147661158615 3.54337215423584
248 4275.43167 4298.948043766666 7672.145467626862 3.5572919845581055
249 4275.43167 4298.312617866666 7402.809021690575 3.5718021392822266
The optimum value should be 4275.43167

4275.43167 3.586364269256592

