INSTANCE: MQ4

TOTAL GENERATION IS: 250

-------------------------------------------------------------------------------------------------------------------------

ROUND 1:
Generation, best, average, variance, time(s)
0 70464.24132 85159.90664063333 22932395.05434412 0.028575897216796875
1 29164.074999999997 81396.41600803332 42067274.24032758 0.07193183898925781
2 12582.82263 69059.84640323333 323609239.1009032 0.10501289367675781
3 6752.99481 56310.81850553334 596792016.6799252 0.13289880752563477
4 5591.829890000001 42666.25867346667 661110300.0268631 0.15645694732666016
5 5465.60551 33318.824677900004 655944893.2732838 0.17723369598388672
6 5095.55392 27355.551581933334 569376169.069872 0.19590091705322266
7 4279.45575 22356.57436693333 428826072.7068894 0.21399569511413574
8 4279.45575 18276.198876433333 363774426.008156 0.2312335968017578
9 4279.45575 13947.718285933333 268346409.92242956 0.2473459243774414
10 4235.147010000001 11446.110953766667 203716639.21584865 0.2629687786102295
11 4235.147010000001 9878.452617599998 148950270.4608147 0.2783818244934082
12 4235.147010000001 8739.961267499999 127513258.15164995 0.29343271255493164
13 4235.147010000001 7537.951321399999 94966458.50871935 0.3083987236022949
14 4235.147010000001 6751.8468668666665 64593099.05882825 0.3228268623352051
15 4235.147010000001 6078.919689366667 33553195.445428688 0.33705663681030273
16 4235.147010000001 5475.0464369 18980682.40067869 0.3513526916503906
17 4235.147010000001 5168.1114474000005 15916084.969323477 0.36522388458251953
18 4235.147010000001 5050.466449833335 15292508.07891018 0.37891268730163574
19 4235.147010000001 4838.510839233333 11370913.21225062 0.3928837776184082
20 4235.147010000001 4646.408135233334 5931224.874922134 0.4068028926849365
21 4235.147010000001 4565.355165366667 5315838.150885625 0.4202728271484375
22 4235.147010000001 4399.655947266668 1261895.1601016636 0.433790922164917
23 4235.147010000001 4375.675137233334 1122456.9562828408 0.4477229118347168
24 4235.147010000001 4346.662222033334 1022743.012135101 0.4614448547363281
25 4235.147010000001 4271.453314233334 29085.732086325945 0.47528862953186035
26 4235.147010000001 4269.698786233334 25856.908944258987 0.4890427589416504
27 4235.147010000001 4268.612382500001 25401.74318814592 0.5028076171875
28 4235.147010000001 4259.690581900001 10193.474920778222 0.5166468620300293
29 4235.147010000001 4251.921993466667 5356.82304270871 0.5308017730712891
30 4235.147010000001 4257.9525852333345 8860.01524403587 0.5443277359008789
31 4235.147010000001 4254.226497133334 6998.898359648014 0.5579667091369629
32 4235.147010000001 4255.844642966667 7262.795381701207 0.5717766284942627
33 4235.147010000001 4254.933001566667 7710.677548067846 0.5852367877960205
34 4235.147010000001 4253.915281133333 7776.705502244725 0.5989828109741211
35 4235.147010000001 4249.639761800001 5692.173382336116 0.612940788269043
36 4235.147010000001 4251.291266266667 5814.209336658623 0.6267509460449219
37 4235.147010000001 4244.543087500001 2684.750625165397 0.640697717666626
38 4235.147010000001 4255.822030933334 7297.716156298312 0.6543586254119873
39 4235.147010000001 4259.2235563 9234.455325070176 0.6684706211090088
40 4235.147010000001 4254.394870366667 6656.341968712693 0.6829156875610352
41 4235.147010000001 4247.440354733334 3444.270366257717 0.6967387199401855
42 4235.147010000001 4247.139683166668 3496.5277891729293 0.7108347415924072
43 4235.147010000001 4250.646245333334 6014.551945085575 0.7246699333190918
44 4235.147010000001 4247.824338300001 4283.217901186473 0.7382338047027588
45 4235.147010000001 4246.8431482000005 3781.857122269491 0.752037763595581
46 4235.147010000001 4247.463587766668 3914.908109746726 0.765704870223999
47 4235.147010000001 4244.594440500001 2943.087111067197 0.7794528007507324
48 4235.147010000001 4247.436844866667 4244.409868735262 0.7929468154907227
49 4235.147010000001 4248.815095533334 4541.205988428739 0.8068227767944336
50 4235.147010000001 4256.568993266667 7681.550455276448 0.8205986022949219
51 4235.147010000001 4253.8138243 6482.406460110282 0.8346376419067383
52 4235.147010000001 4245.887687933335 3158.255877406324 0.8486189842224121
53 4235.147010000001 4247.484967766667 3899.6308195238857 0.8623538017272949
54 4235.147010000001 4254.823961100001 7279.99258682832 0.8762328624725342
55 4235.147010000001 4257.3869773000015 7972.148253911091 0.8900187015533447
56 4235.147010000001 4257.480148166668 8338.429403171835 0.9034938812255859
57 4235.147010000001 4247.082824066668 3480.7273503233578 0.9170339107513428
58 4235.147010000001 4248.379223700002 4768.3712124457115 0.9312319755554199
59 4235.147010000001 4260.693372333334 9688.412495365452 0.9451377391815186
60 4235.147010000001 4251.758341233334 7619.502393061647 0.9588336944580078
61 4235.147010000001 4247.5524780000005 6226.492791676588 0.9727458953857422
62 4235.147010000001 4252.027257633335 6445.255952213111 0.9862527847290039
63 4235.147010000001 4251.114390233334 5959.668426789648 0.9998388290405273
64 4235.147010000001 4250.767345333334 5715.611089358702 1.0137338638305664
65 4235.147010000001 4261.485107333334 10802.248626171558 1.027397871017456
66 4235.147010000001 4259.375525400001 9328.553187095453 1.0407366752624512
67 4235.147010000001 4255.928895666668 6382.861958579262 1.0541555881500244
68 4235.147010000001 4258.271880700001 8013.073472044251 1.0677218437194824
69 4235.147010000001 4260.363062533334 8758.802278680438 1.081451654434204
70 4235.147010000001 4255.701487833334 7251.121867204173 1.0952036380767822
71 4235.147010000001 4256.040828800001 7231.806025983243 1.108919620513916
72 4235.147010000001 4254.749048133334 7388.166231931956 1.122497797012329
73 4235.147010000001 4260.178311133333 9309.09916825947 1.1363906860351562
74 4235.147010000001 4257.882883533334 7710.093463611372 1.1499238014221191
75 4235.147010000001 4266.420000733334 12025.005051692318 1.1634187698364258
76 4235.147010000001 4260.4253867666675 9299.464503800751 1.1772997379302979
77 4235.147010000001 4254.935044466667 6999.102352466263 1.19191575050354
78 4235.147010000001 4252.817332400001 6028.909901558615 1.2061786651611328
79 4235.147010000001 4255.612145066668 7253.338816905455 1.2198069095611572
80 4235.147010000001 4258.615728900001 8535.12006217407 1.2335748672485352
81 4235.147010000001 4261.412568500001 9098.507534541795 1.247201681137085
82 4235.147010000001 4248.273060666667 5010.410057456458 1.2611908912658691
83 4235.147010000001 4251.754111266667 8040.161235600882 1.2749648094177246
84 4235.147010000001 4251.725420366667 5570.471737055145 1.2887587547302246
85 4235.147010000001 4251.824470866667 6444.985241402383 1.3025789260864258
86 4235.147010000001 4256.038964000001 7963.067941346951 1.316429615020752
87 4235.147010000001 4256.282202000001 7625.671312834756 1.3303987979888916
88 4235.147010000001 4256.591253333334 9244.231279357067 1.344688892364502
89 4235.147010000001 4254.4176236 7155.341566771526 1.3583717346191406
90 4235.147010000001 4254.583266166667 7200.344361833461 1.3721747398376465
91 4235.147010000001 4255.802104533334 8049.558883470061 1.3855018615722656
92 4235.147010000001 4250.379282933334 5399.706626895196 1.3990347385406494
93 4235.147010000001 4251.229371766667 5288.896431162577 1.4125587940216064
94 4235.147010000001 4252.308893033333 6067.572893725568 1.4262568950653076
95 4235.147010000001 4251.007933433334 5566.377527607179 1.4399237632751465
96 4235.147010000001 4255.117450366667 6995.813655874676 1.45369291305542
97 4235.147010000001 4256.4774494 7450.140024798986 1.4675707817077637
98 4235.147010000001 4254.750328133335 6700.247055198233 1.4808948040008545
99 4235.147010000001 4248.655128533334 4295.803431406468 1.4945487976074219
100 4235.147010000001 4241.9409239000015 1799.6042523140134 1.5085718631744385
101 4235.147010000001 4244.556102966668 3067.6332941796063 1.5227227210998535
102 4235.147010000001 4250.203570033334 4336.093518945978 1.5365586280822754
103 4235.147010000001 4252.279865033334 8025.443740112716 1.5503387451171875
104 4235.147010000001 4250.389335200001 6829.390090284741 1.563943862915039
105 4235.147010000001 4250.595693900001 6688.840956372689 1.5776777267456055
106 4235.147010000001 4258.901852266667 8273.430240450358 1.591768741607666
107 4235.147010000001 4254.399784933335 7901.845396681278 1.6057207584381104
108 4235.147010000001 4258.8162384 10220.08823793163 1.6189665794372559
109 4235.147010000001 4254.771226733334 6882.101940154113 1.632847785949707
110 4235.147010000001 4250.084517133334 4931.045211626512 1.6467227935791016
111 4235.147010000001 4252.139391466668 5693.797287358744 1.661346673965454
112 4235.147010000001 4264.400775833335 10868.906210895178 1.6760737895965576
113 4235.147010000001 4263.816338633334 10749.540690554393 1.690377950668335
114 4235.147010000001 4258.050438933335 11029.545291662327 1.7042946815490723
115 4235.147010000001 4259.057653466667 12183.464346284296 1.7182347774505615
116 4235.147010000001 4267.035093066667 15590.164361295709 1.7320997714996338
117 4235.147010000001 4266.230264566668 11223.493684588871 1.7453818321228027
118 4235.147010000001 4258.938658066668 8425.331115237745 1.7597477436065674
119 4235.147010000001 4257.682498833334 8245.082089085015 1.7734026908874512
120 4235.147010000001 4253.9401653 7101.784484701048 1.7871789932250977
121 4235.147010000001 4256.129946766668 8124.348967171525 1.801020860671997
122 4235.147010000001 4249.166207033334 4917.9718580925655 1.8156137466430664
123 4235.147010000001 4258.763105766668 7858.4175076814945 1.8308789730072021
124 4235.147010000001 4255.351847666667 6731.099702616056 1.8448755741119385
125 4235.147010000001 4256.759064700001 6829.437547373535 1.8588166236877441
126 4235.147010000001 4258.734799566667 7757.854899242154 1.872743844985962
127 4235.147010000001 4259.195287900001 7933.792829837015 1.8864166736602783
128 4235.147010000001 4263.3489711 9807.750916527611 1.9001667499542236
129 4235.147010000001 4257.029232700001 8357.263691267755 1.9140706062316895
130 4235.147010000001 4253.3740492666675 6241.138235621546 1.9281957149505615
131 4235.147010000001 4254.219051133334 6770.022533923922 1.9418728351593018
132 4235.147010000001 4251.822929466668 5826.628899044739 1.9554429054260254
133 4235.147010000001 4246.9411820000005 3630.219766089191 1.9691317081451416
134 4235.147010000001 4254.224772266667 6626.744005283575 1.982879877090454
135 4235.147010000001 4250.430599666668 5021.3350854859 1.996485710144043
136 4235.147010000001 4258.8079185666675 8555.930257997958 2.010347604751587
137 4235.147010000001 4261.3007719333345 10566.944278612065 2.0239927768707275
138 4235.147010000001 4261.507047633334 11978.84767326137 2.0375118255615234
139 4235.147010000001 4251.021457566667 5965.025194215105 2.0514376163482666
140 4235.147010000001 4260.3599674666675 9505.2368237149 2.0652496814727783
141 4235.147010000001 4250.452086666667 5452.738140600387 2.0789806842803955
142 4235.147010000001 4248.963826800001 5376.023327137532 2.092784881591797
143 4235.147010000001 4250.201644500001 4716.576702950096 2.106611967086792
144 4235.147010000001 4256.328945000001 7187.358102201905 2.1203577518463135
145 4235.147010000001 4255.966403033334 7557.969584619512 2.13427472114563
146 4235.147010000001 4255.5407439 7594.443242184568 2.1479239463806152
147 4235.147010000001 4260.182120400001 8953.628337265412 2.161268949508667
148 4235.147010000001 4257.4514359 8898.890551994527 2.1751575469970703
149 4235.147010000001 4250.314027266668 5682.408236299254 2.1890878677368164
150 4235.147010000001 4252.238245600001 7168.805613795264 2.2038846015930176
151 4235.147010000001 4244.824615800001 3656.41959750139 2.2185497283935547
152 4235.147010000001 4247.502748466668 4233.3897108575875 2.2323646545410156
153 4235.147010000001 4254.640083500001 7042.653733785124 2.245823860168457
154 4235.147010000001 4255.055362633334 6979.868669950686 2.2595527172088623
155 4235.147010000001 4256.911385666667 7556.1056804064665 2.2735517024993896
156 4235.147010000001 4248.792073500001 4344.872534701565 2.2870287895202637
157 4235.147010000001 4252.006607233334 5172.544368032138 2.300830841064453
158 4235.147010000001 4259.277609166667 8346.7888427012 2.3147597312927246
159 4235.147010000001 4252.006216733334 6564.008733814106 2.328519821166992
160 4235.147010000001 4254.561593133334 6249.263621873727 2.3421807289123535
161 4235.147010000001 4252.575065033333 5982.447033313081 2.3559417724609375
162 4235.147010000001 4249.208929733333 4846.081704434989 2.369344711303711
163 4235.147010000001 4254.7525676333335 7082.7102702736975 2.382997989654541
164 4235.147010000001 4245.980950966667 4168.88956360686 2.396594762802124
165 4235.147010000001 4247.197703966667 5343.311046499019 2.4101617336273193
166 4235.147010000001 4251.506740633335 6677.073027625042 2.423884630203247
167 4235.147010000001 4249.756938933334 4905.874128225519 2.437673807144165
168 4235.147010000001 4253.531460300001 5808.685170423327 2.451091766357422
169 4235.147010000001 4256.222828600001 6881.319274385449 2.4645986557006836
170 4235.147010000001 4258.284313766668 8676.612137872937 2.478266716003418
171 4235.147010000001 4257.064590333334 8376.803912575484 2.491701602935791
172 4235.147010000001 4250.568064200002 5525.657283014855 2.5052988529205322
173 4235.147010000001 4256.974567433334 8367.892097944641 2.519141674041748
174 4235.147010000001 4249.596169600001 5357.514328525628 2.5331997871398926
175 4235.147010000001 4249.802967300001 4249.318684141198 2.5471789836883545
176 4235.147010000001 4249.743418466667 4935.788692036404 2.561217784881592
177 4235.147010000001 4258.536349500001 8336.279328601271 2.574835777282715
178 4235.147010000001 4253.523813566667 6238.877093925503 2.588791608810425
179 4235.147010000001 4254.125742900001 6341.49247008719 2.6024959087371826
180 4235.147010000001 4257.514709033334 8413.4382564632 2.616144895553589
181 4235.147010000001 4250.807781200001 6387.0101801264955 2.6298859119415283
182 4235.147010000001 4251.900974700001 5237.340066321397 2.643800735473633
183 4235.147010000001 4249.356896866667 4426.33107458969 2.658111810684204
184 4235.147010000001 4245.790768366667 3276.9401618543734 2.672468900680542
185 4235.147010000001 4246.029250833335 3894.4764913492386 2.686734676361084
186 4235.147010000001 4251.354256266667 6099.4468917841805 2.701732635498047
187 4235.147010000001 4244.942004400001 3171.0240884782343 2.7167956829071045
188 4235.147010000001 4252.312317700001 6264.74267300026 2.7311208248138428
189 4235.147010000001 4251.985917166667 7884.3953199558055 2.7450318336486816
190 4235.147010000001 4253.018946866667 8122.321248176368 2.759044647216797
191 4235.147010000001 4250.813636433334 6790.165932002337 2.7728419303894043
192 4235.147010000001 4254.764379566667 8340.897852586302 2.7865567207336426
193 4235.147010000001 4251.457127066667 5872.722886288233 2.8005998134613037
194 4235.147010000001 4252.822623200001 6888.039435029268 2.8142688274383545
195 4235.147010000001 4245.908284666667 3807.450091595597 2.8277587890625
196 4235.147010000001 4247.475961700001 4002.1897123228177 2.841477870941162
197 4235.147010000001 4248.084821300001 4663.487949933907 2.8551647663116455
198 4235.147010000001 4250.773707966667 5493.0045150171745 2.8687448501586914
199 4235.147010000001 4253.8230042000005 7602.13432417339 2.88279390335083
200 4235.147010000001 4252.739894066667 6946.732732261588 2.8963987827301025
201 4235.147010000001 4252.0597922666675 6143.579157643624 2.9101157188415527
202 4235.147010000001 4256.750681400001 8442.860807137493 2.924024820327759
203 4235.147010000001 4259.8719285333345 9532.53200777233 2.9377968311309814
204 4235.147010000001 4254.241853733334 7012.477857889177 2.9514718055725098
205 4235.147010000001 4249.245010533335 4606.265828643859 2.9651856422424316
206 4235.147010000001 4249.223508633334 4035.731090111949 2.97896671295166
207 4235.147010000001 4255.809760833334 6170.679214407575 2.992635726928711
208 4235.147010000001 4257.2853782 6940.423261642278 3.0064728260040283
209 4235.147010000001 4254.566568200002 6449.361447288652 3.0201478004455566
210 4235.147010000001 4249.294192333334 4423.77356737247 3.0340657234191895
211 4235.147010000001 4247.568591566668 3595.9847530304314 3.0476479530334473
212 4235.147010000001 4248.382329200001 4176.058750837739 3.061471939086914
213 4235.147010000001 4247.5557597000015 4559.6702238074895 3.075615882873535
214 4235.147010000001 4256.376021133334 8228.951934752231 3.0896356105804443
215 4235.147010000001 4254.586074600001 8967.679487543788 3.103686809539795
216 4235.147010000001 4252.968547 7431.135996596011 3.1176767349243164
217 4235.147010000001 4257.155475233334 7748.103944665665 3.1315877437591553
218 4235.147010000001 4258.698157366667 8027.450545612589 3.145469903945923
219 4235.147010000001 4255.453970766667 6748.363278158158 3.159010648727417
220 4235.147010000001 4260.109831500001 8950.456597515384 3.172839879989624
221 4235.147010000001 4256.177089133334 7239.418202981142 3.1873438358306885
222 4235.147010000001 4257.802698266668 8156.1755339133115 3.2014026641845703
223 4235.147010000001 4262.5318328 11185.685441546724 3.215853691101074
224 4235.147010000001 4254.714741433334 7736.451372353428 3.230344772338867
225 4235.147010000001 4252.173558200001 6303.638312173823 3.2444448471069336
226 4235.147010000001 4249.910246800001 4839.673998685133 3.2586448192596436
227 4235.147010000001 4254.410607433334 7204.22911849008 3.2725276947021484
228 4235.147010000001 4252.842408866667 6126.965390813222 3.2861859798431396
229 4235.147010000001 4253.977927366667 7352.32422068953 3.3000757694244385
230 4235.147010000001 4250.403080533335 7204.117423641322 3.3141937255859375
231 4235.147010000001 4247.158266000001 5089.285980788302 3.328009843826294
232 4235.147010000001 4247.177384766668 4139.800096554383 3.3420937061309814
233 4235.147010000001 4247.376136366667 4051.3099308001933 3.3557498455047607
234 4235.147010000001 4250.914561733334 6511.368717357784 3.3694169521331787
235 4235.147010000001 4251.663264766667 6673.201251824193 3.383321762084961
236 4235.147010000001 4255.538857833334 8090.968105592102 3.396998882293701
237 4235.147010000001 4260.851682966668 10675.476294692664 3.410357713699341
238 4235.147010000001 4262.146980700001 10989.061893542746 3.4242208003997803
239 4235.147010000001 4254.529261966667 7201.6753268295715 3.437680721282959
240 4235.147010000001 4259.406080800001 9765.600877639938 3.451340675354004
241 4235.147010000001 4258.212761233334 8025.113019990341 3.465082883834839
242 4235.147010000001 4256.443162533334 7954.794451845124 3.4785897731781006
243 4235.147010000001 4262.040428933334 10692.663862711428 3.4921536445617676
244 4235.147010000001 4252.946404966667 6883.70343581856 3.5061838626861572
245 4235.147010000001 4257.101663300001 9164.274562084573 3.519883632659912
246 4235.147010000001 4255.374979466667 6441.251365360301 3.5335607528686523
247 4235.147010000001 4254.924372733334 6677.914909270878 3.547501802444458
248 4235.147010000001 4260.117915266667 8591.786298807558 3.5611956119537354
249 4235.147010000001 4260.944922533334 8692.707472609427 3.5749168395996094
The optimum value should be 4235.14701

4235.147010000001 3.588890790939331

-------------------------------------------------------------------------------------------------------------------------

ROUND 2:
Generation, best, average, variance, time(s)
0 70682.16693 85100.1286411 21911959.836872675 0.02882099151611328
1 24904.291769999996 81485.24629743333 42634081.71603816 0.07113504409790039
2 11314.41315 68084.3027619 425847672.0452904 0.10455703735351562
3 7434.15124 55506.153053400005 665215530.9456211 0.1322019100189209
4 5360.89257 42139.86020026667 712143237.0201281 0.15562176704406738
5 5115.4915200000005 31718.22443623333 610323741.2909787 0.17648100852966309
6 4444.6779 22639.740194066668 406119485.37515247 0.1947309970855713
7 4444.6779 18790.283685033333 344061927.4519693 0.2123279571533203
8 4407.35517 14569.463279500002 245211461.61951447 0.2288498878479004
9 4407.35517 11809.231817066666 188850794.8250952 0.24425888061523438
10 4307.9495 9753.130967866666 129322597.60448395 0.25946807861328125
11 4307.9495 7805.978873066666 73476959.54120864 0.2741358280181885
12 4307.9495 7130.681650433332 59100948.95575716 0.2893099784851074
13 4307.9495 6387.981203366667 48098997.655745976 0.3041648864746094
14 4240.23465 5941.998880133334 30761682.13461268 0.31802988052368164
15 4240.23465 5529.698206533333 13601915.958620207 0.33220887184143066
16 4240.23465 5195.5109268999995 10680749.95401427 0.34656596183776855
17 4240.23465 4911.864228033333 7955058.546910715 0.36060500144958496
18 4240.23465 4735.6246176666655 5231797.211557317 0.3747220039367676
19 4240.23465 4605.3041439 3298406.299707298 0.38883090019226074
20 4240.23465 4453.439349433333 1173176.7379908082 0.4024379253387451
21 4240.23465 4425.203266199999 1120163.8783675372 0.4160897731781006
22 4240.23465 4357.958769533333 481921.3209475408 0.42981672286987305
23 4240.23465 4326.797437933333 383996.15605169965 0.44344401359558105
24 4240.23465 4286.773296166666 40769.685014747876 0.4570279121398926
25 4240.23465 4276.783001533332 23016.427832323512 0.47098803520202637
26 4240.23465 4273.193177166667 23585.247058176552 0.4844639301300049
27 4240.23465 4272.694649366666 23276.390374036306 0.49808478355407715
28 4240.23465 4264.0788311 7322.289596692055 0.5120949745178223
29 4240.23465 4266.093780699999 8952.627448962896 0.5257821083068848
30 4240.23465 4265.327763599999 7205.860648682539 0.5395169258117676
31 4240.23465 4263.437228499999 6644.332251457137 0.5534777641296387
32 4240.23465 4266.6459694333325 8907.690222937654 0.5672979354858398
33 4240.23465 4267.040590133333 8493.545883125213 0.5810089111328125
34 4240.23465 4258.014780766666 5544.075420913161 0.5948569774627686
35 4240.23465 4254.830842633332 3823.388963705316 0.6086769104003906
36 4240.23465 4256.924618166667 6763.21412061316 0.6223418712615967
37 4240.23465 4252.183019066666 3345.9765097539735 0.6359508037567139
38 4240.23465 4260.2373799 6458.05447956984 0.6496458053588867
39 4240.23465 4262.099320366666 8653.876482131986 0.66336989402771
40 4240.23465 4258.033749266667 8887.644200194554 0.6773269176483154
41 4240.23465 4256.5497407 8134.4788706210675 0.6909809112548828
42 4240.23465 4256.1705618 4983.0750292019375 0.704413890838623
43 4240.23465 4262.0453733333325 6602.701933170368 0.7189466953277588
44 4240.23465 4259.807531933333 6702.578520377594 0.733191967010498
45 4240.23465 4258.729698466666 6154.44012638751 0.7477660179138184
46 4240.23465 4261.203714633332 7079.141015765826 0.7620589733123779
47 4240.23465 4259.204387633334 6909.416479792544 0.7756180763244629
48 4240.23465 4251.787985333333 3067.745278393757 0.7892680168151855
49 4240.23465 4260.541088499999 7427.36948023718 0.8030819892883301
50 4240.23465 4262.944552099999 8381.90074069621 0.8171908855438232
51 4240.23465 4260.938055199999 7429.894600241823 0.8310511112213135
52 4240.23465 4254.899803966666 4854.432801706094 0.845196008682251
53 4240.23465 4255.865285899999 5470.8362503631815 0.859421968460083
54 4240.23465 4253.456885566667 5203.783016627127 0.8739640712738037
55 4240.23465 4258.339886433333 7090.989358251172 0.8881328105926514
56 4240.23465 4252.303113566667 3750.8259593693974 0.9021048545837402
57 4240.23465 4256.698714333333 5672.49568171479 0.9158108234405518
58 4240.23465 4254.823805999999 4169.367066663033 0.9296987056732178
59 4240.23465 4258.3587769 6362.63984700741 0.9435248374938965
60 4240.23465 4258.530079866667 6448.5763091983235 0.9571719169616699
61 4240.23465 4251.683455299999 3530.075340237552 0.9708249568939209
62 4240.23465 4258.491341733333 6276.016340227164 0.9843618869781494
63 4240.23465 4258.7990666 6096.30138231951 0.9977490901947021
64 4240.23465 4256.564384966667 5226.241997392103 1.0116369724273682
65 4240.23465 4262.647978633333 9466.135906658457 1.0252017974853516
66 4240.23465 4258.064490366666 8537.75107362479 1.0385510921478271
67 4235.147010000001 4256.214602033333 5152.440991082538 1.0521659851074219
68 4235.147010000001 4256.387543766667 5079.5336763188525 1.0658917427062988
69 4235.147010000001 4261.834967633334 7564.704190132742 1.079460859298706
70 4235.147010000001 4255.071796700001 5384.861507528963 1.0932600498199463
71 4235.147010000001 4254.405740166668 5733.094068630873 1.1067728996276855
72 4235.147010000001 4260.411762666667 7844.161406120786 1.1202807426452637
73 4235.147010000001 4252.1310735666675 4869.996657124896 1.135349988937378
74 4235.147010000001 4251.296115200001 5599.1456604850655 1.1499290466308594
75 4235.147010000001 4248.857474766667 4560.3253101277705 1.1640210151672363
76 4235.147010000001 4249.288768100001 4774.715964348693 1.1779489517211914
77 4235.147010000001 4255.7386183 7393.095707422228 1.1914408206939697
78 4235.147010000001 4250.297758833334 5389.37103699902 1.2050609588623047
79 4235.147010000001 4251.5324273666665 5246.951760586206 1.2186949253082275
80 4235.147010000001 4248.8269248666675 4532.3378857835705 1.232470989227295
81 4235.147010000001 4258.210187700001 8554.713629342963 1.2455859184265137
82 4235.147010000001 4247.679102000001 4664.431174744267 1.2595829963684082
83 4235.147010000001 4255.802163233334 7345.559672154266 1.2735209465026855
84 4235.147010000001 4258.914450466667 7408.979810796231 1.287665843963623
85 4235.147010000001 4260.472027900001 8070.221829846706 1.3019068241119385
86 4235.147010000001 4254.070418200001 6181.402673845042 1.3156609535217285
87 4235.147010000001 4255.122570033334 5779.505424806031 1.3292250633239746
88 4235.147010000001 4254.275202833334 5919.510339309891 1.3429739475250244
89 4235.147010000001 4249.863293733334 3632.7789155870337 1.3567559719085693
90 4235.147010000001 4251.423197800001 5799.742084173022 1.3707098960876465
91 4235.147010000001 4254.938437333334 8210.24972085594 1.384531021118164
92 4235.147010000001 4256.736169333334 8964.732014404715 1.3984551429748535
93 4235.147010000001 4261.647260800001 10576.037802851777 1.411902904510498
94 4235.147010000001 4259.571815033334 9368.886835660813 1.4255619049072266
95 4235.147010000001 4257.762855600001 8909.241397113474 1.439363718032837
96 4235.147010000001 4264.953050966668 11650.412037184997 1.453169822692871
97 4235.147010000001 4259.8560873666665 10048.190168388654 1.466689109802246
98 4235.147010000001 4256.976241933334 9175.360582649068 1.480072021484375
99 4235.147010000001 4265.038526300001 12955.812510463531 1.4934310913085938
100 4235.147010000001 4260.333670066667 10031.548437487478 1.507110834121704
101 4235.147010000001 4258.434169200001 8978.456716625915 1.5207369327545166
102 4235.147010000001 4258.259493933334 8493.460801080388 1.5342209339141846
103 4235.147010000001 4258.9234995666675 7714.593177747141 1.5476739406585693
104 4235.147010000001 4263.117947433335 10445.662121649539 1.5609898567199707
105 4235.147010000001 4252.440057166667 7272.269576694116 1.5745339393615723
106 4235.147010000001 4253.874575600002 7489.70031758241 1.588352918624878
107 4235.147010000001 4250.664357700001 5904.195810932802 1.6019389629364014
108 4235.147010000001 4254.585220933334 6984.036225243397 1.6153578758239746
109 4235.147010000001 4254.376221566667 6762.465199667852 1.6289217472076416
110 4235.147010000001 4251.210606466668 6216.352236352856 1.6429147720336914
111 4235.147010000001 4250.214704066667 4850.379040080539 1.6567869186401367
112 4235.147010000001 4256.796322 7644.355793519532 1.6705269813537598
113 4235.147010000001 4253.027181500001 5367.728136216199 1.6840598583221436
114 4235.147010000001 4254.7428328000005 5906.847108528433 1.697678804397583
115 4235.147010000001 4256.0489259333335 6325.671929951452 1.7112247943878174
116 4235.147010000001 4255.452729366667 6984.875858285948 1.7251908779144287
117 4235.147010000001 4251.422775000001 6280.955025660292 1.7394299507141113
118 4235.147010000001 4251.339127 6275.407346286949 1.7541377544403076
119 4235.147010000001 4254.807010233334 9164.264487616849 1.7680878639221191
120 4235.147010000001 4253.9571223 7391.462661377949 1.7818629741668701
121 4235.147010000001 4253.0147113 7480.265092374177 1.7956418991088867
122 4235.147010000001 4251.898618933335 5779.255526943922 1.8092899322509766
123 4235.147010000001 4253.542608533334 6815.025010768726 1.8229467868804932
124 4235.147010000001 4250.895130133334 5574.423252260081 1.8367900848388672
125 4235.147010000001 4252.266889633333 6963.62565388614 1.8505768775939941
126 4235.147010000001 4253.396490966667 6748.441360519049 1.863940954208374
127 4235.147010000001 4252.882178466668 6030.039577519486 1.877655029296875
128 4235.147010000001 4256.546914233334 10691.368484460205 1.8911418914794922
129 4235.147010000001 4252.300355 6850.73249674132 1.9048938751220703
130 4235.147010000001 4249.317730700001 5453.504500979175 1.9188179969787598
131 4235.147010000001 4251.407479633334 5144.3202226796975 1.9324390888214111
132 4235.147010000001 4251.894822333334 4982.499333298435 1.9460020065307617
133 4235.147010000001 4249.911446600001 4750.572556694996 1.959765911102295
134 4235.147010000001 4259.669764933334 9354.817670714174 1.9735398292541504
135 4235.147010000001 4257.616009600001 8840.735226124469 1.9872348308563232
136 4235.147010000001 4253.097565366667 6066.8142175756175 2.0011510848999023
137 4235.147010000001 4252.501317566667 6139.642282873617 2.0149948596954346
138 4235.147010000001 4245.570549700001 3379.844003855857 2.028820037841797
139 4235.147010000001 4248.737889200001 4838.524492367098 2.042689085006714
140 4235.147010000001 4252.6286536 6164.767327629652 2.0561389923095703
141 4235.147010000001 4256.227891 8834.644353324094 2.069624900817871
142 4235.147010000001 4254.584011766667 7163.803773655011 2.083441972732544
143 4235.147010000001 4258.797312600001 8376.487337833376 2.098109006881714
144 4235.147010000001 4255.522007266668 7162.662776769442 2.1122748851776123
145 4235.147010000001 4248.125383533334 3815.957816347863 2.1261520385742188
146 4235.147010000001 4243.850152166668 2376.987959526232 2.139580011367798
147 4235.147010000001 4248.994431533334 4731.716704727546 2.1534159183502197
148 4235.147010000001 4246.583996800001 3977.023125981822 2.167214870452881
149 4235.147010000001 4249.500764766668 7185.818503216991 2.180854082107544
150 4235.147010000001 4257.634276900001 9891.66290596337 2.1942191123962402
151 4235.147010000001 4257.692513866667 9441.827108890491 2.2081007957458496
152 4235.147010000001 4255.460783700001 6762.318381753692 2.2218918800354004
153 4235.147010000001 4259.972919433334 8026.811575441472 2.2355830669403076
154 4235.147010000001 4252.170550300001 5243.972076119723 2.24979305267334
155 4235.147010000001 4257.976401666668 8137.861369739473 2.2636489868164062
156 4235.147010000001 4254.7944762333345 7445.815025354986 2.277275800704956
157 4235.147010000001 4253.525319500001 6795.5878793663505 2.2909398078918457
158 4235.147010000001 4255.465158566667 7638.5068077780215 2.305145740509033
159 4235.147010000001 4256.917663800001 9987.639460559178 2.3193700313568115
160 4235.147010000001 4260.013506633333 10421.69803850049 2.3333659172058105
161 4235.147010000001 4254.159254300001 6704.000766417826 2.3471639156341553
162 4235.147010000001 4251.695821900002 5828.584540625013 2.360825777053833
163 4235.147010000001 4249.650286966667 4679.589028876444 2.3746020793914795
164 4235.147010000001 4253.077846000001 6096.9106343256935 2.3884079456329346
165 4235.147010000001 4262.587426233335 10224.537779579869 2.4018428325653076
166 4235.147010000001 4261.062803266668 11491.361331896327 2.4156317710876465
167 4235.147010000001 4259.289276833334 9464.073114115583 2.4292149543762207
168 4235.147010000001 4262.813396500001 12994.585816442761 2.4427058696746826
169 4235.147010000001 4254.826741366667 9131.5299207909 2.4563310146331787
170 4235.147010000001 4255.440975400001 7577.3746433336055 2.4700517654418945
171 4235.147010000001 4254.598241866667 6580.030745782684 2.4834797382354736
172 4235.147010000001 4257.514543333335 8925.694804940924 2.49696683883667
173 4235.147010000001 4257.761824300001 8412.956529816818 2.5105669498443604
174 4235.147010000001 4254.630801900001 7632.691363420741 2.523905038833618
175 4235.147010000001 4254.1320377 6797.076822642555 2.537458896636963
176 4235.147010000001 4257.424612600001 9144.97676041855 2.550916910171509
177 4235.147010000001 4255.498802700001 7155.123568545425 2.5644617080688477
178 4235.147010000001 4250.240155 5521.19809387476 2.578155040740967
179 4235.147010000001 4249.9113529333345 4687.4238595556635 2.5916659832000732
180 4235.147010000001 4255.629911800001 6717.162081537018 2.60508394241333
181 4235.147010000001 4258.007789966668 7958.850271862584 2.618746757507324
182 4235.147010000001 4253.045065700001 6367.6032226139105 2.6324920654296875
183 4235.147010000001 4245.8727456333345 2971.9093643027763 2.645967960357666
184 4235.147010000001 4248.575249900001 4079.5007763596236 2.659838914871216
185 4235.147010000001 4252.189237266667 5044.2033018126585 2.6731388568878174
186 4235.147010000001 4251.884821033334 4759.639579083752 2.6863880157470703
187 4235.147010000001 4253.656290333334 5748.167827285528 2.699965000152588
188 4235.147010000001 4251.786436533334 4987.099023734818 2.7135009765625
189 4235.147010000001 4249.439046300001 4727.6035605785855 2.7274277210235596
190 4235.147010000001 4244.036689533334 3128.4062369728545 2.7415077686309814
191 4235.147010000001 4248.876467166667 4170.157679135266 2.7556209564208984
192 4235.147010000001 4258.404677200001 8149.101289285369 2.7689948081970215
193 4235.147010000001 4261.784219000001 9261.661042027974 2.7824137210845947
194 4235.147010000001 4251.964674933334 5596.702323540327 2.796038866043091
195 4235.147010000001 4248.512477600001 4238.825818421083 2.8096110820770264
196 4235.147010000001 4248.7679032333335 4239.6714547853135 2.8230459690093994
197 4235.147010000001 4250.391374233334 5783.629712171078 2.83659291267395
198 4235.147010000001 4255.392323933334 7397.124792892719 2.8507070541381836
199 4235.147010000001 4249.024436100001 4799.59413400883 2.8645617961883545
200 4235.147010000001 4246.826567033335 3754.58976504133 2.8781120777130127
201 4235.147010000001 4240.296354 1162.0520838064397 2.8913190364837646
202 4235.147010000001 4244.165433600001 3254.3418267604175 2.90494704246521
203 4235.147010000001 4241.384504200001 2036.8771143339761 2.9187519550323486
204 4235.147010000001 4248.715842400001 4597.6808360976365 2.9323017597198486
205 4235.147010000001 4247.989361166668 4050.618522048234 2.946074962615967
206 4235.147010000001 4246.176741600001 3861.894787835828 2.9597880840301514
207 4235.147010000001 4252.610083866667 5781.230180226125 2.973245859146118
208 4235.147010000001 4254.071364733334 6575.667231841903 2.986815929412842
209 4235.147010000001 4254.953532266667 7148.95609186988 3.000382900238037
210 4235.147010000001 4254.883380233334 7863.977802194119 3.0137698650360107
211 4235.147010000001 4255.668209333334 7639.025901596563 3.0274670124053955
212 4235.147010000001 4253.302540633334 6838.083761443689 3.0410120487213135
213 4235.147010000001 4253.422701766668 6584.261674787047 3.0543689727783203
214 4235.147010000001 4256.080561966667 8259.533958919506 3.067991018295288
215 4235.147010000001 4255.131682866668 7748.490147344929 3.081470012664795
216 4235.147010000001 4256.200470266667 8217.483601176002 3.094697952270508
217 4235.147010000001 4261.010063633334 11637.798063251646 3.1085140705108643
218 4235.147010000001 4252.601492266667 7847.483857801665 3.1219210624694824
219 4235.147010000001 4258.308364433335 10354.358341416708 3.135438919067383
220 4235.147010000001 4258.931612333334 11069.429068148214 3.149106025695801
221 4235.147010000001 4250.9060605 6411.915163229514 3.162576913833618
222 4235.147010000001 4245.8442268 4238.8440473446235 3.1759438514709473
223 4235.147010000001 4250.913116233334 5076.344043307784 3.189689874649048
224 4235.147010000001 4253.3073164666675 7971.511012884018 3.2033238410949707
225 4235.147010000001 4254.938111033334 8480.106620797424 3.2167558670043945
226 4235.147010000001 4252.296992666667 6150.858908075802 3.230419874191284
227 4235.147010000001 4250.058189233334 5058.152361743222 3.2439448833465576
228 4235.147010000001 4247.686341366667 5074.831590866889 3.2579429149627686
229 4235.147010000001 4256.903882300001 8970.580204835062 3.2718100547790527
230 4235.147010000001 4257.390882333334 7598.148834820002 3.285815954208374
231 4235.147010000001 4257.882876966667 7712.612580764978 3.3002169132232666
232 4235.147010000001 4260.214782533334 8299.634000067981 3.3147408962249756
233 4235.147010000001 4262.7773287 10102.153910983105 3.3286139965057373
234 4235.147010000001 4259.602681733334 9625.90986885442 3.3421099185943604
235 4235.147010000001 4254.091573333334 6584.796861946587 3.3557918071746826
236 4235.147010000001 4254.430707866667 6306.70615639867 3.369537115097046
237 4235.147010000001 4254.3134605333335 6586.322993625125 3.382944107055664
238 4235.147010000001 4254.360560633335 7371.406777514562 3.3964548110961914
239 4235.147010000001 4253.442618100001 6947.619989292049 3.409856081008911
240 4235.147010000001 4251.998153166667 6489.545157219475 3.423638105392456
241 4235.147010000001 4251.9709484 6523.964334863918 3.4371867179870605
242 4235.147010000001 4252.124071433334 5898.696533122629 3.4508609771728516
243 4235.147010000001 4254.3588279000005 6736.593767803167 3.464061975479126
244 4235.147010000001 4251.921832533334 6186.604989665936 3.477695941925049
245 4235.147010000001 4252.249800233334 7509.520700020628 3.491163969039917
246 4235.147010000001 4258.329951533334 9590.192159128348 3.50467586517334
247 4235.147010000001 4252.092999866667 6486.69521137306 3.5185229778289795
248 4235.147010000001 4253.109934 6381.045074218584 3.532010078430176
249 4235.147010000001 4253.215913366667 6535.961163400349 3.54549503326416
The optimum value should be 4235.14701

4235.147010000001 3.55899977684021

-------------------------------------------------------------------------------------------------------------------------

ROUND 3:
Generation, best, average, variance, time(s)
0 69466.39636999999 84859.19133723334 25757301.177133676 0.02750396728515625
1 24582.760700000003 81242.27995953332 45950901.11450722 0.06889891624450684
2 8532.448100000001 67829.76611866665 409676010.83009154 0.10127520561218262
3 5374.34509 52222.83619256667 690410719.3196694 0.12758111953735352
4 4728.81671 40594.51799016667 759463349.892591 0.14997601509094238
5 4442.37156 32058.3013387 665197755.5950598 0.1705920696258545
6 4425.11813 24651.9260165 539676880.1095793 0.1892409324645996
7 4390.7602099999995 19511.758834666667 417433875.494607 0.20676708221435547
8 4357.92419 14449.069912733334 264712843.50311172 0.2228989601135254
9 4357.92419 10755.273497666667 160127112.7861636 0.23830294609069824
10 4357.92419 9036.855734466668 108066912.86303905 0.2532520294189453
11 4357.92419 7677.591210533334 65247378.50842595 0.26777005195617676
12 4357.92419 6612.291931199999 38189368.684483364 0.28200387954711914
13 4357.92419 6017.095464999999 30725620.02689162 0.296008825302124
14 4357.92419 5622.815027433333 21269179.329979684 0.3099370002746582
15 4357.92419 5568.691489799999 21212912.629238054 0.3237459659576416
16 4357.92419 5384.376102499999 19398897.85603769 0.33747100830078125
17 4357.92419 5152.309143199999 16186555.641697433 0.3513798713684082
18 4322.52611 5064.5653906 14187739.675135791 0.3647279739379883
19 4271.47941 4853.380608399999 9821938.322661387 0.37888407707214355
20 4271.47941 4737.606316433333 8462062.934010046 0.39308905601501465
21 4271.47941 4681.864338033332 8230007.720452034 0.4071478843688965
22 4271.47941 4611.356532633333 7359037.27800058 0.42147397994995117
23 4271.47941 4422.166212033333 963802.8124460411 0.43520617485046387
24 4271.47941 4404.760986133333 916277.0272557564 0.44887280464172363
25 4271.47941 4376.4985037666665 682505.5992319185 0.46271705627441406
26 4271.47941 4321.2928757 52206.44586585167 0.4763219356536865
27 4271.47941 4321.6835845333335 51458.21555110777 0.48981189727783203
28 4271.47941 4307.257399733334 21264.77111896988 0.5035901069641113
29 4271.47941 4300.1516541 16879.937936706097 0.5173721313476562
30 4271.47941 4301.0066892 14527.011062523652 0.5306978225708008
31 4235.147010000001 4302.252681100001 14367.182045963395 0.5443360805511475
32 4235.147010000001 4299.023163 13535.335995698777 0.5580458641052246
33 4235.147010000001 4284.851640766667 6943.022236400004 0.5715491771697998
34 4235.147010000001 4273.698433233333 4576.413168466072 0.5852870941162109
35 4235.147010000001 4271.133678166668 5855.191153923909 0.5991420745849609
36 4235.147010000001 4266.745538833334 5456.674909763449 0.6128060817718506
37 4235.147010000001 4270.811437733333 7877.363896094533 0.6263339519500732
38 4235.147010000001 4274.178249266668 11058.455893161587 0.640373945236206
39 4235.147010000001 4264.8676565666665 9238.300978054163 0.654325008392334
40 4235.147010000001 4264.354752966668 10066.276515166632 0.6688408851623535
41 4235.147010000001 4250.580294133334 2838.540610675498 0.6829259395599365
42 4235.147010000001 4257.902406433334 6126.940364638157 0.6970138549804688
43 4235.147010000001 4256.532170466668 6309.94372077967 0.7108778953552246
44 4235.147010000001 4262.3386251 8707.457013100835 0.7244501113891602
45 4235.147010000001 4255.374759133334 6878.623321815333 0.737800121307373
46 4235.147010000001 4255.946219066667 7061.591829726069 0.7514560222625732
47 4235.147010000001 4254.982657866667 6753.964037881062 0.764915943145752
48 4235.147010000001 4251.361814933334 5827.365667267949 0.7785379886627197
49 4235.147010000001 4253.173194166667 6224.258724783137 0.7922008037567139
50 4235.147010000001 4256.386048166667 6923.186802421995 0.8062629699707031
51 4235.147010000001 4252.580518300001 5348.733376893578 0.8199851512908936
52 4235.147010000001 4254.8322179666675 7862.095654499877 0.8338909149169922
53 4235.147010000001 4250.9362754 4828.382963887406 0.8480610847473145
54 4235.147010000001 4256.992462466667 6899.137294603874 0.8623001575469971
55 4235.147010000001 4254.894830100001 6923.268877109939 0.8765931129455566
56 4235.147010000001 4252.312592433334 5605.567401010053 0.8906979560852051
57 4235.147010000001 4251.964717933334 6085.8771533651925 0.9040920734405518
58 4235.147010000001 4253.011381933334 5839.779346396543 0.9177918434143066
59 4235.147010000001 4256.131257633334 7766.400196271641 0.9312748908996582
60 4235.147010000001 4257.278354066668 8199.879224120416 0.9445779323577881
61 4235.147010000001 4258.484918566667 8659.239116298539 0.9581460952758789
62 4235.147010000001 4254.980027966667 7707.826467239067 0.9717748165130615
63 4235.147010000001 4250.996054566667 5878.583424536636 0.9854209423065186
64 4235.147010000001 4261.459483400001 9715.795533336432 0.9989328384399414
65 4235.147010000001 4256.7037082666675 7145.027333668697 1.0126440525054932
66 4235.147010000001 4260.466141600001 11423.400317169207 1.0264010429382324
67 4235.147010000001 4256.714745033334 7513.244339054742 1.0401599407196045
68 4235.147010000001 4261.2814796 9649.681088691032 1.0537829399108887
69 4235.147010000001 4253.7462675333345 6900.281041988714 1.0672180652618408
70 4235.147010000001 4253.931627733335 6733.066723786223 1.0806589126586914
71 4235.147010000001 4253.500743133334 5996.973060848326 1.0942020416259766
72 4235.147010000001 4256.490228000001 7716.164169847869 1.1076719760894775
73 4235.147010000001 4256.978675133334 7818.704329741051 1.1212761402130127
74 4235.147010000001 4258.863956200001 9066.49544357701 1.1347661018371582
75 4235.147010000001 4256.846513566667 7605.159934759687 1.1482219696044922
76 4235.147010000001 4253.727874400001 6320.799806026427 1.1617300510406494
77 4235.147010000001 4261.109254933335 8970.119092373385 1.1751110553741455
78 4235.147010000001 4263.674741333334 10133.360298562831 1.1885230541229248
79 4235.147010000001 4250.8989243333335 4560.807792018578 1.2021081447601318
80 4235.147010000001 4259.788867833334 8784.666117014398 1.2160351276397705
81 4235.147010000001 4261.0100345 9591.607881190695 1.230661153793335
82 4235.147010000001 4256.898095933334 7825.23031650003 1.2448160648345947
83 4235.147010000001 4256.6232649 8052.772956418445 1.2585818767547607
84 4235.147010000001 4248.743997766667 4732.013314394713 1.2718720436096191
85 4235.147010000001 4251.074778633334 5680.138231329027 1.2856290340423584
86 4235.147010000001 4253.787678300001 6448.965725496711 1.2991690635681152
87 4235.147010000001 4259.6136635 8728.690370341925 1.3128409385681152
88 4235.147010000001 4258.885709566667 8482.991495312126 1.3265531063079834
89 4235.147010000001 4255.7383653000015 6920.548756639821 1.3403098583221436
90 4235.147010000001 4259.452545566667 9173.14386313716 1.3538000583648682
91 4235.147010000001 4257.6150647 8244.536364263304 1.3672690391540527
92 4235.147010000001 4259.193611866667 8493.233648050169 1.3808691501617432
93 4235.147010000001 4258.207767966667 8045.437496528793 1.3941259384155273
94 4235.147010000001 4264.047819933334 10278.008017196535 1.407796859741211
95 4235.147010000001 4257.901757666667 8868.312048063306 1.4215149879455566
96 4235.147010000001 4251.833696233334 5732.893575518666 1.434870958328247
97 4235.147010000001 4255.833660933335 7526.012488159944 1.4483020305633545
98 4235.147010000001 4247.180370733335 3782.6900626705997 1.4617340564727783
99 4235.147010000001 4252.777402333335 5683.4600835388455 1.4751641750335693
100 4235.147010000001 4261.465287366667 10845.429202783862 1.4887340068817139
101 4235.147010000001 4261.093295066667 9147.494947915398 1.5026659965515137
102 4235.147010000001 4262.312902466667 9361.015864875522 1.5159721374511719
103 4235.147010000001 4258.388464833333 8374.619613151764 1.529554843902588
104 4235.147010000001 4255.937683033335 7548.115479736477 1.543196201324463
105 4235.147010000001 4262.508720233334 11094.545367364277 1.5565979480743408
106 4235.147010000001 4259.264896600001 9847.394300723485 1.5701770782470703
107 4235.147010000001 4259.593401900001 11362.213367881368 1.5837879180908203
108 4235.147010000001 4255.262825000001 10047.257395647799 1.5978422164916992
109 4235.147010000001 4251.215282866668 6140.983206049431 1.6126430034637451
110 4235.147010000001 4254.507170600001 7401.586415254111 1.6264760494232178
111 4235.147010000001 4255.424518833334 8287.883877565533 1.6404340267181396
112 4235.147010000001 4251.268140133334 5833.966195679417 1.6542088985443115
113 4235.147010000001 4255.492615066667 7421.0376329748815 1.667914867401123
114 4235.147010000001 4258.393645466668 7205.940817791264 1.6811702251434326
115 4235.147010000001 4257.441627266668 7148.705235046609 1.6947031021118164
116 4235.147010000001 4263.133449166667 9497.427816163528 1.7082018852233887
117 4235.147010000001 4259.568179566668 8127.918330586183 1.7217252254486084
118 4235.147010000001 4260.027411066668 8539.937614939083 1.7353179454803467
119 4235.147010000001 4254.181688566668 6256.607456470086 1.7488930225372314
120 4235.147010000001 4252.459475166667 5824.929171075464 1.7625200748443604
121 4235.147010000001 4255.9020059 7142.606482134277 1.776050090789795
122 4235.147010000001 4255.174155700001 7386.290350135152 1.7896828651428223
123 4235.147010000001 4267.306743733334 11712.193446508969 1.8032760620117188
124 4235.147010000001 4261.410155633334 8676.639639317164 1.8169851303100586
125 4235.147010000001 4261.666540200001 9205.399834439702 1.8307559490203857
126 4235.147010000001 4256.9150101000005 8957.764230871755 1.8445439338684082
127 4235.147010000001 4261.702257933334 10597.104103533036 1.8588640689849854
128 4235.147010000001 4262.050967 10711.910164450226 1.8732020854949951
129 4235.147010000001 4258.888263066667 10374.10057674358 1.8871150016784668
130 4235.147010000001 4253.784173166668 7316.720080092714 1.900860071182251
131 4235.147010000001 4249.624791766668 4630.042085004617 1.9141061305999756
132 4235.147010000001 4247.6000801 4327.358539298523 1.9274780750274658
133 4235.147010000001 4249.756280166666 4946.032580427387 1.94100022315979
134 4235.147010000001 4256.460259833334 7731.583556430616 1.9548158645629883
135 4235.147010000001 4261.098857333334 7605.260518195529 1.968533992767334
136 4235.147010000001 4260.3279268666665 7777.888702739966 1.9823939800262451
137 4235.147010000001 4258.939973500001 7031.643309399973 1.9958720207214355
138 4235.147010000001 4257.657572400001 6595.738309619979 2.0094521045684814
139 4235.147010000001 4256.5957260000005 6568.283066188785 2.0234081745147705
140 4235.147010000001 4255.726142066667 6326.234393648081 2.0371789932250977
141 4235.147010000001 4252.9058822333345 5958.145589148798 2.050570011138916
142 4235.147010000001 4254.120007133334 6502.237653729334 2.0641160011291504
143 4235.147010000001 4252.2305614666675 6353.9608719798725 2.07767391204834
144 4235.147010000001 4250.853585966667 5678.674025364335 2.091362953186035
145 4235.147010000001 4255.298415266668 7153.809527120025 2.1050050258636475
146 4235.147010000001 4257.105554966667 7890.008976358473 2.1185920238494873
147 4235.147010000001 4260.034389066667 8270.596478263922 2.132391929626465
148 4235.147010000001 4255.454111400001 6920.323392034039 2.146573066711426
149 4235.147010000001 4254.570902633334 7146.645445438348 2.1608810424804688
150 4235.147010000001 4256.962619200001 8057.484544985627 2.1752970218658447
151 4235.147010000001 4257.007253433334 8204.376497877181 2.189239978790283
152 4235.147010000001 4254.712081333334 7016.575512547207 2.2028920650482178
153 4235.147010000001 4257.593379933334 7863.427847991494 2.2163031101226807
154 4235.147010000001 4256.221585833334 7516.993206813314 2.229928970336914
155 4235.147010000001 4257.326227700001 9518.144423579968 2.2435550689697266
156 4235.147010000001 4261.242421433334 10588.249734792753 2.256880044937134
157 4235.147010000001 4258.789277400001 9322.142236220589 2.2704081535339355
158 4235.147010000001 4258.440786766668 9332.702535668308 2.2838339805603027
159 4235.147010000001 4254.4932898666675 8796.140075872805 2.297136068344116
160 4235.147010000001 4253.239921200001 5703.299256800555 2.3107950687408447
161 4235.147010000001 4252.997500300001 7439.351477551232 2.324442148208618
162 4235.147010000001 4266.5605965 13633.254997776163 2.3379950523376465
163 4235.147010000001 4268.562639200001 16729.281512179226 2.3517348766326904
164 4235.147010000001 4266.613523566667 11124.784557506455 2.3653080463409424
165 4235.147010000001 4264.133893933334 10522.132786807399 2.3791651725769043
166 4235.147010000001 4259.868222766668 9289.105936306572 2.392982006072998
167 4235.147010000001 4262.241888833334 10271.519566954103 2.4066851139068604
168 4235.147010000001 4256.557400500001 8106.244183244179 2.4202868938446045
169 4235.147010000001 4255.5180298333335 7016.017698456684 2.434023141860962
170 4235.147010000001 4253.933288666667 6042.626756161535 2.447504997253418
171 4235.147010000001 4252.944657300001 5872.898760190308 2.460775852203369
172 4235.147010000001 4255.843854433334 7836.7062861363 2.474478006362915
173 4235.147010000001 4258.891971166668 9066.170909844168 2.488107919692993
174 4235.147010000001 4261.299434266668 9672.03381156949 2.501396894454956
175 4235.147010000001 4260.427182 9893.03943265903 2.514863967895508
176 4235.147010000001 4256.398371533334 7286.887569457022 2.5289478302001953
177 4235.147010000001 4258.392727433335 8487.78361456808 2.543194055557251
178 4235.147010000001 4252.616201400001 6730.651932549594 2.557337999343872
179 4235.147010000001 4259.8765232000005 8351.057612185257 2.5713698863983154
180 4235.147010000001 4257.686581633335 7607.106293968404 2.584846019744873
181 4235.147010000001 4265.806181866667 11839.354886392668 2.598443031311035
182 4235.147010000001 4260.0781646000005 8917.275671105053 2.612510919570923
183 4235.147010000001 4262.4394613 11616.416060807798 2.626361131668091
184 4235.147010000001 4263.924193333334 12434.231583645045 2.6405649185180664
185 4235.147010000001 4260.082498900001 11347.08248724227 2.6548562049865723
186 4235.147010000001 4258.280663066667 9959.324654624685 2.669426918029785
187 4235.147010000001 4259.1428461000005 9459.475502484158 2.683195114135742
188 4235.147010000001 4250.522300233334 5312.573452270201 2.6967642307281494
189 4235.147010000001 4245.149234466668 3152.284256199828 2.7102530002593994
190 4235.147010000001 4253.8912633 7714.262278538545 2.724296808242798
191 4235.147010000001 4255.181949333334 8011.778899567795 2.7379050254821777
192 4235.147010000001 4257.174004066667 8891.88109389 2.7517690658569336
193 4235.147010000001 4258.396018033335 9938.249774305377 2.7654640674591064
194 4235.147010000001 4259.738612800001 9514.48845629139 2.779750108718872
195 4235.147010000001 4255.627439733334 7650.657744412922 2.7943010330200195
196 4235.147010000001 4248.781594533333 4821.288796898654 2.8084640502929688
197 4235.147010000001 4248.006938800001 3927.20966972316 2.8221428394317627
198 4235.147010000001 4248.217975266667 4295.6263937181175 2.836090087890625
199 4235.147010000001 4257.198196566667 7800.109368865943 2.8509790897369385
200 4235.147010000001 4254.264487666668 6442.1617957295675 2.8656370639801025
201 4235.147010000001 4261.358079933334 9791.800676944047 2.8802759647369385
202 4235.147010000001 4263.611069833333 11178.374113087253 2.8944051265716553
203 4235.147010000001 4256.625453466668 7883.973310425899 2.9083380699157715
204 4235.147010000001 4258.376297833334 7784.955938497726 2.922834873199463
205 4235.147010000001 4261.923560100001 9990.388520430874 2.938163995742798
206 4235.147010000001 4260.2804923 9684.201247704475 2.9527511596679688
207 4235.147010000001 4260.578875700001 9126.649646487363 2.9673449993133545
208 4235.147010000001 4259.557512533334 7795.430191301477 2.9817352294921875
209 4235.147010000001 4257.439402100002 7799.029485404516 2.9952750205993652
210 4235.147010000001 4260.654959633335 9580.96212620783 3.008760929107666
211 4235.147010000001 4263.258970633334 10117.579555553233 3.022674083709717
212 4235.147010000001 4260.5148989 9160.016760779523 3.0365381240844727
213 4235.147010000001 4261.67691 10112.105460000052 3.0504820346832275
214 4235.147010000001 4270.8761467 13161.76114296991 3.0643420219421387
215 4235.147010000001 4261.921155600001 9303.784694708502 3.0782198905944824
216 4235.147010000001 4262.3536331000005 9808.498655605074 3.092319965362549
217 4235.147010000001 4260.927248100001 9841.095678376376 3.1069061756134033
218 4235.147010000001 4267.823429666668 12067.458676967413 3.121018171310425
219 4235.147010000001 4263.0497860000005 10585.845659691457 3.134660005569458
220 4235.147010000001 4268.4210115333335 14336.449068820762 3.1484861373901367
221 4235.147010000001 4271.458025033335 14726.455804874839 3.1638691425323486
222 4235.147010000001 4266.149599933335 13595.714092894748 3.1783030033111572
223 4235.147010000001 4260.592038266667 10185.711344471376 3.192641019821167
224 4235.147010000001 4265.141501633334 11760.959568877235 3.2075109481811523
225 4235.147010000001 4261.936408433334 10131.057142710242 3.2216849327087402
226 4235.147010000001 4261.859835666668 10230.81567313404 3.2356250286102295
227 4235.147010000001 4265.693407133334 12190.177969971593 3.249469041824341
228 4235.147010000001 4259.018834300001 8391.04905778858 3.263282060623169
229 4235.147010000001 4256.310026333334 7588.929382471796 3.2771220207214355
230 4235.147010000001 4256.605236966668 7598.974793839719 3.2909460067749023
231 4235.147010000001 4255.875009766667 6659.590752448586 3.304932117462158
232 4235.147010000001 4253.802916333334 6826.993738929342 3.31896710395813
233 4235.147010000001 4250.995257400001 4591.3609515929475 3.3330061435699463
234 4235.147010000001 4254.612084300001 6498.443875283128 3.3472580909729004
235 4235.147010000001 4255.739126966668 7004.907254435662 3.36141300201416
236 4235.147010000001 4260.225435633334 9095.513772768829 3.3754091262817383
237 4235.147010000001 4259.646383633334 8727.296690832572 3.3889660835266113
238 4235.147010000001 4259.643568833334 9121.468084061746 3.4024271965026855
239 4235.147010000001 4255.347453333335 6954.5540249307 3.4160239696502686
240 4235.147010000001 4255.340247533334 6797.211215568221 3.4294979572296143
241 4235.147010000001 4257.745273633333 7795.8585303412265 3.4432082176208496
242 4235.147010000001 4260.5294774 8980.726272209913 3.4569621086120605
243 4235.147010000001 4254.043431966667 6393.2533502484675 3.470538854598999
244 4235.147010000001 4254.077642800001 6393.082451957333 3.4846279621124268
245 4235.147010000001 4250.614273900001 5164.2807472215945 3.4997329711914062
246 4235.147010000001 4248.167295266668 4224.697359539281 3.514625072479248
247 4235.147010000001 4246.181005666667 3290.8542342521287 3.5288760662078857
248 4235.147010000001 4252.984358233334 4609.37263098445 3.543260097503662
249 4235.147010000001 4261.988465266668 8984.551589886483 3.5582199096679688
The optimum value should be 4235.14701

4235.147010000001 3.572442054748535

