INSTANCE: MQ5

TOTAL GENERATION IS: 250

-------------------------------------------------------------------------------------------------------------------------

ROUND 1:
Generation, best, average, variance, time(s)
0 58818.457780000004 72533.77792363333 17204419.463226575 0.029194116592407227
1 23475.31667 69584.64723846667 34713633.63806209 0.07256102561950684
2 13955.88342 56720.91113983334 299855276.442194 0.10644006729125977
3 7005.660749999999 44327.787199966675 423233690.430855 0.13451504707336426
4 5876.21564 35128.25620050001 441752122.4884852 0.15805697441101074
5 4709.2232699999995 27223.544255533332 405137412.5705313 0.1792140007019043
6 4709.2232699999995 21604.639943033337 355220884.4831725 0.1984400749206543
7 4264.44765 17130.340358666665 275190197.21938425 0.2169818878173828
8 4264.44765 13748.226541933334 194511537.63580686 0.23497605323791504
9 4219.23271 11725.211298766668 162530495.54029664 0.25168299674987793
10 4219.23271 9868.342177533334 125800277.30857724 0.2677938938140869
11 4219.23271 8438.994929600001 90403465.19266905 0.28366589546203613
12 4219.23271 7463.707775533333 66048791.75208061 0.298997163772583
13 4200.078890000001 6905.142734033333 56356811.15918417 0.3139359951019287
14 4200.078890000001 6393.6539578 47783572.28225907 0.3282148838043213
15 4200.078890000001 5860.848750233334 39976741.414209515 0.3424968719482422
16 4200.078890000001 5340.194128900001 23619475.936766528 0.3565189838409424
17 4200.078890000001 5143.7052693000005 17413138.641664993 0.37002992630004883
18 4194.9267 4781.316842966668 9091125.684009815 0.3835148811340332
19 4180.35258 4593.8649291 6258602.426469992 0.3972749710083008
20 4180.35258 4465.654687066666 2811596.324886691 0.4107978343963623
21 4146.966490000001 4412.6576176 2506865.381979353 0.42474985122680664
22 4146.966490000001 4397.520512133334 2355766.9120457186 0.4387040138244629
23 4111.6457 4347.178627633333 2324147.640305075 0.4531898498535156
24 4111.6457 4248.9181562 211508.9540899412 0.4674229621887207
25 4111.6457 4210.624724833334 83047.252667733 0.48100805282592773
26 4111.6457 4183.238018666667 53181.55483249639 0.4952521324157715
27 4111.6457 4166.668935566667 35843.02507622752 0.5094990730285645
28 4111.6457 4163.295200533333 33582.71530757416 0.5237939357757568
29 4111.6457 4152.131593766667 9800.55112056661 0.5378289222717285
30 4111.6457 4148.654603800001 8679.652678646064 0.5520229339599609
31 4111.6457 4142.8067218333335 7962.130987571161 0.5664420127868652
32 4111.6457 4137.2481967 6036.822749926702 0.5811307430267334
33 4111.6457 4136.413602266667 6140.704270356573 0.5952939987182617
34 4111.6457 4132.946232333334 5136.863035153708 0.6094019412994385
35 4111.6457 4128.579456266668 4195.070388478328 0.6241600513458252
36 4111.6457 4131.830299066667 4890.460822945217 0.6381421089172363
37 4111.6457 4127.003467533334 3833.2124131693713 0.6517908573150635
38 4104.57279 4125.528589533334 3997.8381234474 0.6655850410461426
39 4104.57279 4134.1800487 6405.659311783977 0.6795217990875244
40 4104.57279 4131.911196933333 5159.205446760884 0.6942119598388672
41 4104.57279 4136.2228135 6719.950047016085 0.7080740928649902
42 4104.57279 4133.249896599999 5672.244490992023 0.7219998836517334
43 4104.57279 4129.965681133334 5932.991308562611 0.7357950210571289
44 4104.57279 4123.1526743333325 4132.808194304091 0.7493588924407959
45 4104.57279 4125.898306233333 5396.426191823327 0.7631168365478516
46 4104.57279 4128.297057299999 6824.074751855872 0.7770979404449463
47 4104.57279 4123.791676966666 4898.605933224567 0.7906739711761475
48 4104.57279 4117.932751099999 2471.102274472062 0.8047158718109131
49 4104.57279 4126.558706466666 6773.655079602272 0.8193340301513672
50 4104.57279 4123.6487879999995 6191.547086440659 0.8336920738220215
51 4104.57279 4123.4348917 6535.525610224443 0.8476550579071045
52 4104.57279 4114.024896566666 2517.7631012252755 0.861792802810669
53 4104.57279 4118.375686333333 4482.864268092449 0.8757448196411133
54 4104.57279 4125.029927499999 5961.923805803036 0.8897919654846191
55 4104.57279 4122.301221966666 5954.2974976855085 0.9033899307250977
56 4104.57279 4124.355423499999 5946.89605444677 0.9172277450561523
57 4104.57279 4127.931815266666 8502.299881201989 0.9314169883728027
58 4104.57279 4125.0580683 7353.880604476332 0.9457359313964844
59 4104.57279 4123.000548566666 6556.214467073722 0.9601860046386719
60 4104.57279 4122.181961733332 6591.176590063445 0.9743108749389648
61 4104.57279 4123.949713866666 7754.396059757237 0.9890158176422119
62 4104.57279 4120.825557233333 4874.977100172044 1.0028729438781738
63 4104.57279 4121.3077668666665 4781.184720864644 1.0168640613555908
64 4104.57279 4119.502538599999 4432.672738250941 1.030432939529419
65 4104.57279 4121.717136066666 5466.132894292691 1.0439879894256592
66 4104.57279 4121.320387333332 4497.787686425736 1.0575320720672607
67 4104.57279 4129.3684380333325 7944.495923996571 1.07132887840271
68 4104.57279 4127.8234999999995 8380.678070577866 1.0849759578704834
69 4104.57279 4121.742957299999 6493.647928885714 1.0987720489501953
70 4104.57279 4121.645265833333 5667.716707899384 1.1136620044708252
71 4104.57279 4121.669583899999 5283.065763721912 1.1277210712432861
72 4104.57279 4117.692792499999 4609.518267259006 1.1422381401062012
73 4104.57279 4116.655701466666 3885.1353044702128 1.1563920974731445
74 4104.57279 4116.065495166666 3652.035877648806 1.1703367233276367
75 4104.57279 4117.398604733332 4258.024161696175 1.1839759349822998
76 4104.57279 4114.538112233332 3838.3308221742277 1.1978199481964111
77 4104.57279 4113.5757189999995 2649.034778103961 1.2113659381866455
78 4104.57279 4118.028057533333 4830.572512047747 1.2261970043182373
79 4104.57279 4121.344565333333 5440.890062222292 1.2445180416107178
80 4104.57279 4123.131019699998 5871.823617861698 1.26416015625
81 4104.57279 4124.617398666666 5657.915001143484 1.2803099155426025
82 4104.57279 4114.025497666666 2692.8797555762826 1.2958030700683594
83 4104.57279 4120.112275433333 5029.320487108988 1.3163390159606934
84 4104.57279 4126.150041633333 7453.637678197175 1.3323400020599365
85 4104.57279 4120.750198933333 5606.383759979176 1.3472669124603271
86 4104.57279 4124.147818299999 7196.972679023603 1.3632490634918213
87 4104.57279 4130.104671199999 8759.023422773535 1.3787529468536377
88 4104.57279 4132.454552966666 8726.088027593345 1.3939318656921387
89 4104.57279 4123.274164733332 6122.5581235988275 1.4093201160430908
90 4104.57279 4117.156985866666 4232.7122619501115 1.424330711364746
91 4104.57279 4114.540771366666 2850.0322319329093 1.4399209022521973
92 4104.57279 4123.403560033333 7187.593642840303 1.455021858215332
93 4104.57279 4124.273092599999 6380.808373523868 1.4710700511932373
94 4104.57279 4129.212521066666 7840.83334316304 1.4863560199737549
95 4104.57279 4124.148601699999 5732.336234121968 1.5015771389007568
96 4104.57279 4130.302506966666 8143.35602416066 1.516920804977417
97 4104.57279 4132.853062233334 10190.190898059662 1.531738042831421
98 4104.57279 4125.584562033333 6927.803707956713 1.5466268062591553
99 4104.57279 4129.0773137999995 8522.220918797044 1.561039924621582
100 4104.57279 4120.097154233333 4809.363060127253 1.5752549171447754
101 4104.57279 4120.518765399999 5618.472187311391 1.5914928913116455
102 4104.57279 4120.146397699999 5892.439753428006 1.6098909378051758
103 4104.57279 4117.898409766666 4391.576427915948 1.62776517868042
104 4104.57279 4120.014991499999 5278.477015474085 1.6432757377624512
105 4104.57279 4113.1338845 2059.723373703281 1.6585159301757812
106 4104.57279 4115.492668399999 3319.36130810987 1.6742219924926758
107 4104.57279 4123.510592933333 6864.720068786663 1.6898369789123535
108 4104.57279 4125.416621733332 6970.723271740502 1.7051479816436768
109 4104.57279 4129.227287000001 8480.539542087081 1.7205488681793213
110 4104.57279 4122.598233099999 5288.096839726032 1.7352538108825684
111 4104.57279 4123.5014911 6142.847648776444 1.7498860359191895
112 4104.57279 4117.342856933332 4054.2797315222406 1.7644808292388916
113 4104.57279 4122.721416199999 6078.811579878666 1.7792658805847168
114 4104.57279 4120.5392701 5477.4158583631315 1.7938339710235596
115 4104.57279 4120.693562899999 5167.393926380998 1.8083767890930176
116 4104.57279 4120.948202566666 5199.9979367012975 1.8232967853546143
117 4104.57279 4125.284353599999 8053.6807122497785 1.837419033050537
118 4104.57279 4116.940851799999 3814.867202410601 1.8519189357757568
119 4104.57279 4117.255695466665 3800.8091903788613 1.8664989471435547
120 4104.57279 4117.911016433332 4021.0376335107317 1.8809130191802979
121 4104.57279 4116.588415433333 3964.5436313867567 1.8959589004516602
122 4104.57279 4118.811951966666 4883.591282776554 1.9098918437957764
123 4104.57279 4121.209087166666 6185.801989019512 1.925076961517334
124 4104.57279 4120.193615533332 4912.200504500517 1.9400160312652588
125 4104.57279 4122.9387068 6533.671276806245 1.9545178413391113
126 4104.57279 4123.925288266666 6654.3229318221165 1.9694149494171143
127 4104.57279 4123.595941766666 6250.700530058325 1.984133005142212
128 4104.57279 4119.786285466666 4861.22584725426 1.9986560344696045
129 4104.57279 4125.398245533333 7307.242249034572 2.013593912124634
130 4104.57279 4123.106691833333 6212.785672904886 2.0281171798706055
131 4104.57279 4119.611809199999 4649.464117239458 2.0432820320129395
132 4104.57279 4119.1458275333325 4721.336884272541 2.0584018230438232
133 4104.57279 4119.826581099999 5122.983570161742 2.0730109214782715
134 4104.57279 4121.408726899999 5904.782720912478 2.088315010070801
135 4104.57279 4123.972400466666 6325.787782855321 2.103029727935791
136 4104.57279 4119.746428966666 4526.969104853116 2.117875099182129
137 4104.57279 4121.161876466666 4831.82855737125 2.1322619915008545
138 4104.57279 4122.6401123 5315.346257742466 2.14619779586792
139 4104.57279 4119.762286833332 4650.465102890689 2.160295009613037
140 4104.57279 4123.535602433333 5408.8454610894105 2.174718141555786
141 4104.57279 4119.857714099999 4524.067282154483 2.1899521350860596
142 4104.57279 4127.814866633333 7958.535900703647 2.204782009124756
143 4104.57279 4123.774302733333 5896.616397606064 2.219644069671631
144 4104.57279 4129.763620399999 7179.503626544424 2.23388409614563
145 4104.57279 4130.949274933333 8152.590138630276 2.24845814704895
146 4104.57279 4128.244087666666 7237.8707369295 2.2634639739990234
147 4104.57279 4125.3432815999995 6397.520439974221 2.277480125427246
148 4104.57279 4129.463572566666 8683.494351491643 2.29158091545105
149 4104.57279 4128.732441033333 9039.467764090963 2.305392026901245
150 4104.57279 4120.681520566665 5399.172057113658 2.319293975830078
151 4104.57279 4120.666043699999 6418.306115441079 2.333534002304077
152 4104.57279 4122.297103366665 7973.491004373881 2.347566843032837
153 4104.57279 4117.999829699999 4071.0741051281893 2.3617208003997803
154 4104.57279 4120.301419133333 4378.621583246148 2.375869035720825
155 4104.57279 4123.801261899999 5676.592505304822 2.389631986618042
156 4104.57279 4118.528211999999 3765.492508071611 2.403599977493286
157 4104.57279 4115.4278823333325 3215.1396238455845 2.4176409244537354
158 4104.57279 4118.669118066666 4354.685121466546 2.4315080642700195
159 4104.57279 4118.208562333332 4057.4352877764572 2.4450910091400146
160 4104.57279 4120.390047899999 4241.912777019149 2.4594290256500244
161 4104.57279 4122.118152633333 4923.659833002266 2.47408390045166
162 4104.57279 4122.738612633332 5199.234617247187 2.4888217449188232
163 4104.57279 4118.759887099999 4093.304269070442 2.50346302986145
164 4104.57279 4125.090877566666 6627.399076678137 2.517387866973877
165 4104.57279 4126.102219699999 7022.295770919866 2.5320310592651367
166 4104.57279 4121.017291433333 4778.420653851594 2.5464978218078613
167 4104.57279 4122.322921933333 5333.771085652609 2.560455083847046
168 4104.57279 4118.420048066666 4839.952537588735 2.574225902557373
169 4104.57279 4118.480152266667 5044.546175074693 2.5878899097442627
170 4104.57279 4117.188913133332 4551.669085683056 2.601425886154175
171 4104.57279 4118.462453466666 4703.7470465571005 2.615283966064453
172 4104.57279 4120.188449733332 5049.10686941144 2.629210948944092
173 4104.57279 4118.790955799999 4645.013110152588 2.6431069374084473
174 4104.57279 4117.969248266666 4290.417311802344 2.6572329998016357
175 4104.57279 4114.9372122666655 2775.7117358395394 2.6713359355926514
176 4104.57279 4119.091311699999 4734.728264685559 2.685797929763794
177 4104.57279 4119.006920366666 4949.528089491088 2.6998391151428223
178 4104.57279 4120.4263495333325 5474.696306488753 2.7150609493255615
179 4104.57279 4121.1226374 4893.040921743543 2.7290198802948
180 4104.57279 4116.845484833332 3264.670582552169 2.742604970932007
181 4104.57279 4117.938352166667 3136.517414432863 2.756350040435791
182 4104.57279 4122.789677566666 4819.8742747306915 2.769947052001953
183 4104.57279 4125.0132876 6304.127579547067 2.7834839820861816
184 4104.57279 4124.954365066666 6502.335251579638 2.7980809211730957
185 4104.57279 4118.6557078999995 4986.0361807806685 2.8123719692230225
186 4104.57279 4124.500509366666 7280.530907115653 2.8262858390808105
187 4104.57279 4123.073519866666 7100.766188428421 2.8405110836029053
188 4104.57279 4125.171732299999 7126.088914967219 2.854177951812744
189 4104.57279 4123.513395833333 7050.6851931853935 2.86795711517334
190 4104.57279 4128.384945899999 8559.751675908326 2.8817548751831055
191 4104.57279 4127.942277666666 11219.634866260982 2.895673990249634
192 4104.57279 4121.637665266666 5072.696435529503 2.9100377559661865
193 4104.57279 4120.743810333333 5097.614722742409 2.924694776535034
194 4104.57279 4120.245146566666 5150.737278763334 2.9392688274383545
195 4104.57279 4118.260624699999 3862.75298490336 2.953361988067627
196 4104.57279 4114.247930433333 2935.24733477934 2.967341899871826
197 4104.57279 4113.421140133332 2468.0071343899294 2.9818520545959473
198 4104.57279 4118.093209066666 3411.2448875915265 2.99576997756958
199 4104.57279 4121.912394033332 5215.628623107353 3.00976300239563
200 4104.57279 4125.510079799999 6996.437228754145 3.0236828327178955
201 4104.57279 4123.4518216 5427.372992175625 3.0374679565429688
202 4104.57279 4121.168084933333 5240.947482593884 3.0515849590301514
203 4104.57279 4120.403459099999 5213.686132050254 3.0658679008483887
204 4104.57279 4125.528571299999 7739.964305870263 3.0797598361968994
205 4104.57279 4125.9390435333335 6398.0295906792135 3.0936899185180664
206 4104.57279 4126.565613533333 7214.809903875885 3.107424020767212
207 4104.57279 4121.9540074 5694.122387445899 3.1211819648742676
208 4104.57279 4129.678068166666 9766.31868075216 3.1351969242095947
209 4104.57279 4121.606660933332 7395.303945382897 3.149113893508911
210 4104.57279 4121.454949666665 7235.728461783889 3.163360118865967
211 4104.57279 4118.491879199999 5147.433581624292 3.177833080291748
212 4104.57279 4118.602209833332 4566.272060934107 3.192121982574463
213 4104.57279 4121.344339433333 4702.050764564341 3.206533908843994
214 4104.57279 4120.1311473 5057.86784875861 3.2213268280029297
215 4104.57279 4119.545760733332 3716.4408481264736 3.236114025115967
216 4104.57279 4124.037269799999 5489.313586896699 3.250657796859741
217 4104.57279 4122.0533486333325 4948.258833359392 3.2652299404144287
218 4104.57279 4128.006531766666 8380.519121250416 3.2796249389648438
219 4104.57279 4128.1453643666655 8048.214389249378 3.2942638397216797
220 4104.57279 4125.923722699999 7213.931839166889 3.3088479042053223
221 4104.57279 4124.946210599999 6225.168166741773 3.3236167430877686
222 4104.57279 4118.589503133333 4426.480061515693 3.3376519680023193
223 4104.57279 4115.694393866666 3145.484087593273 3.353303909301758
224 4104.57279 4122.938746366666 6475.390135506837 3.367537021636963
225 4104.57279 4121.375185566666 5858.161557952613 3.381708860397339
226 4104.57279 4120.326628633333 6116.508064138229 3.3958849906921387
227 4104.57279 4123.306054233332 6392.4418289893265 3.410005807876587
228 4104.57279 4126.829714966666 7124.7963150580845 3.4234619140625
229 4104.57279 4120.6804268 5306.909270451474 3.4371190071105957
230 4104.57279 4118.429193599999 4698.3410257532805 3.450747013092041
231 4104.57279 4120.931664833333 5488.175667979251 3.4646859169006348
232 4104.57279 4120.9891714 7001.045414008141 3.4787349700927734
233 4104.57279 4125.287950466666 6937.369447007164 3.4929261207580566
234 4104.57279 4122.7928526333335 6115.472230192088 3.5077600479125977
235 4104.57279 4117.5166177 3820.434557730783 3.5225648880004883
236 4104.57279 4117.820893566666 4689.7836109004975 3.536834955215454
237 4104.57279 4125.3111806 7629.224121999298 3.551882028579712
238 4104.57279 4123.646361599999 6941.375258968844 3.5663559436798096
239 4104.57279 4122.758830666667 5695.720234096862 3.5803160667419434
240 4104.57279 4125.958785433333 8002.510355255534 3.5946240425109863
241 4104.57279 4124.001748499999 7262.671247465631 3.611384868621826
242 4104.57279 4120.2473801 5066.088055447001 3.627384901046753
243 4104.57279 4113.032239566665 2408.114363728865 3.643162965774536
244 4104.57279 4117.111086633333 3630.4987168902144 3.658539056777954
245 4104.57279 4115.201729666666 3362.746959444812 3.673731803894043
246 4104.57279 4115.760501466667 2750.9942843466697 3.689436912536621
247 4104.57279 4121.805916133333 7480.931533988478 3.7038469314575195
248 4104.57279 4122.970974066666 6705.7023949955465 3.7184951305389404
249 4104.57279 4127.000619199999 9288.743045517345 3.733128070831299
The optimum value should be 4080.7429

4104.57279 3.747947931289673

-------------------------------------------------------------------------------------------------------------------------

ROUND 2:
Generation, best, average, variance, time(s)
0 62933.54981 72541.12179453333 16503013.417759946 0.028781890869140625
1 23941.94556 70054.77922726666 25142986.098615542 0.0740199089050293
2 9590.52507 58109.424178999994 297478570.42096347 0.10889196395874023
3 4958.72947 43331.41844363334 506649076.09939635 0.13704514503479004
4 4380.96773 33331.813942600005 520687487.40881735 0.16123604774475098
5 4380.96773 25613.890435166668 474540235.35171455 0.18267297744750977
6 4380.96773 20279.002196100002 387330686.8992133 0.2026379108428955
7 4380.96773 16545.741749266665 306892275.5977913 0.22069382667541504
8 4380.96773 13166.023870733336 208393090.41802502 0.2383871078491211
9 4380.96773 11212.0333814 153377848.6873239 0.2552058696746826
10 4270.8343700000005 9354.084847333335 111600724.78764127 0.2707180976867676
11 4215.20205 7753.201087500001 76524686.6826295 0.28572607040405273
12 4185.41724 6741.1952096 42449772.67125383 0.30074405670166016
13 4143.698130000001 5857.1945197 23467536.137962844 0.315762996673584
14 4143.698130000001 5316.890355866666 15028969.745437898 0.33038902282714844
15 4130.72502 4963.0261862 8719170.516982365 0.3449878692626953
16 4130.72502 4749.395714166667 7387700.33434079 0.3594677448272705
17 4130.72502 4695.055935866667 7018004.464283262 0.3739309310913086
18 4130.72502 4504.282128733333 3469205.693905521 0.38892602920532227
19 4130.72502 4436.765793866666 2975249.077663304 0.40378689765930176
20 4130.72502 4345.1747479666665 2475303.8813139745 0.41881299018859863
21 4130.72502 4303.2650169 1698532.0642139525 0.4330708980560303
22 4130.72502 4231.4903681 397062.41196934413 0.4479670524597168
23 4130.72502 4212.062395833333 342247.0138497757 0.46277785301208496
24 4130.72502 4174.008633699999 53312.991894271836 0.4773709774017334
25 4130.72502 4173.957872899999 54343.180275285085 0.4916398525238037
26 4130.72502 4174.779393466666 53923.00856418438 0.5060238838195801
27 4130.72502 4172.360516866666 59548.823814168274 0.5207669734954834
28 4130.72502 4160.4984693 26652.659106048042 0.534783124923706
29 4130.72502 4161.954567433332 28006.156975788857 0.5489249229431152
30 4130.72502 4153.128392299999 7923.34185432175 0.562406063079834
31 4130.72502 4152.783511266665 8102.438736518562 0.5759577751159668
32 4130.72502 4157.159024966666 8708.988792397899 0.5900528430938721
33 4130.72502 4157.3151967 8847.161152073939 0.6046590805053711
34 4130.72502 4157.674291333333 9669.796883268704 0.6190049648284912
35 4130.72502 4153.9595604999995 7777.604815542711 0.6335561275482178
36 4130.72502 4160.090394766666 9283.033702818668 0.6477699279785156
37 4130.72502 4156.023379533332 7218.372525975341 0.6624710559844971
38 4130.72502 4154.776835266665 7395.532196853608 0.6768419742584229
39 4130.72502 4156.336426533333 9034.272085383895 0.6917760372161865
40 4130.72502 4156.289207433332 8523.863948099483 0.7066640853881836
41 4130.72502 4149.9849226999995 6060.123147036105 0.7229640483856201
42 4130.72502 4149.765421333333 6127.998119241876 0.7378618717193604
43 4130.72502 4142.811767033332 3828.85313602881 0.7529418468475342
44 4130.72502 4148.1068983999985 6384.845638918493 0.7682740688323975
45 4130.72502 4151.640228633332 7619.601659285818 0.7825889587402344
46 4112.73422 4154.470827133332 7138.831454462398 0.7976200580596924
47 4112.73422 4152.004975133333 7085.339405110472 0.8125
48 4112.73422 4153.380128733333 7883.501216236473 0.8269200325012207
49 4112.73422 4145.918681833333 5713.13092971666 0.8415629863739014
50 4112.73422 4144.180544999999 6330.392925315959 0.8564839363098145
51 4112.73422 4149.080416499999 9777.604562167591 0.8706369400024414
52 4112.73422 4146.404106866667 9303.557899870937 0.8853027820587158
53 4112.73422 4146.154136966667 9093.27329299204 0.8995590209960938
54 4112.73422 4142.484176299999 8274.575119535313 0.9144039154052734
55 4112.73422 4131.5644803333325 4208.630436067183 0.929081916809082
56 4112.73422 4131.458120066665 4170.737768460383 0.9434950351715088
57 4112.73422 4135.857239266666 6625.717924839123 0.9581887722015381
58 4112.73422 4138.695988133332 7948.6111485742495 0.9731957912445068
59 4112.73422 4136.876987866666 7104.511613479029 0.9877579212188721
60 4112.73422 4132.807284966666 5160.9567306275885 1.001749038696289
61 4112.08022 4127.1737269333335 3089.9015936956475 1.0163109302520752
62 4112.08022 4127.754238533333 3919.370878675868 1.03187894821167
63 4112.08022 4140.132821666667 8554.435839016533 1.0470399856567383
64 4112.08022 4135.732450133334 6767.305683049336 1.0618247985839844
65 4112.08022 4138.605665733333 8627.755507181157 1.07680082321167
66 4112.08022 4131.306132333333 6194.332286018335 1.092695951461792
67 4112.08022 4135.6680365 7651.429098218211 1.1086618900299072
68 4112.08022 4132.972736433333 6269.643142796983 1.1248700618743896
69 4112.08022 4139.0550854 8305.075156788855 1.1398108005523682
70 4112.08022 4142.358551166667 10017.550703156774 1.1550590991973877
71 4112.08022 4144.365743333334 10523.839866836444 1.1705868244171143
72 4112.08022 4146.949519533333 11630.451337415616 1.1855618953704834
73 4112.08022 4139.026943433334 7355.273357016201 1.2006118297576904
74 4112.08022 4139.8554615 9096.563978240663 1.2154078483581543
75 4112.08022 4133.265374833334 6487.708599612236 1.2309761047363281
76 4112.08022 4135.360146066668 8620.861378890317 1.2462148666381836
77 4112.08022 4126.263900700001 4627.069464185491 1.2616698741912842
78 4112.08022 4128.1078268 5014.617834684843 1.2771689891815186
79 4112.08022 4129.119890166667 5749.2405441906485 1.2924559116363525
80 4112.08022 4132.505918066667 6760.59444927292 1.3073928356170654
81 4112.08022 4129.9066176666665 5450.075827104156 1.3232009410858154
82 4112.08022 4128.866526566666 5541.992672680979 1.3373520374298096
83 4112.08022 4131.396500066667 6269.8412316512 1.3513538837432861
84 4112.08022 4127.390899633334 4330.300951980405 1.3662610054016113
85 4112.08022 4126.2914104 3974.6076420828886 1.3810389041900635
86 4112.08022 4127.4809220666675 4871.9567788550385 1.3965568542480469
87 4112.08022 4123.9100964 3831.389702234427 1.4113049507141113
88 4112.08022 4124.185132133333 3168.304134473363 1.4256420135498047
89 4112.08022 4126.843034433334 3946.014778933802 1.440047025680542
90 4112.08022 4134.504800666667 6793.300695932066 1.4544129371643066
91 4112.08022 4132.514427566667 6114.587006126441 1.4693419933319092
92 4112.08022 4124.752771466668 4137.810909192989 1.4846470355987549
93 4112.08022 4121.8423456 3448.170782341592 1.4992148876190186
94 4112.08022 4131.790363200001 7134.345923510228 1.5137629508972168
95 4112.08022 4132.3338499 7297.628225119528 1.528747797012329
96 4112.08022 4131.9322354333335 6936.448433294905 1.5440080165863037
97 4112.08022 4128.701388566667 5376.807370323775 1.5586810111999512
98 4112.08022 4133.824058499999 7175.299648596813 1.5736851692199707
99 4112.08022 4133.810805833334 6773.536344548653 1.5887389183044434
100 4112.08022 4135.047426266668 7156.017531497876 1.603691816329956
101 4112.08022 4129.984816033333 6213.241779075017 1.618133783340454
102 4112.08022 4137.4834808333335 8880.347661862563 1.6327219009399414
103 4112.08022 4133.8138629 8671.220782622455 1.6479439735412598
104 4112.08022 4133.284694366666 6791.5123956521875 1.662566900253296
105 4112.08022 4131.2519884 5310.293695959762 1.678483009338379
106 4112.08022 4132.163559300001 6204.686649732819 1.6932430267333984
107 4112.08022 4128.9318251 4983.891241366244 1.709176778793335
108 4112.08022 4127.895816766666 4448.256481075385 1.724287986755371
109 4112.08022 4132.481335 6400.433468803432 1.739177942276001
110 4112.08022 4130.994108366666 6189.6699089889435 1.7546467781066895
111 4112.08022 4132.09726 6150.041570597411 1.7694778442382812
112 4112.08022 4138.191076866667 8692.095193529294 1.7844018936157227
113 4112.08022 4133.316036066667 7511.350169058299 1.799497127532959
114 4112.08022 4132.2924764 6644.415707584776 1.8146650791168213
115 4112.08022 4128.627766066667 5100.457472841022 1.829930067062378
116 4112.08022 4131.546272933334 6318.572234830161 1.845181941986084
117 4112.08022 4129.920561433333 5633.313040912662 1.8603160381317139
118 4112.08022 4132.2103541666675 6956.657306298029 1.8753108978271484
119 4112.08022 4135.365022966667 8076.23969213352 1.8897817134857178
120 4112.08022 4129.2364073 5437.212053796779 1.9042189121246338
121 4112.08022 4130.980221366666 6298.168950904105 1.9184048175811768
122 4112.08022 4132.772039 6788.673354759734 1.933241844177246
123 4112.08022 4133.283248866667 6284.875062476175 1.947798728942871
124 4112.08022 4129.041633333333 4909.570872223486 1.9622738361358643
125 4112.08022 4125.287228433333 4200.450190528085 1.9766039848327637
126 4112.08022 4129.1532416 6280.010896236939 1.992361068725586
127 4112.08022 4131.138480833333 6513.63144556103 2.0074830055236816
128 4112.08022 4135.157425166666 7978.180465780906 2.0218887329101562
129 4112.08022 4134.5805325 7189.810930387264 2.0364739894866943
130 4112.08022 4132.948950533334 8074.113951840473 2.0512070655822754
131 4112.08022 4128.223929366667 4905.994280814852 2.0662198066711426
132 4112.08022 4134.464707066667 7288.093236614025 2.080883026123047
133 4103.7545900000005 4134.8065306 5919.801674538116 2.0958428382873535
134 4103.7545900000005 4138.6855749999995 7031.799139524484 2.111224889755249
135 4103.7545900000005 4136.898437033335 6925.269859981681 2.1264400482177734
136 4103.7545900000005 4139.2228212 8309.008748682532 2.1410000324249268
137 4103.7545900000005 4137.518932033333 9611.40810014937 2.155735969543457
138 4103.7545900000005 4132.3676687666675 7548.349810195193 2.170991897583008
139 4103.7545900000005 4128.111127700001 5907.364370737196 2.1855599880218506
140 4103.7545900000005 4136.493890166667 9995.19372641086 2.200753927230835
141 4103.7545900000005 4129.958509533334 7498.733301803852 2.215545892715454
142 4103.7545900000005 4122.233921100001 4145.46237549475 2.229809045791626
143 4103.7545900000005 4123.911481133334 5530.649291138494 2.2450809478759766
144 4103.7545900000005 4119.988528433334 4160.500304952785 2.259925127029419
145 4103.7545900000005 4122.5113919000005 5523.021046473223 2.274528741836548
146 4103.7545900000005 4121.2517519 5669.969620170137 2.2892727851867676
147 4103.7545900000005 4125.7337303 7929.627013879496 2.303691864013672
148 4103.7545900000005 4123.370274500001 6420.593102357626 2.317697763442993
149 4103.7545900000005 4120.0671777 4870.693888622391 2.331977128982544
150 4103.7545900000005 4121.362464000001 5224.534405099627 2.3465077877044678
151 4103.7545900000005 4127.476597100001 7448.7265531154135 2.3618340492248535
152 4103.7545900000005 4130.061168000001 7572.015323692151 2.376981735229492
153 4103.7545900000005 4125.827104500001 6340.758866284353 2.392246961593628
154 4103.7545900000005 4119.567982833334 3775.680769637969 2.4070658683776855
155 4103.7545900000005 4126.6646038 7118.41329725505 2.421764850616455
156 4103.7545900000005 4124.719505566667 6257.387079011462 2.4364750385284424
157 4103.7545900000005 4118.790521366667 4408.122396011707 2.4511289596557617
158 4086.07503 4116.257480966668 3061.389178475307 2.465942859649658
159 4086.07503 4126.660846966667 6231.122578704626 2.479926824569702
160 4086.07503 4129.451570933333 7687.6331917577145 2.494004964828491
161 4086.07503 4136.769777833333 11447.602635190882 2.508552074432373
162 4086.07503 4126.4738321 8300.728846636383 2.523026943206787
163 4086.07503 4130.602608066667 11063.023562741668 2.5371859073638916
164 4086.07503 4118.610147666667 8387.714242162147 2.5520920753479004
165 4086.07503 4108.820498833334 4473.6638290095225 2.566931962966919
166 4086.07503 4108.077909333333 4101.948642672419 2.581291913986206
167 4086.07503 4109.512385966666 5989.888944252883 2.5963029861450195
168 4086.07503 4111.533882833332 7390.599645601061 2.6110527515411377
169 4086.07503 4111.1341974 7349.300653350552 2.6258440017700195
170 4086.07503 4106.813603 4945.677244142669 2.640500068664551
171 4086.07503 4106.8564762666665 5841.444064762825 2.6542749404907227
172 4086.07503 4103.894752333334 5794.872421079953 2.667933940887451
173 4086.07503 4099.5768253333335 4332.515178763083 2.6820168495178223
174 4086.07503 4108.550833733333 7089.148801231229 2.6962530612945557
175 4086.07503 4108.4334185 6572.060215749006 2.710646867752075
176 4086.07503 4108.8872202 6775.392578062434 2.725141763687134
177 4086.07503 4110.850258133334 7294.552652549522 2.739607810974121
178 4086.07503 4103.861450866667 5026.45320985636 2.7543179988861084
179 4086.07503 4106.331436433334 5322.7598140011405 2.7686169147491455
180 4086.07503 4109.076336333333 6972.998334767495 2.7825028896331787
181 4086.07503 4111.622851333333 8055.731115577716 2.7966959476470947
182 4086.07503 4111.835570666667 9475.051057108938 2.8110079765319824
183 4086.07503 4110.282178233333 8626.260794768576 2.8254129886627197
184 4086.07503 4105.2037457 6368.8601686061875 2.839906930923462
185 4086.07503 4103.586786566667 5917.760235491918 2.855046033859253
186 4086.07503 4102.2668065 4733.7487581450705 2.8699259757995605
187 4086.07503 4100.966209266667 4712.10300038043 2.8851048946380615
188 4086.07503 4099.526495233334 3656.437509349041 2.9004859924316406
189 4086.07503 4099.373942666667 3589.1172524709455 2.915395975112915
190 4086.07503 4096.359439033334 2532.0367998012593 2.93021297454834
191 4086.07503 4102.3009231999995 4957.742998612201 2.9441077709198
192 4086.07503 4101.297971766667 4468.301229227215 2.958096981048584
193 4086.07503 4101.318991200001 3780.16577519952 2.9721298217773438
194 4086.07503 4100.579146866667 4540.359992659358 2.9862349033355713
195 4086.07503 4099.406996633334 3904.642063029053 3.000225782394409
196 4086.07503 4108.4112614000005 8191.853931760481 3.01475191116333
197 4086.07503 4106.095004466667 7847.371879629173 3.030025005340576
198 4086.07503 4100.173813133334 4646.559361592043 3.043970823287964
199 4086.07503 4101.526523133333 5452.452693736576 3.058605909347534
200 4086.07503 4099.8543557 4137.310487946678 3.0726988315582275
201 4086.07503 4102.335641266667 4992.337360181597 3.0866761207580566
202 4086.07503 4108.5720918 7158.304234184773 3.1006407737731934
203 4086.07503 4108.8909545666675 7725.81111549347 3.1144800186157227
204 4086.07503 4109.315643399999 7266.096233846787 3.128204822540283
205 4086.07503 4103.1102138 5802.714089141579 3.1418869495391846
206 4086.07503 4104.909892566667 6781.659770952382 3.1559031009674072
207 4086.07503 4100.9089815 5101.160150566245 3.169707775115967
208 4086.07503 4103.2405069 6220.037963320769 3.183516025543213
209 4086.07503 4104.0295481 6463.496989236326 3.1974401473999023
210 4086.07503 4108.373727433333 7126.845851766855 3.2112479209899902
211 4086.07503 4105.336420533334 6803.248695900032 3.225296974182129
212 4086.07503 4104.715125166666 6444.272855541321 3.2393717765808105
213 4086.07503 4101.6953819 4280.805216748468 3.253945827484131
214 4086.07503 4102.282407466667 4677.361259275511 3.268744945526123
215 4086.07503 4104.546515666666 6420.698662584087 3.2830939292907715
216 4086.07503 4102.605105366666 5750.771548437104 3.297060966491699
217 4086.07503 4102.095745333333 5456.124009668098 3.3111441135406494
218 4086.07503 4106.6273114333335 7106.509134913485 3.325699806213379
219 4086.07503 4102.613309066666 5709.763364182242 3.340000867843628
220 4086.07503 4099.557338866667 4940.018389680991 3.3538949489593506
221 4086.07503 4098.992126266666 4257.6469425383475 3.367943048477173
222 4086.07503 4100.3242055 4105.235920836858 3.383002996444702
223 4086.07503 4099.3813284 3670.317547312663 3.397711992263794
224 4086.07503 4099.243120633333 4288.085963976946 3.4130730628967285
225 4086.07503 4099.5482785 4774.658392665487 3.4276719093322754
226 4086.07503 4098.9167943 4085.548078870618 3.4419710636138916
227 4086.07503 4099.746766266667 3360.683776437371 3.4563779830932617
228 4086.07503 4109.561036866667 7219.6950276380685 3.4704957008361816
229 4086.07503 4110.764066733333 7505.325912218212 3.4849398136138916
230 4086.07503 4105.7073672 6349.209622083445 3.4995200634002686
231 4086.07503 4112.909608966666 9548.370305176304 3.513889789581299
232 4086.07503 4110.157838533333 8231.529642345104 3.528320074081421
233 4086.07503 4109.1458763 7075.958213336927 3.543182849884033
234 4086.07503 4110.809896333333 7593.468268937273 3.559689998626709
235 4086.07503 4107.8854247 6928.766128983857 3.5749599933624268
236 4086.07503 4102.782330833334 5418.94403881855 3.590013027191162
237 4086.07503 4105.865040833333 7072.393700972819 3.6046628952026367
238 4086.07503 4103.471125166667 5483.198324134684 3.6194677352905273
239 4080.7428999999997 4104.658265266667 5409.274128913771 3.6338348388671875
240 4080.7428999999997 4108.5387191 6289.327761299226 3.648530960083008
241 4080.7428999999997 4111.375970466666 8078.772343409138 3.663177013397217
242 4080.7428999999997 4107.528006233334 7989.2413824619 3.678032875061035
243 4080.7428999999997 4114.253131066666 10503.682104903502 3.6925058364868164
244 4080.7428999999997 4117.098182199999 11080.461984426895 3.7072598934173584
245 4080.7428999999997 4110.5264781 9381.93336289695 3.7217178344726562
246 4080.7428999999997 4100.690555166667 7076.036626986067 3.735980749130249
247 4080.7428999999997 4105.9916312 8409.487433738863 3.750452995300293
248 4080.7428999999997 4106.319317533334 8333.668663586168 3.765077829360962
249 4080.7428999999997 4099.0515946 5287.281916425418 3.7795159816741943
The optimum value should be 4080.7429

4080.7428999999997 3.794236898422241

-------------------------------------------------------------------------------------------------------------------------

ROUND 3:
Generation, best, average, variance, time(s)
0 58741.2589 72758.26225026668 16881736.258928947 0.028191089630126953
1 23172.49968 69601.30780263334 36372384.66217941 0.07103514671325684
2 13262.567799999999 58912.235293066675 283045280.2289798 0.1050262451171875
3 7982.22454 47251.497314566666 444409967.3525747 0.13363313674926758
4 4801.08829 34875.19334073333 470582745.8769233 0.15715312957763672
5 4720.4878 27324.41496966667 438103989.75456256 0.17772912979125977
6 4330.6747 22036.298659933334 376311872.80728656 0.1966111660003662
7 4330.6747 17700.451627933333 303924291.6717732 0.2144629955291748
8 4330.6747 13775.054393033333 208260308.9704047 0.23137712478637695
9 4330.6747 11419.278185566667 145463382.8209687 0.24824190139770508
10 4316.49597 9728.574800766666 112883017.2007393 0.26470518112182617
11 4267.3884100000005 8138.867155533334 71243305.31695276 0.2810091972351074
12 4265.93627 7160.707380799999 48253586.62119732 0.29613327980041504
13 4220.81218 6568.823240166666 38422285.912803054 0.3112330436706543
14 4220.81218 6208.475414233333 29376743.924653567 0.32605814933776855
15 4220.81218 5757.674568566666 20816554.574992098 0.34101319313049316
16 4220.81218 5517.841271933334 18002253.759341322 0.3562192916870117
17 4220.81218 5253.018825100001 13906419.651781933 0.370988130569458
18 4220.81218 5100.9783130333335 11768898.91508309 0.38511013984680176
19 4155.53115 4924.119531533333 9255935.652495574 0.3990941047668457
20 4155.53115 4757.304543333333 6489811.021667293 0.4131760597229004
21 4155.53115 4599.188453966666 3950555.450184107 0.42687225341796875
22 4155.53115 4545.237856400001 3203931.6183185996 0.4404182434082031
23 4143.78874 4474.878600633334 2709992.136996806 0.4544682502746582
24 4143.78874 4406.346209933334 2210662.7052386813 0.46847105026245117
25 4143.78874 4291.6629087 582510.040329591 0.4824080467224121
26 4137.50551 4249.5392032 336999.5315818131 0.4963352680206299
27 4137.50551 4241.8662065 336475.7717084827 0.5108931064605713
28 4137.50551 4238.254267366667 337223.46228886285 0.5251212120056152
29 4137.50551 4229.515598533334 336435.19844182406 0.5393149852752686
30 4137.50551 4205.241098 164796.70453044507 0.5531270503997803
31 4137.50551 4205.7762888 171235.9815199009 0.5672361850738525
32 4118.732389999999 4188.7310334 73039.45166447955 0.5810341835021973
33 4110.90536 4182.368373366668 78633.14037829016 0.5950710773468018
34 4110.90536 4176.8601855 86869.89553410982 0.6096739768981934
35 4110.90536 4152.468690933334 6717.39202423252 0.6243462562561035
36 4105.74809 4147.953566933334 6291.1475834388 0.638322114944458
37 4103.7545900000005 4148.619375966667 7893.272159321333 0.653508186340332
38 4086.07503 4135.126969 6447.5229987388 0.6684119701385498
39 4086.07503 4129.712204266667 5873.422658485495 0.6823501586914062
40 4086.07503 4122.947971133333 7585.306132534458 0.6962029933929443
41 4080.7428999999997 4129.556299033334 9808.758435079855 0.7113909721374512
42 4080.7428999999997 4125.4652206 8218.588329851618 0.7258570194244385
43 4080.7428999999997 4118.522224366667 6415.2625576840865 0.7399141788482666
44 4080.7428999999997 4112.385753833333 5506.771408872628 0.7543931007385254
45 4080.7428999999997 4108.808506766666 5615.492438096292 0.7679922580718994
46 4080.7428999999997 4108.003190833333 6290.705789680259 0.7814960479736328
47 4080.7428999999997 4113.173592033333 9717.269360726927 0.7951281070709229
48 4080.7428999999997 4114.589625533334 11115.454211245575 0.8088781833648682
49 4080.7428999999997 4117.624774933333 12394.974605841328 0.822350263595581
50 4080.7428999999997 4112.156096566667 8713.365840111266 0.8367030620574951
51 4080.7428999999997 4121.7321175 12724.965385372103 0.8505241870880127
52 4080.7428999999997 4112.2312866 9453.07401364003 0.8645052909851074
53 4080.7428999999997 4111.438468366668 9421.973950538933 0.8788433074951172
54 4080.7428999999997 4109.595080166666 7373.582941777346 0.8971710205078125
55 4080.7428999999997 4105.8996114 6952.378546060166 0.9124140739440918
56 4080.7428999999997 4104.7492127 7481.809993554034 0.9277660846710205
57 4080.7428999999997 4100.156234666667 6881.317601097231 0.9431321620941162
58 4080.7428999999997 4098.0381793999995 6447.603332851983 0.9579930305480957
59 4080.7428999999997 4098.5454702 5529.7978830324855 0.9733560085296631
60 4080.7428999999997 4096.680883566667 4739.023610476563 0.9881470203399658
61 4080.7428999999997 4098.0661740666665 5903.473637801749 1.002925157546997
62 4080.7428999999997 4101.260439766667 6491.636569996818 1.0185480117797852
63 4080.7428999999997 4105.574892466667 8558.887116695367 1.033440113067627
64 4080.7428999999997 4101.043405666666 6335.781314738624 1.0484840869903564
65 4080.7428999999997 4104.837566966667 7404.934214034861 1.0636680126190186
66 4080.7428999999997 4106.904385433334 8026.108102967997 1.0793471336364746
67 4080.7428999999997 4100.799986533333 5596.74982569925 1.094346046447754
68 4080.7428999999997 4101.329101666667 5732.740570382783 1.1098260879516602
69 4080.7428999999997 4105.706702933333 7210.998246784535 1.1251800060272217
70 4080.7428999999997 4101.611658033334 6677.53353865535 1.1402621269226074
71 4080.7428999999997 4106.178053933333 8349.125283838679 1.1560509204864502
72 4080.7428999999997 4100.840864433333 6325.309624488565 1.171438217163086
73 4080.7428999999997 4097.6646838 5882.413653530179 1.18687105178833
74 4080.7428999999997 4102.982197533333 7785.894373604522 1.2015533447265625
75 4080.7428999999997 4102.4958994 7820.169952994391 1.2157611846923828
76 4080.7428999999997 4104.840775500001 8598.927496445975 1.2295989990234375
77 4080.7428999999997 4108.198574666667 9276.83646594603 1.2439932823181152
78 4080.7428999999997 4100.3379184333335 5460.527247668861 1.258458137512207
79 4080.7428999999997 4101.041088166667 6649.675551931901 1.2733519077301025
80 4080.7428999999997 4101.329311633333 8625.415852515027 1.2885372638702393
81 4080.7428999999997 4100.1332545333335 6652.058090451072 1.3033781051635742
82 4080.7428999999997 4099.459893866667 6554.8515250112005 1.3178870677947998
83 4080.7428999999997 4103.969993866666 8219.840388898192 1.3320741653442383
84 4080.7428999999997 4102.036955366666 7489.961548283371 1.3473341464996338
85 4080.7428999999997 4104.6494662333325 8089.38432675709 1.361875057220459
86 4080.7428999999997 4098.346471633334 6271.995947422712 1.3761601448059082
87 4080.7428999999997 4101.470352066667 8283.873905837741 1.390268087387085
88 4080.7428999999997 4110.246232966667 12236.159839636566 1.404515266418457
89 4080.7428999999997 4114.647319066666 13788.313133487003 1.4191741943359375
90 4080.7428999999997 4108.173962033334 8945.269499876335 1.4331142902374268
91 4080.7428999999997 4104.950189066667 8354.021407930657 1.447115182876587
92 4080.7428999999997 4104.397458933333 7258.332579680551 1.4611079692840576
93 4080.7428999999997 4105.534957033334 9634.83974103175 1.4747531414031982
94 4080.7428999999997 4108.189975966667 10416.241514675607 1.4884002208709717
95 4080.7428999999997 4106.552238233333 10116.950941457724 1.5024101734161377
96 4080.7428999999997 4105.752066833334 10110.056343007665 1.5160210132598877
97 4080.7428999999997 4103.908114733334 10225.82755433519 1.5298221111297607
98 4080.7428999999997 4096.955227 6039.334644531161 1.5437612533569336
99 4080.7428999999997 4099.7817626666665 7918.453803163718 1.5575852394104004
100 4080.7428999999997 4100.768092433334 7067.715419232461 1.5715830326080322
101 4080.7428999999997 4104.069139933333 9125.591606179263 1.5853209495544434
102 4080.7428999999997 4107.277261333334 9110.812073420528 1.5991990566253662
103 4080.7428999999997 4109.252573233333 11858.079124227734 1.6129200458526611
104 4080.7428999999997 4096.119907766666 5049.870520735296 1.6269550323486328
105 4080.7428999999997 4102.777933933333 8227.037356935936 1.6406991481781006
106 4080.7428999999997 4102.8819582333335 7192.675840312905 1.6543750762939453
107 4080.7428999999997 4093.9503729666662 3538.1978904443063 1.668381929397583
108 4080.7428999999997 4100.876755 6120.083044903623 1.6824641227722168
109 4080.7428999999997 4103.728958633333 7254.311671873809 1.6966252326965332
110 4080.7428999999997 4103.392564 7775.864937930328 1.711259126663208
111 4080.7428999999997 4101.582715833333 6843.778439031593 1.727858066558838
112 4080.7428999999997 4104.2882568 8637.628945994362 1.7421691417694092
113 4080.7428999999997 4104.9866053999995 8760.769228572175 1.756580114364624
114 4080.7428999999997 4093.4025601333333 4446.130161631977 1.7716090679168701
115 4080.7428999999997 4099.7230244 6527.681400505275 1.7861130237579346
116 4080.7428999999997 4102.1335749 6205.464089322868 1.8010382652282715
117 4080.7428999999997 4100.623252466667 6334.231956141379 1.815398931503296
118 4080.7428999999997 4101.508025166667 6605.059341439706 1.8304052352905273
119 4080.7428999999997 4099.118650066666 6087.368947190605 1.8453340530395508
120 4080.7428999999997 4104.4430155 7877.946942031967 1.8601610660552979
121 4080.7428999999997 4109.517773966667 9414.914113807734 1.874514102935791
122 4080.7428999999997 4104.323483966667 7691.833429525974 1.889409065246582
123 4080.7428999999997 4096.641626466667 4955.883871184379 1.9035301208496094
124 4080.7428999999997 4099.554507866666 6474.5794237558075 1.9181711673736572
125 4080.7428999999997 4097.226581100001 4942.239233316171 1.9331910610198975
126 4080.7428999999997 4100.4884892 5917.37156565755 1.947620153427124
127 4080.7428999999997 4100.4427178666665 5518.108242578728 1.9619672298431396
128 4080.7428999999997 4098.1621888 5476.9771164297 1.9761731624603271
129 4080.7428999999997 4099.893252166667 6744.679295765577 1.9909310340881348
130 4080.7428999999997 4100.868540466667 6543.112390922756 2.0052192211151123
131 4080.7428999999997 4100.3233112 6358.722848889861 2.0196101665496826
132 4080.7428999999997 4094.1344909666664 4024.4057449887173 2.033543109893799
133 4080.7428999999997 4102.434140833333 6596.539611861553 2.047434091567993
134 4080.7428999999997 4099.554110566666 5741.227944491565 2.061624050140381
135 4080.7428999999997 4103.5239326 7154.540663333126 2.075460195541382
136 4080.7428999999997 4092.4246913666666 3676.334539110555 2.089412212371826
137 4080.7428999999997 4095.3916112333336 4273.534472743014 2.1034440994262695
138 4080.7428999999997 4097.2973481 4562.508684866032 2.117319107055664
139 4080.7428999999997 4095.7293970333335 4307.849820662033 2.131185293197632
140 4080.7428999999997 4103.485552866667 7859.782855505285 2.1455602645874023
141 4080.7428999999997 4102.4398205 7525.662319393508 2.1594440937042236
142 4080.7428999999997 4098.410613933333 5662.2267153820285 2.173354148864746
143 4080.7428999999997 4105.6279848 8208.190540578707 2.1875970363616943
144 4080.7428999999997 4096.9409217 5625.820024169249 2.2014191150665283
145 4080.7428999999997 4102.3086904 7019.2531581809235 2.2151670455932617
146 4080.7428999999997 4110.382521733333 9824.8845997097 2.2290241718292236
147 4080.7428999999997 4106.5889405 8965.155239451215 2.2434680461883545
148 4080.7428999999997 4105.731056433333 8606.456637511925 2.2581191062927246
149 4080.7428999999997 4100.679396466667 6302.753824500777 2.272822141647339
150 4080.7428999999997 4097.323062433334 4650.501342636176 2.286771059036255
151 4080.7428999999997 4096.748191 4516.005226829786 2.3009679317474365
152 4080.7428999999997 4102.724229233333 6726.2534876706595 2.315155029296875
153 4080.7428999999997 4098.746084199999 5873.809856459732 2.3289260864257812
154 4080.7428999999997 4100.879613733334 6509.965286298653 2.3426101207733154
155 4080.7428999999997 4096.4099789 5097.434070863112 2.3562769889831543
156 4080.7428999999997 4105.021427433333 8080.783655593836 2.3697350025177
157 4080.7428999999997 4103.3688812 8176.223245475039 2.383455991744995
158 4080.7428999999997 4095.4278669333335 5135.342408394038 2.3977479934692383
159 4080.7428999999997 4103.9426576333335 7147.866801870943 2.413187265396118
160 4080.7428999999997 4110.361316333334 10007.124708260997 2.4280662536621094
161 4080.7428999999997 4107.325805166666 9085.959001823356 2.4421801567077637
162 4080.7428999999997 4109.916277833333 10673.029914544912 2.456336259841919
163 4080.7428999999997 4106.490561166666 10704.013060460537 2.470633029937744
164 4080.7428999999997 4114.445324599999 15367.032563380835 2.4846112728118896
165 4080.7428999999997 4116.460899033333 16083.26853615487 2.4989030361175537
166 4080.7428999999997 4111.3448333 10612.39087929215 2.5136661529541016
167 4080.7428999999997 4100.882932 6470.063174384896 2.5286121368408203
168 4080.7428999999997 4101.7836294 6101.4268742756285 2.54318904876709
169 4080.7428999999997 4097.818681833332 5627.123232626887 2.5578932762145996
170 4080.7428999999997 4093.7656650000004 3781.114651108647 2.5728299617767334
171 4080.7428999999997 4097.412036966667 5152.06878426451 2.5873260498046875
172 4080.7428999999997 4100.455107433333 6272.572967388778 2.6018481254577637
173 4080.7428999999997 4102.455314066667 7279.7433261895585 2.615967035293579
174 4080.7428999999997 4107.312052033333 10714.482120995453 2.62988018989563
175 4080.7428999999997 4106.697944033333 9368.086444690925 2.643738269805908
176 4080.7428999999997 4100.259088533333 6063.946323994655 2.6576929092407227
177 4080.7428999999997 4100.256403266667 6801.618383025131 2.6715762615203857
178 4080.7428999999997 4096.686128066666 4669.757129102636 2.685988187789917
179 4080.7428999999997 4103.9171408 7407.964440392884 2.7006993293762207
180 4080.7428999999997 4093.2432150666664 3985.459245234866 2.7155051231384277
181 4080.7428999999997 4095.403123933333 5064.402085953236 2.7298362255096436
182 4080.7428999999997 4094.5080394 4542.461893872399 2.7442262172698975
183 4080.7428999999997 4092.666277066666 3319.288222099716 2.758136034011841
184 4080.7428999999997 4096.788189633334 5106.507702001375 2.772325277328491
185 4080.7428999999997 4099.055981166667 6201.235464566201 2.7863690853118896
186 4080.7428999999997 4100.172672533333 6820.267701312659 2.8012192249298096
187 4080.7428999999997 4097.797445466667 5669.368354763746 2.81516695022583
188 4080.7428999999997 4104.3439341 9503.890166127656 2.829267978668213
189 4080.7428999999997 4103.4762836 10652.75742213816 2.8435373306274414
190 4080.7428999999997 4099.5513916 7295.532018971283 2.8575031757354736
191 4080.7428999999997 4103.151895633334 8114.325318021641 2.8712410926818848
192 4080.7428999999997 4103.231323200001 8452.782685276468 2.884942054748535
193 4080.7428999999997 4099.5702931333335 6982.392603173653 2.898435115814209
194 4080.7428999999997 4102.004780066667 8866.305695527568 2.9121222496032715
195 4080.7428999999997 4104.5232563 7977.400985210519 2.925853967666626
196 4080.7428999999997 4097.740773433334 5332.113697960434 2.939777135848999
197 4080.7428999999997 4096.127381866666 4403.940914772607 2.953900098800659
198 4080.7428999999997 4104.196921733333 7324.0058291235255 2.9678001403808594
199 4080.7428999999997 4102.6029701 7075.351867002707 2.9819111824035645
200 4080.7428999999997 4099.692728800001 7293.933538585212 2.9962711334228516
201 4080.7428999999997 4098.1365442 6195.19554697386 3.0103659629821777
202 4080.7428999999997 4101.984746 8022.053343743677 3.0243022441864014
203 4080.7428999999997 4102.234868733333 7805.150720077393 3.0383901596069336
204 4080.7428999999997 4098.5695151 5700.6465216292345 3.052402973175049
205 4080.7428999999997 4099.261866700001 5562.417529861419 3.0664851665496826
206 4080.7428999999997 4099.625653466666 5879.897388957877 3.0806801319122314
207 4080.7428999999997 4105.588939766667 8444.143253344424 3.094978094100952
208 4080.7428999999997 4108.7420508 9399.662938979958 3.109419107437134
209 4080.7428999999997 4104.424077033333 9055.024260049955 3.1244401931762695
210 4080.7428999999997 4099.173238766667 7305.347811787818 3.139101028442383
211 4080.7428999999997 4100.725125800001 8149.168848318883 3.1540281772613525
212 4080.7428999999997 4098.605917299999 6047.158581883493 3.168619155883789
213 4080.7428999999997 4103.7749343666665 8178.910353842499 3.1829640865325928
214 4080.7428999999997 4109.039001566667 9677.076462103274 3.197589159011841
215 4080.7428999999997 4100.4608598 7385.098816740133 3.2118022441864014
216 4080.7428999999997 4095.6550606000005 4449.947973232103 3.225675106048584
217 4080.7428999999997 4099.612412533334 6026.562517027395 3.239598274230957
218 4080.7428999999997 4098.251132933333 4981.269887230937 3.2544140815734863
219 4080.7428999999997 4098.552903466666 6077.472696829145 3.269071102142334
220 4080.7428999999997 4096.685130666667 5256.765997280694 3.2839272022247314
221 4080.7428999999997 4096.0464047333335 5253.63998508052 3.298738956451416
222 4080.7428999999997 4098.0218418 5430.2559055821675 3.3128421306610107
223 4080.7428999999997 4100.4771943999995 6243.640864389791 3.326869010925293
224 4080.7428999999997 4104.8812394666675 8527.246444393182 3.3410491943359375
225 4080.7428999999997 4107.663067766667 9537.792237796644 3.354943037033081
226 4080.7428999999997 4099.732795466666 6029.393201267863 3.369112253189087
227 4080.7428999999997 4105.808210433333 9145.509828305203 3.383012294769287
228 4080.7428999999997 4102.0879273 6978.182166612173 3.397067070007324
229 4080.7428999999997 4104.563635833333 9159.576630172542 3.411128044128418
230 4080.7428999999997 4104.332648833332 8437.2372845057 3.4254491329193115
231 4080.7428999999997 4105.095588166667 9099.867576267523 3.43928599357605
232 4080.7428999999997 4102.582880333333 8755.159352893466 3.4536242485046387
233 4080.7428999999997 4096.227783266667 4991.326307699891 3.468053102493286
234 4080.7428999999997 4101.754893333333 6887.716471896522 3.4818670749664307
235 4080.7428999999997 4102.808112133333 7411.518471358918 3.4956119060516357
236 4080.7428999999997 4095.5004915999994 5090.779039520757 3.509615182876587
237 4080.7428999999997 4099.963424133332 6907.642635474381 3.5237152576446533
238 4080.7428999999997 4093.565878233334 4657.117098642535 3.5377981662750244
239 4080.7428999999997 4092.932752833334 4629.86669484403 3.552051067352295
240 4080.7428999999997 4095.7708950333326 5502.744894930929 3.5658071041107178
241 4080.7428999999997 4100.1214888333325 5774.2551810108525 3.5797061920166016
242 4080.7428999999997 4095.1186410333335 4317.753322435354 3.5941672325134277
243 4080.7428999999997 4097.459583133334 4903.044102464642 3.608034133911133
244 4080.7428999999997 4097.097379633334 4797.6897907833045 3.622159242630005
245 4080.7428999999997 4102.890192533334 7375.791681962016 3.6365911960601807
246 4080.7428999999997 4105.112408 7212.7098494248685 3.650567054748535
247 4080.7428999999997 4098.000255266667 5437.07266508551 3.665074110031128
248 4080.7428999999997 4094.998325033334 3902.843134513114 3.6798579692840576
249 4080.7428999999997 4094.990340866667 4209.9914801089635 3.6942710876464844
The optimum value should be 4080.7429

4080.7428999999997 3.7089731693267822

